1.05675696845394,0.983695684292908,0.162655941552598,0.171893564189614,0.0520813755414529,0.143831454704149,0.0457203064519405,0.195351920476683,0.0677485677196086,0.149221816523906,0.126360052299727,0.253055256798782,0.253480372575128,0.249910291310564,0.311857229578455,0.104027019462696,0.0880325447456047,0.247183780674936,0.323232125307052,0.00206144040299616,0.0426527000378947,0.00541096636578464,0.0698904103367957,0.000467020718294631,0.000527726202009582,0.0125292863939079,0.150201490257665,0.241615220574729,0.00145031647537719,0.45518531372617
0.983695684292908,2.22186276768264,0.0927936751541998,0.100595909887413,0.00468639977430341,0.0716216160264951,0.00185589966865063,0.122783849836822,0.0111892867512484,0.501872307520074,0.463883795263352,0.683589183013896,0.680998499993676,0.678835449439955,0.81125629946231,0.441686576858257,0.400822299368823,0.685650742367095,0.842761841195797,0.0335915864567364,0.266004928188731,0.0225502997544074,0.355482339764344,0.0491625324970917,0.0791366299315817,0.00997681489286073,0.585096923980447,0.809412074382221,0.0939407166449167,1.26724080381755
0.162655941552598,0.0927936751541998,1.19399128714527,1.19392659669763,1.0503225363459,1.17040787228825,1.04534600118635,1.19240929377726,1.08729197310323,0.27320638990109,0.323849176448843,0.133515092938367,0.131356329870799,0.136881526932317,0.0964866520713086,0.401617317019548,0.436096547652202,0.145912221247612,0.0926939844119374,0.863733966199006,0.548780687146304,0.904211787765388,0.484374804356193,0.846935177049009,0.79336453971376,0.948917285695388,0.347541768491909,0.232200898221337,0.783119799222415,0.0649352868492312
0.171893564189614,0.100595909887413,1.19392659669763,1.32560331082446,1.15524237885021,1.2961679670705,1.152544832146,1.32332087398677,1.20048799699248,0.292637260810336,0.348427405321062,0.141379573143555,0.139019101131442,0.144998840802451,0.102029137417196,0.435845287651917,0.473900904829035,0.154874548465026,0.09807210376705,0.947781310862248,0.597926313451783,0.994446085320945,0.527640366233431,0.9306833056775,0.870789327756382,1.04511564669015,0.378075833492389,0.251731942604799,0.860386117944267,0.0694588869635981
0.0520813755414529,0.00468639977430341,1.0503225363459,1.15524237885021,3.19110472467889,2.48889864907886,3.18400048362176,2.10467584034367,3.18060853319466,1.08006478810969,1.270445330802,0.625783438104157,0.615297847604155,0.637081868824362,0.532478771906967,1.63203286829864,1.74124825938149,0.679538414964603,0.529683817632834,2.8556875967523,2.05205531008765,2.97146326227555,1.90878446613007,2.8585053060898,2.73609847341589,3.06063128762436,1.56215880787863,1.20605249759115,2.73824325696632,0.578779383525206
0.143831454704149,0.0716216160264951,1.17040787228825,1.2961679670705,2.48889864907886,2.90898232438607,2.60984363937658,2.49428135846774,2.72000052370341,0.666063348738852,0.800416986542842,0.34253978735157,0.336292337988989,0.350260094985793,0.270107284531937,1.05199374415118,1.13933312937172,0.376029615342564,0.265181281339223,2.1565973551622,1.40344858994637,2.29602034283711,1.27302860788887,2.16797293406932,2.03597055792113,2.41834950570445,0.973391007445116,0.691637377823626,2.0412019537188,0.251152598638622
0.0457203064519405,0.00185589966865063,1.04534600118635,1.152544832146,3.18400048362176,2.60984363937658,4.32914358979853,2.19611817917864,4.01945639558171,1.2870815695355,1.53411937292939,0.73964604197615,0.726296097281859,0.753089845917001,0.638003021594546,2.06189006377196,2.20915073408198,0.807268871239129,0.637745884526489,3.70323427571414,2.60889974162758,3.96352695310622,2.45118822561462,3.80369193322155,3.61748504511081,4.12890798750872,2.03315961395024,1.5712383301304,3.66112791245079,0.756118333283648
0.195351920476683,0.122783849836822,1.19240929377726,1.32332087398677,2.10467584034367,2.49428135846774,2.19611817917864,2.61747153184429,2.3056947123798,0.493945086480035,0.600767283445405,0.234750237837911,0.230236988878297,0.240785184035718,0.17496864504484,0.795839741493176,0.868955498851087,0.259607941968839,0.170029311585956,1.7700357158553,1.09747649108415,1.89333033879043,0.979595064238739,1.77274298562222,1.65181016921089,2.00774358792017,0.717578583510037,0.483698351793034,1.65217063814046,0.142438276220872
0.0677485677196086,0.0111892867512484,1.08729197310323,1.20048799699248,3.18060853319466,2.72000052370341,4.01945639558171,2.3056947123798,4.17915161776092,1.13678295309249,1.35995361398802,0.636366721903752,0.624749756947981,0.64854965860636,0.53939263202118,1.82913698409419,1.96587734758397,0.695878629981082,0.537464446219243,3.40072468275346,2.34545283221214,3.65535822061148,2.18877161024037,3.4942061684617,3.3086219896041,3.83371788648066,1.78557269027525,1.35429825694961,3.35159413844152,0.615035392785046
0.149221816523906,0.501872307520074,0.27320638990109,0.292637260810336,1.08006478810969,0.666063348738852,1.2870815695355,0.493945086480035,1.13678295309249,2.92268711982743,2.88436108679316,2.04144812682019,2.00753471092699,2.0648457020173,1.96995127211444,2.85990609784103,2.82150872240878,2.19656996395723,2.00216862377024,1.85665419190823,2.62688217435513,1.83200666518118,2.77174277214804,2.02225702524323,2.15980151275482,1.73056992004715,2.91777156774685,2.88164830682542,2.25045346421263,2.39040504318131
0.126360052299727,0.463883795263352,0.323849176448843,0.348427405321062,1.270445330802,0.800416986542842,1.53411937292939,0.600767283445405,1.35995361398802,2.88436108679316,3.36595745771402,2.00462976474709,1.970172627674,2.02814168443913,1.9401605669642,3.33811051686213,3.30289409401449,2.16368767692707,1.97709913534831,2.19628868830574,3.09154102993935,2.1815264591354,3.25296595526978,2.40678150766417,2.56561728992182,2.06830198384736,3.36478521202788,3.24865914219233,2.67860462722241,2.54072504522458
0.253055256798782,0.683589183013896,0.133515092938367,0.141379573143555,0.625783438104157,0.34253978735157,0.73964604197615,0.234750237837911,0.636366721903752,2.04144812682019,2.00462976474709,2.23554491271309,2.19548087374911,2.23077590032504,2.12718361974709,1.99175591889124,1.94539593000105,2.22966986976126,2.13204255952829,1.14505218117462,1.75309123231476,1.11362995879858,1.89184738300015,1.25206130888117,1.35851994881217,1.0345780280193,2.1135391762966,2.21651605893402,1.42261141559974,2.14197419201143
0.253480372575128,0.680998499993676,0.131356329870799,0.139019101131442,0.615297847604155,0.336292337988989,0.726296097281859,0.230236988878297,0.624749756947981,2.00753471092699,1.970172627674,2.19548087374911,2.19606666277738,2.19225429746358,2.10567594888439,1.95558005721262,1.91003603518603,2.18975525993198,2.10744852038859,1.12467524551,1.72152063870482,1.09318319937644,1.85721628375267,1.22893035195633,1.33349164083772,1.01531516147353,2.07460297340413,2.17645298987832,1.3958944487467,2.10762534965171
0.249910291310564,0.678835449439955,0.136881526932317,0.144998840802451,0.637081868824362,0.350260094985793,0.753089845917001,0.240785184035718,0.64854965860636,2.0648457020173,2.02814168443913,2.23077590032504,2.19225429746358,2.25447322140644,2.12836349326004,2.01544943932891,1.96903723667255,2.25152170667612,2.13533258581084,1.16295181830727,1.77594779131336,1.13157949716488,1.91539981648303,1.27145376156772,1.37884133218702,1.05185134968445,2.13670432222431,2.23755237478255,1.44370051910165,2.15403829032853
0.311857229578455,0.81125629946231,0.0964866520713086,0.102029137417196,0.532478771906967,0.270107284531937,0.638003021594546,0.17496864504484,0.53939263202118,1.96995127211444,1.9401605669642,2.12718361974709,2.10567594888439,2.12836349326004,2.33928601240076,1.94684410255714,1.89294056128805,2.18046217242711,2.33427248357217,1.03688764957792,1.67428318475545,1.00549954720118,1.83375202596402,1.14637908744305,1.25621931883397,0.926217328857478,2.11113548421329,2.26768636402917,1.32466805039828,2.30427567187949
0.104027019462696,0.441686576858257,0.401617317019548,0.435845287651917,1.63203286829864,1.05199374415118,2.06189006377196,0.795839741493176,1.82913698409419,2.85990609784103,3.33811051686213,1.99175591889124,1.95558005721262,2.01544943932891,1.94684410255714,4.89718491662435,4.81311552873602,2.15906209286269,1.99397964848872,2.9730239287288,4.34313789764364,3.02769059560444,4.74890797702931,3.38478699271642,3.62201889088051,2.88943276470687,4.81814560023844,4.38265394100232,3.86350573391993,3.02272760115632
0.0880325447456047,0.400822299368823,0.436096547652202,0.473900904829035,1.74124825938149,1.13933312937172,2.20915073408198,0.868955498851087,1.96587734758397,2.82150872240878,3.30289409401449,1.94539593000105,1.91003603518603,1.96903723667255,1.89294056128805,4.81311552873602,5.07145196010037,2.1095418399641,1.9372802500777,3.15858585044733,4.5743489900969,3.23020661342135,5.00210149481665,3.60682723064605,3.85314741464331,3.09056468427715,4.88937579586336,4.36207508111654,4.11213028587511,2.94093049661052
0.247183780674936,0.685650742367095,0.145912221247612,0.154874548465026,0.679538414964603,0.376029615342564,0.807268871239129,0.259607941968839,0.695878629981082,2.19656996395723,2.16368767692707,2.22966986976126,2.18975525993198,2.25152170667612,2.18046217242711,2.15906209286269,2.1095418399641,2.4089035375895,2.20347010803969,1.24481732400544,1.90168042371726,1.21400713998141,2.0532231484764,1.36452965158221,1.47935222123136,1.1297157782975,2.29080662420302,2.39475069774415,1.55106313408454,2.28395774140964
0.323232125307052,0.842761841195797,0.0926939844119374,0.09807210376705,0.529683817632834,0.265181281339223,0.637745884526489,0.170029311585956,0.537464446219243,2.00216862377024,1.97709913534831,2.13204255952829,2.10744852038859,2.13533258581084,2.33427248357217,1.99397964848872,1.9372802500777,2.20347010803969,2.43175984339427,1.04602000794335,1.70690778462519,1.01481212540936,1.87609919422322,1.16042627803247,1.2739568200001,0.933660570219033,2.17402763923761,2.34566521298315,1.3461763614484,2.40132643740983
0.00206144040299616,0.0335915864567364,0.863733966199006,0.947781310862248,2.8556875967523,2.1565973551622,3.70323427571414,1.7700357158553,3.40072468275346,1.85665419190823,2.19628868830574,1.14505218117462,1.12467524551,1.16295181830727,1.03688764957792,2.9730239287288,3.15858585044733,1.24481732400544,1.04602000794335,4.8244394871307,3.62114860730544,4.79287679337346,3.47240625572551,4.80732865169297,4.70344946574193,4.69632148453021,3.01984364099532,2.4586666014833,4.70640176423312,1.37280968126625
0.0426527000378947,0.266004928188731,0.548780687146304,0.597926313451783,2.05205531008765,1.40344858994637,2.60889974162758,1.09747649108415,2.34545283221214,2.62688217435513,3.09154102993935,1.75309123231476,1.72152063870482,1.77594779131336,1.67428318475545,4.34313789764364,4.5743489900969,1.90168042371726,1.70690778462519,3.62114860730544,5.07583955665608,3.71810667192435,4.91809338424465,4.10794662730813,4.35340859020288,3.5778879073401,4.47453407487905,3.87109895012369,4.58275729002301,2.49436193066579
0.00541096636578464,0.0225502997544074,0.904211787765388,0.994446085320945,2.97146326227555,2.29602034283711,3.96352695310622,1.89333033879043,3.65535822061148,1.83200666518118,2.1815264591354,1.11362995879858,1.09318319937644,1.13157949716488,1.00549954720118,3.02769059560444,3.23020661342135,1.21400713998141,1.01481212540936,4.79287679337346,3.71810667192435,5.52095103136022,3.59119934756485,5.34959777272062,5.11731889888681,5.38072595594483,3.13078210093895,2.52100796525713,5.21117424889778,1.36295070181862
0.0698904103367957,0.355482339764344,0.484374804356193,0.527640366233431,1.90878446613007,1.27302860788887,2.45118822561462,0.979595064238739,2.18877161024037,2.77174277214804,3.25296595526978,1.89184738300015,1.85721628375267,1.91539981648303,1.83375202596402,4.74890797702931,5.00210149481665,2.0532231484764,1.87609919422322,3.47240625572551,4.91809338424465,3.59119934756485,5.58248273783419,4.01811841658377,4.28811517644904,3.45171950030256,5.12206441939405,4.45423218734646,4.61293437717462,2.90121919591568
0.000467020718294631,0.0491625324970917,0.846935177049009,0.9306833056775,2.8585053060898,2.16797293406932,3.80369193322155,1.77274298562222,3.4942061684617,2.02225702524323,2.40678150766417,1.25206130888117,1.22893035195633,1.27145376156772,1.14637908744305,3.38478699271642,3.60682723064605,1.36452965158221,1.16042627803247,4.80732865169297,4.10794662730813,5.34959777272062,4.01811841658377,5.93444545510049,5.67191420851141,5.27669513890301,3.56614521344835,2.90638788211559,5.79178965403005,1.62130100407727
0.000527726202009582,0.0791366299315817,0.79336453971376,0.870789327756382,2.73609847341589,2.03597055792113,3.61748504511081,1.65181016921089,3.3086219896041,2.15980151275482,2.56561728992182,1.35851994881217,1.33349164083772,1.37884133218702,1.25621931883397,3.62201889088051,3.85314741464331,1.47935222123136,1.2739568200001,4.70344946574193,4.35340859020288,5.11731889888681,4.28811517644904,5.67191420851141,5.97064383670936,5.01954681505143,3.84461551395552,3.16572445294951,5.96023579756712,1.81533659357655
0.0125292863939079,0.00997681489286073,0.948917285695388,1.04511564669015,3.06063128762436,2.41834950570445,4.12890798750872,2.00774358792017,3.83371788648066,1.73056992004715,2.06830198384736,1.0345780280193,1.01531516147353,1.05185134968445,0.926217328857478,2.88943276470687,3.09056468427715,1.1297157782975,0.933660570219033,4.69632148453021,3.5778879073401,5.38072595594483,3.45171950030256,5.27669513890301,5.01954681505143,5.75168553733625,2.99134163322162,2.38154199758895,5.18146010426121,1.24543416002429
0.150201490257665,0.585096923980447,0.347541768491909,0.378075833492389,1.56215880787863,0.973391007445116,2.03315961395024,0.717578583510037,1.78557269027525,2.91777156774685,3.36478521202788,2.1135391762966,2.07460297340413,2.13670432222431,2.11113548421329,4.81814560023844,4.88937579586336,2.29080662420302,2.17402763923761,3.01984364099532,4.47453407487905,3.13078210093895,5.12206441939405,3.56614521344835,3.84461551395552,2.99134163322162,6.4726875314172,5.66942244622479,4.23734938217424,3.77030967737382
0.241615220574729,0.809412074382221,0.232200898221337,0.251731942604799,1.20605249759115,0.691637377823626,1.5712383301304,0.483698351793034,1.35429825694961,2.88164830682542,3.24865914219233,2.21651605893402,2.17645298987832,2.23755237478255,2.26768636402917,4.38265394100232,4.36207508111654,2.39475069774415,2.34566521298315,2.4586666014833,3.87109895012369,2.52100796525713,4.45423218734646,2.90638788211559,3.16572445294951,2.38154199758895,5.66942244622479,6.38612828134684,3.49631124516377,4.3726567659092
0.00145031647537719,0.0939407166449167,0.783119799222415,0.860386117944267,2.73824325696632,2.0412019537188,3.66112791245079,1.65217063814046,3.35159413844152,2.25045346421263,2.67860462722241,1.42261141559974,1.3958944487467,1.44370051910165,1.32466805039828,3.86350573391993,4.11213028587511,1.55106313408454,1.3461763614484,4.70640176423312,4.58275729002301,5.21117424889778,4.61293437717462,5.79178965403005,5.96023579756712,5.18146010426121,4.23734938217424,3.49631124516377,6.91813014472078,2.00127993476894
0.45518531372617,1.26724080381755,0.0649352868492312,0.0694588869635981,0.578779383525206,0.251152598638622,0.756118333283648,0.142438276220872,0.615035392785046,2.39040504318131,2.54072504522458,2.14197419201143,2.10762534965171,2.15403829032853,2.30427567187949,3.02272760115632,2.94093049661052,2.28395774140964,2.40132643740983,1.37280968126625,2.49436193066579,1.36295070181862,2.90121919591568,1.62130100407727,1.81533659357655,1.24543416002429,3.77030967737382,4.3726567659092,2.00127993476894,5.26072861692783
