1.18475980651152,0.000191694316900248,0.895852466041674,1.1741335506467,1.18197062611416,0.0354489275713763,0.0438183445569282,0.146301994240982,0.00594949377801579,0.375859807330308,0.0121593771064643,0.00114770310577406,0.0148398262036138,0.0794372537627104,0.000154181604895332,0.427460162512341,0.400072717076483,0.390539521797528,0.64313651302325,0.499403983506892,0.149996984591873,0.921314744779388,0.881886239050358,0.0477062858965054,0.748673187632406,0.08247989873332,0.764842411323238,1.12641250029495,0.512971885852153,0.874420978609471
0.000191694316900248,1.33927984227031,0.0389464953553929,0.00398236608762259,0.0018346207134099,1.01297760528427,1.07787947506725,0.503450589581792,1.32696252595162,0.307359019939297,1.30053823759438,1.33856795730261,1.29856310591734,1.14484699582689,1.33760301827537,0.587684745466631,0.622313850935561,0.63582109054618,0.358587156639283,0.528023449137115,1.05290069242827,0.121694712450241,0.159722969974595,1.22663264223647,0.310837212254532,1.16254791743594,0.300919516824185,0.0239302075594967,0.610163763321167,0.235969944484892
0.895852466041674,0.0389464953553929,1.14958190172012,1.05838099697099,1.04851188043457,0.133671598343261,0.154643029274718,0.285446320870887,0.0807745326578932,0.580738335274863,0.0117345277917473,0.0630226992236307,0.010247318435042,0.232049035677783,0.0452461513350384,0.201343207373658,0.181412958383611,0.174500005306698,0.372575040115285,0.253774226100651,0.0263742704043599,0.632778368654028,0.592985657541799,2.89539041440356e-05,0.46328449812192,0.00389060913859351,0.478222563242484,0.890583415113559,0.25727160064294,0.586851809266365
1.1741335506467,0.00398236608762259,1.05838099697099,1.76621649175989,1.7561618349306,0.0641817509471461,0.0789116058880373,0.202123067465986,0.0207778118979784,0.490846713068013,0.00458302474008043,0.00978261722976459,0.00645983526608163,0.142436455047619,0.00230576447349407,0.496821573021787,0.461473695875699,0.449394580043655,0.786257438964573,0.596441495137986,0.153964060862427,1.17584168046782,1.12895414284011,0.037204703426986,0.957953986732637,0.0748540391938044,0.984250720211404,1.57456331759935,0.637342121536751,1.17076295655134
1.18197062611416,0.0018346207134099,1.04851188043457,1.7561618349306,1.95926442676627,0.0564512680825699,0.0703823931486793,0.192489184123525,0.0151001242490008,0.48156455613657,0.00944571781425685,0.00561858073867105,0.012374194475532,0.132391575401529,0.000446103704816458,0.569824129067028,0.530784082212837,0.517524722319657,0.88895753499911,0.682388025734228,0.189632012319466,1.31021610515624,1.26425988233882,0.0518962520922042,1.08703791869691,0.0972083664706611,1.11701796788154,1.76367157499946,0.738581785521299,1.32972380119021
0.0354489275713763,1.01297760528427,0.133671598343261,0.0641817509471461,0.0564512680825699,1.26922031426492,1.26717199978808,0.685332526785208,1.21285694311279,0.492166022519064,1.04555878617749,1.19098855708016,1.04826263146326,1.25741614466211,1.16425213506266,0.314371792498844,0.341463362811752,0.35206539111294,0.148664576701233,0.266387942473614,0.728989323971579,0.0190567405383562,0.0342761400069858,0.933943325117827,0.112800485596523,0.852404512453907,0.106193182091144,0.00360472802250911,0.320772760214165,0.0651430139141049
0.0438183445569282,1.07787947506725,0.154643029274718,0.0789116058880373,0.0703823931486793,1.26717199978808,1.51675158627961,0.721498109495059,1.42084044344774,0.542825009092965,1.20528548013259,1.39811205147471,1.21360686089531,1.50667342689792,1.36696476971524,0.340179352167383,0.370737375714785,0.38278451161229,0.155866847770605,0.287331271711371,0.826446072772467,0.0170095189889254,0.0325974773333244,1.07106381259696,0.117485175466662,0.972918965542608,0.110318540739957,0.00644268292999195,0.353868539234643,0.065971268038131
0.146301994240982,0.503450589581792,0.285446320870887,0.202123067465986,0.192489184123525,0.685332526785208,0.721498109495059,0.857395125323972,0.631467906979975,0.658855200947295,0.476760022670784,0.608712321007592,0.476667192189196,0.790383693409319,0.580718881925885,0.0571543267221144,0.067843786571085,0.0720670303115636,0.00674121979764086,0.0379321046722367,0.255487031342782,0.0163939157440089,0.00832234750931882,0.390884954855467,0.000820581371172135,0.3343480772449,0.000358400964351357,0.0907609862972825,0.0500313948627329,0.00248468141601421
0.00594949377801579,1.32696252595162,0.0807745326578932,0.0207778118979784,0.0151001242490008,1.21285694311279,1.42084044344774,0.631467906979975,2.65034795421826,0.447033771467562,2.32501022334011,2.62731087302325,2.37124356450968,2.08370542552725,2.59638595361187,0.799566852608205,0.855480361153389,0.878258257217252,0.450752307516511,0.718329139854602,1.73472058508188,0.122210029589826,0.172385480961778,2.13170000309662,0.396920186653173,1.97382542776941,0.383673774847087,0.0121917965533003,0.920739513895162,0.297280033177091
0.375859807330308,0.307359019939297,0.580738335274863,0.490846713068013,0.48156455613657,0.492166022519064,0.542825009092965,0.658855200947295,0.447033771467562,1.04849049109436,0.278222982012237,0.42419339242323,0.278203631698273,0.68404285991807,0.393441730049231,2.63761588663591e-05,0.000338866249276037,0.000734352698282148,0.0307961630044642,0.00321248229321558,0.0863867451083085,0.152553934633789,0.126976423014444,0.196150213136705,0.0579122792371445,0.147165055077037,0.0634100307280372,0.327577812018644,0.00137642338201704,0.109567532632933
0.0121593771064643,1.30053823759438,0.0117345277917473,0.00458302474008043,0.00944571781425685,1.04555878617749,1.20528548013259,0.476760022670784,2.32501022334011,0.278222982012237,3.47139960683525,3.01182959848971,3.46926187139223,1.76579168300015,3.35136267859629,1.43943994514589,1.51805969614281,1.55132531714767,0.936039381294955,1.35237942955362,2.80490815284498,0.378139116069387,0.481024166740759,3.27082625386735,0.903207067076822,3.090223713692,0.88716518218442,0.141358067590816,1.76307276751772,0.783230606305962
0.00114770310577406,1.33856795730261,0.0630226992236307,0.00978261722976459,0.00561858073867105,1.19098855708016,1.39811205147471,0.608712321007592,2.62731087302325,0.42419339242323,3.01182959848971,3.65533275939888,3.21244800844863,2.21396372937665,3.62234207038678,1.06544588730675,1.13597575895819,1.16546271395537,0.625176617829271,0.977410235503467,2.35501031180669,0.190618058701153,0.261350960169585,2.85645478559194,0.577127627628795,2.65759413104987,0.561786175056715,0.0336680426445715,1.31689416365257,0.461522229278778
0.0148398262036138,1.29856310591734,0.010247318435042,0.00645983526608163,0.012374194475532,1.04826263146326,1.21360686089531,0.476667192189196,2.37124356450968,0.278203631698273,3.46926187139223,3.21244800844863,4.10498144116385,1.83594919365236,3.85399163104062,1.57894215143907,1.66434138814471,1.70113806496778,1.03305674168068,1.49694497820897,3.19047065537204,0.419620518208941,0.534808199028618,3.71097605152611,1.01554922531351,3.51075771149043,0.999664879633926,0.162536570735283,2.02516480647843,0.898136258367211
0.0794372537627104,1.14484699582689,0.232049035677783,0.142436455047619,0.132391575401529,1.25741614466211,1.50667342689792,0.790383693409319,2.08370542552725,0.68404285991807,1.76579168300015,2.21396372937665,1.83594919365236,2.72836505805608,2.22058511385018,0.408970575214227,0.450854783392802,0.467765990721694,0.166887951402967,0.342076826199836,1.17378934905827,0.00824799580749458,0.0225233614750215,1.56801139274984,0.122217775212662,1.40718385209788,0.113510728886243,0.0260397558512384,0.461482224050359,0.0604814222138375
0.000154181604895332,1.33760301827537,0.0452461513350384,0.00230576447349407,0.000446103704816458,1.16425213506266,1.36696476971524,0.580718881925885,2.59638595361187,0.393441730049231,3.35136267859629,3.62234207038678,3.85399163104062,2.22058511385018,4.90003934734146,1.33990204997304,1.4229562972646,1.45862854860319,0.817727954272459,1.25554618083684,2.99871878524352,0.274080955502933,0.368125806392879,3.49109403894318,0.78889290023922,3.31525836589303,0.772846388119346,0.0684770200720632,1.78660536674463,0.669331990187468
0.427460162512341,0.587684745466631,0.201343207373658,0.496821573021787,0.569824129067028,0.314371792498844,0.340179352167383,0.0571543267221144,0.799566852608205,2.63761588663591e-05,1.43943994514589,1.06544588730675,1.57894215143907,0.408970575214227,1.33990204997304,3.29507071602113,3.21763442771491,3.19554534545329,2.63592437051926,3.20686647932111,2.56717025772139,1.64058718745715,1.89327822829601,1.89767480792402,2.71063459715867,2.16921486778414,2.6965975397436,1.22262668878423,3.28785071973494,2.60576415305771
0.400072717076483,0.622313850935561,0.181412958383611,0.461473695875699,0.530784082212837,0.341463362811752,0.370737375714785,0.067843786571085,0.855480361153389,0.000338866249276037,1.51805969614281,1.13597575895819,1.66434138814471,0.450854783392802,1.4229562972646,3.21763442771491,3.31583212107153,3.29326334829035,2.55943000014193,3.14834642986807,2.66505319552725,1.57680128001964,1.82338630808977,1.98913071257462,2.6366647396635,2.2652467337191,2.6230501332087,1.16058870098538,3.29244203331266,2.53522576676187
0.390539521797528,0.63582109054618,0.174500005306698,0.449394580043655,0.517524722319657,0.35206539111294,0.38278451161229,0.0720670303115636,0.878258257217252,0.000734352698282148,1.55132531714767,1.16546271395537,1.70113806496778,0.467765990721694,1.45862854860319,3.19554534545329,3.29326334829035,3.33954786830174,2.53691994735865,3.13490875193695,2.71112532126761,1.55628238971394,1.801532366508,2.02927160662551,2.61770118033519,2.30839502657,2.6043548757948,1.14058749794796,3.30755886068005,2.51834962740669
0.64313651302325,0.358587156639283,0.372575040115285,0.786257438964573,0.88895753499911,0.148664576701233,0.155866847770605,0.00674121979764086,0.450752307516511,0.0307961630044642,0.936039381294955,0.625176617829271,1.03305674168068,0.166887951402967,0.817727954272459,2.63592437051926,2.55943000014193,2.53691994735865,3.22336210354967,2.92806222813745,1.90923655432222,2.12988807984227,2.43527900293946,1.30596303934933,3.16952988552286,1.54159223581526,3.15598272584713,1.71944634030937,3.07297582487392,3.05967525053553
0.499403983506892,0.528023449137115,0.253774226100651,0.596441495137986,0.682388025734228,0.266387942473614,0.287331271711371,0.0379321046722367,0.718329139854602,0.00321248229321558,1.35237942955362,0.977410235503467,1.49694497820897,0.342076826199836,1.25554618083684,3.20686647932111,3.14834642986807,3.13490875193695,2.92806222813745,3.65041535898108,2.55687611890929,1.85081041909851,2.14153769024732,1.8261222988908,3.11642161144427,2.11500412050976,3.10563259851954,1.4332716857092,3.64581341654482,3.02999252745028
0.149996984591873,1.05290069242827,0.0263742704043599,0.153964060862427,0.189632012319466,0.728989323971579,0.826446072772467,0.255487031342782,1.73472058508188,0.0863867451083085,2.80490815284498,2.35501031180669,3.19047065537204,1.17378934905827,2.99871878524352,2.56717025772139,2.66505319552725,2.71112532126761,1.90923655432222,2.55687611890929,4.78621234504495,0.999669463705902,1.20641321244313,3.6321791556088,2.02642271222507,4.08320184445356,2.01842387402076,0.613034943119785,3.52471743102095,1.97915308303875
0.921314744779388,0.121694712450241,0.632778368654028,1.17584168046782,1.31021610515624,0.0190567405383562,0.0170095189889254,0.0163939157440089,0.122210029589826,0.152553934633789,0.378139116069387,0.190618058701153,0.419620518208941,0.00824799580749458,0.274080955502933,1.64058718745715,1.57680128001964,1.55628238971394,2.12988807984227,1.85081041909851,0.999669463705902,2.64185772662144,2.59496833791492,0.595562699425276,2.41794519551359,0.74838402891328,2.44857007094061,2.22191517232867,2.01584500979141,2.59335503476807
0.881886239050358,0.159722969974595,0.592985657541799,1.12895414284011,1.26425988233882,0.0342761400069858,0.0325974773333244,0.00832234750931882,0.172385480961778,0.126976423014444,0.481024166740759,0.261350960169585,0.534808199028618,0.0225233614750215,0.368125806392879,1.89327822829601,1.82338630808977,1.801532366508,2.43527900293946,2.14153769024732,1.20641321244313,2.59496833791492,2.97255555534441,0.738465669322585,2.79225860395825,0.916047066348999,2.82521047627687,2.24842041172772,2.36604555303302,2.95508947826076
0.0477062858965054,1.22663264223647,2.89539041440356e-05,0.037204703426986,0.0518962520922042,0.933943325117827,1.07106381259696,0.390884954855467,2.13170000309662,0.196150213136705,3.27082625386735,2.85645478559194,3.71097605152611,1.56801139274984,3.49109403894318,1.89767480792402,1.98913071257462,2.02927160662551,1.30596303934933,1.8261222988908,3.6321791556088,0.595562699425276,0.738465669322585,4.15300945977274,1.3161104342265,3.9503529037414,1.30122331472565,0.287926016656003,2.44838608480811,1.20860723625968
0.748673187632406,0.310837212254532,0.46328449812192,0.957953986732637,1.08703791869691,0.112800485596523,0.117485175466662,0.000820581371172135,0.396920186653173,0.0579122792371445,0.903207067076822,0.577127627628795,1.01554922531351,0.122217775212662,0.78889290023922,2.71063459715867,2.6366647396635,2.61770118033519,3.16952988552286,3.11642161144427,2.02642271222507,2.41794519551359,2.79225860395825,1.3161104342265,4.28379626780286,1.58669134567389,4.26774301797111,2.12943366416008,3.78719000878176,4.1638128136071
0.08247989873332,1.16254791743594,0.00389060913859351,0.0748540391938044,0.0972083664706611,0.852404512453907,0.972918965542608,0.3343480772449,1.97382542776941,0.147165055077037,3.090223713692,2.65759413104987,3.51075771149043,1.40718385209788,3.31525836589303,2.16921486778414,2.2652467337191,2.30839502657,1.54159223581526,2.11500412050976,4.08320184445356,0.74838402891328,0.916047066348999,3.9503529037414,1.58669134567389,4.40490925301207,1.57370904852654,0.404802187304246,2.86072747335,1.49653121791156
0.764842411323238,0.300919516824185,0.478222563242484,0.984250720211404,1.11701796788154,0.106193182091144,0.110318540739957,0.000358400964351357,0.383673774847087,0.0634100307280372,0.88716518218442,0.561786175056715,0.999664879633926,0.113510728886243,0.772846388119346,2.6965975397436,2.6230501332087,2.6043548757948,3.15598272584713,3.10563259851954,2.01842387402076,2.44857007094061,2.82521047627687,1.30122331472565,4.26774301797111,1.57370904852654,4.42542907878467,2.18594442640454,3.84712814773918,4.32147812445688
1.12641250029495,0.0239302075594967,0.890583415113559,1.57456331759935,1.76367157499946,0.00360472802250911,0.00644268292999195,0.0907609862972825,0.0121917965533003,0.327577812018644,0.141358067590816,0.0336680426445715,0.162536570735283,0.0260397558512384,0.0684770200720632,1.22262668878423,1.16058870098538,1.14058749794796,1.71944634030937,1.4332716857092,0.613034943119785,2.22191517232867,2.24842041172772,0.287926016656003,2.12943366416008,0.404802187304246,2.18594442640454,3.08642907411202,1.65555745519399,2.56614642981188
0.512971885852153,0.610163763321167,0.25727160064294,0.637342121536751,0.738581785521299,0.320772760214165,0.353868539234643,0.0500313948627329,0.920739513895162,0.00137642338201704,1.76307276751772,1.31689416365257,2.02516480647843,0.461482224050359,1.78660536674463,3.28785071973494,3.29244203331266,3.30755886068005,3.07297582487392,3.64581341654482,3.52471743102095,2.01584500979141,2.36604555303302,2.44838608480811,3.78719000878176,2.86072747335,3.84712814773918,1.65555745519399,6.62961644070847,4.29919940790735
0.874420978609471,0.235969944484892,0.586851809266365,1.17076295655134,1.32972380119021,0.0651430139141049,0.065971268038131,0.00248468141601421,0.297280033177091,0.109567532632933,0.783230606305962,0.461522229278778,0.898136258367211,0.0604814222138375,0.669331990187468,2.60576415305771,2.53522576676187,2.51834962740669,3.05967525053553,3.02999252745028,1.97915308303875,2.59335503476807,2.95508947826076,1.20860723625968,4.1638128136071,1.49653121791156,4.32147812445688,2.56614642981188,4.29919940790735,5.9324859238801
