0,3.93379638381116,4.71902161007828,5.83355749228036,1.49031892530461,5.6960173766656,3.37130644701862,6.26754325057273,6.46683407063686,6.68532810827568,6.23344200517147,8.53121938301948,9.39769595932646,10.9954215712818,10.7050480378394,11.0446858681681,8.46797675454749,10.9251781085176,10.9887810085102,10.3155498781423,10.4762117696482,10.339172073696,10.9447275106578,11.3616730893505,11.3167774377632,11.6536889198116,12.2546350376331,11.8420037520864,12.6839995012245,14.8619409312783
3.93379638381116,0,1.67228780736245,3.29195855635234,5.23574584013204,3.15441844073758,6.24194690053652,5.63665448681196,5.83594530687609,6.05443934451491,9.10408245868936,7.90033061925871,8.76680719556569,10.364532807521,10.0741592740786,10.4137971044074,11.3386172080654,10.2942893447568,10.3578922447494,9.6846611143815,9.84532300588747,9.7082833099352,10.313838746897,10.7307843255897,10.6858886740024,11.0228001560509,11.6237462738723,11.2111149883256,12.0531107374638,14.2310521675175
4.71902161007828,1.67228780736245,0,4.07718378261946,6.02097106639916,3.9396436670047,7.02717212680364,6.42187971307908,6.62117053314321,6.83966457078203,9.88930768495648,8.68555584552583,9.55203242183281,11.1497580337881,10.8593845003457,11.1990223306745,12.1238424343325,11.0795145710239,11.1431174710166,10.4698863406486,10.6305482321546,10.4935085362023,11.0990639731641,11.5160095518568,11.4711139002695,11.808025382318,12.4089715001394,11.9963402145928,12.8383359637309,15.0162773937846
5.83355749228036,3.29195855635234,4.07718378261946,0,7.13550694860124,1.77185969150104,8.14170800900572,7.53641559528117,7.73570641534529,7.95420045298411,11.0038435671586,9.80009172772791,10.6665683040349,12.2642939159902,11.9739203825478,12.3135582128766,13.2383783165346,12.194050453226,12.2576533532186,11.5844222228507,11.7450841143567,11.6080444184044,12.2135998553662,12.6305454340589,12.5856497824716,12.9225612645201,13.5235073823415,13.1108760967948,13.952871845933,16.1308132759867
1.49031892530461,5.23574584013204,6.02097106639916,7.13550694860124,0,6.99796683298648,4.6732559033395,7.56949270689361,7.76878352695774,7.98727756459656,7.53539146149235,9.83316883934036,10.6996454156473,12.2973710276026,12.0069974941603,12.346635324489,9.76992621086837,12.2271275648385,12.2907304648311,11.6174993344631,11.7781612259691,11.6411215300168,12.2466769669787,12.6636225456714,12.618726894084,12.9556383761325,13.5565844939539,13.1439532084073,13.9859489575454,16.1638903875992
5.6960173766656,3.15441844073758,3.9396436670047,1.77185969150104,6.99796683298648,0,8.00416789339096,7.39887547966641,7.59816629973053,7.81666033736935,10.8663034515438,9.66255161211315,10.5290281884201,12.1267538003754,11.8363802669331,12.1760180972618,13.1008382009198,12.0565103376113,12.1201132376039,11.4468821072359,11.6075439987419,11.4705043027896,12.0760597397515,12.4930053184442,12.4481096668568,12.7850211489053,13.3859672667267,12.9733359811801,13.8153317303182,15.993273160372
3.37130644701862,6.24194690053652,7.02717212680364,8.14170800900572,4.6732559033395,8.00416789339096,0,8.57569376729809,8.77498458736222,8.99347862500103,4.53563745284495,10.8393698997448,11.7058464760518,13.3035720880071,13.0131985545647,13.3528363848935,6.77017220222097,13.2333286252429,13.2969315252356,12.6237003948676,12.7843622863736,12.6473225904213,13.2528780273831,13.6698236060758,13.6249279544885,13.961839436537,14.5627855543584,14.1501542688118,14.9921500179499,17.1700914480036
6.26754325057273,5.63665448681196,6.42187971307908,7.53641559528117,7.56949270689361,7.39887547966641,8.57569376729809,0,1.67557442202859,1.89406845966741,11.4378293254509,2.66444628782779,3.53092286413478,10.1699044318343,9.87953089839187,10.2191687287206,13.672364074827,10.0996609690701,10.1632638690627,9.49003273869476,9.65069463020073,9.51365493424846,10.1192103712103,10.536155949903,10.4912602983156,10.8281717803641,11.4291178981855,11.0164866126389,11.858482361777,14.0364237918308
6.46683407063686,5.83594530687609,6.62117053314321,7.73570641534529,7.76878352695774,7.59816629973053,8.77498458736222,1.67557442202859,0,0.501162611453374,11.6371201455151,3.93925055447533,4.80572713078233,10.3691952518984,10.078821718456,10.4184595487848,13.8716548948911,10.2989517891342,10.3625546891268,9.68932355875888,9.84998545026486,9.71294575431258,10.3185011912744,10.7354467699671,10.6905511183798,11.0274626004283,11.6284087182497,11.215777432703,12.0577731818411,14.2357146118949
6.68532810827568,6.05443934451491,6.83966457078203,7.95420045298411,7.98727756459656,7.81666033736935,8.99347862500103,1.89406845966741,0.501162611453374,0,11.8556141831539,4.15774459211415,5.02422116842114,10.5876892895372,10.2973157560948,10.6369535864236,14.0901489325299,10.517445826773,10.5810487267656,9.9078175963977,10.0684794879037,9.9314397919514,10.5369952289132,10.9539408076059,10.9090451560186,11.2459566380671,11.8469027558885,11.4342714703418,12.27626721948,14.4542086495337
6.23344200517147,9.10408245868936,9.88930768495648,11.0038435671586,7.53539146149235,10.8663034515438,4.53563745284495,11.4378293254509,11.6371201455151,11.8556141831539,0,13.7015054578977,14.5679820342047,16.16570764616,15.8753341127176,16.2149719430463,3.20666680391401,16.0954641833958,16.1590670833884,15.4858359530205,15.6464978445264,15.5094581485742,16.115013585536,16.5319591642287,16.4870635126413,16.8239749946898,17.4249211125112,17.0122898269646,17.8542855761027,20.0322270061565
8.53121938301948,7.90033061925871,8.68555584552583,9.80009172772791,9.83316883934036,9.66255161211315,10.8393698997448,2.66444628782779,3.93925055447533,4.15774459211415,13.7015054578977,0,3.86093926308665,12.433580564281,12.1432070308386,12.4828448611674,15.9360402072737,12.3633371015168,12.4269400015094,11.7537088711415,11.9143707626475,11.7773310666952,12.382886503657,12.7998320823497,12.7549364307624,13.0918479128109,13.6927940306323,13.2801627450856,14.1221584942238,16.3000999242775
9.39769595932646,8.76680719556569,9.55203242183281,10.6665683040349,10.6996454156473,10.5290281884201,11.7058464760518,3.53092286413478,4.80572713078233,5.02422116842114,14.5679820342047,3.86093926308665,0,13.300057140588,13.0096836071456,13.3493214374744,16.8025167835807,13.2298136778238,13.2934165778164,12.6201854474485,12.7808473389545,12.6438076430022,13.249363079964,13.6663086586567,13.6214130070694,13.9583244891179,14.5592706069393,14.1466393213926,14.9886350705308,17.1665765005845
10.9954215712818,10.364532807521,11.1497580337881,12.2642939159902,12.2973710276026,12.1267538003754,13.3035720880071,10.1699044318343,10.3691952518984,10.5876892895372,16.16570764616,12.433580564281,13.300057140588,0,8.74847003076299,1.11511675651213,18.400242395536,1.41771028052204,1.48131318051466,8.35897187106587,8.51963376257185,8.38259406661957,8.98814950358138,3.30458890180978,9.36019943068676,9.69711091273525,10.2980570305567,3.7849195645457,4.62691531368383,6.80485674373756
10.7050480378394,10.0741592740786,10.8593845003457,11.9739203825478,12.0069974941603,11.8363802669331,13.0131985545647,9.87953089839187,10.078821718456,10.2973157560948,15.8753341127176,12.1432070308386,13.0096836071456,8.74847003076299,0,8.79773432764936,18.1098688620936,8.6782265679988,8.74182946799142,6.6063284264477,5.91363016430547,5.77659046835319,7.23550605896321,9.1147215488317,7.60755598606858,7.94446746811708,7.6143948774328,9.59505221156762,10.4370479607058,12.6149893907595
11.0446858681681,10.4137971044074,11.1990223306745,12.3135582128766,12.346635324489,12.1760180972618,13.3528363848935,10.2191687287206,10.4184595487848,10.6369535864236,16.2149719430463,12.4828448611674,13.3493214374744,1.11511675651213,8.79773432764936,0,18.4495066924224,1.46697457740841,1.53057747740104,8.40823616795225,8.56889805945822,8.43185836350595,9.03741380046776,3.35385319869615,9.40946372757313,9.74637520962163,10.347321327443,3.83418386143207,4.67617961057021,6.85412104062394
8.46797675454749,11.3386172080654,12.1238424343325,13.2383783165346,9.76992621086837,13.1008382009198,6.77017220222097,13.672364074827,13.8716548948911,14.0901489325299,3.20666680391401,15.9360402072737,16.8025167835807,18.400242395536,18.1098688620936,18.4495066924224,0,18.3299989327718,18.3936018327644,17.7203707023965,17.8810325939025,17.7439928979502,18.349548334912,18.7664939136047,18.7215982620174,19.0585097440659,19.6594558618873,19.2468245763406,20.0888203254787,22.2667617555325
10.9251781085176,10.2942893447568,11.0795145710239,12.194050453226,12.2271275648385,12.0565103376113,13.2333286252429,10.0996609690701,10.2989517891342,10.517445826773,16.0954641833958,12.3633371015168,13.2298136778238,1.41771028052204,8.6782265679988,1.46697457740841,18.3299989327718,0,0.906631966591337,8.28872840830169,8.44939029980766,8.31235060385539,8.9179060408172,3.23434543904559,9.28995596792257,9.62686744997107,10.2278135677925,3.71467610178151,4.55667185091964,6.73461328097338
10.9887810085102,10.3578922447494,11.1431174710166,12.2576533532186,12.2907304648311,12.1201132376039,13.2969315252356,10.1632638690627,10.3625546891268,10.5810487267656,16.1590670833884,12.4269400015094,13.2934165778164,1.48131318051466,8.74182946799142,1.53057747740104,18.3936018327644,0.906631966591337,0,8.35233130829431,8.51299319980029,8.37595350384801,8.98150894080982,3.29794833903822,9.35355886791519,9.69047034996369,10.2914164677851,3.77827900177413,4.62027475091227,6.798216180966
10.3155498781423,9.6846611143815,10.4698863406486,11.5844222228507,11.6174993344631,11.4468821072359,12.6237003948676,9.49003273869476,9.68932355875888,9.9078175963977,15.4858359530205,11.7537088711415,12.6201854474485,8.35897187106587,6.6063284264477,8.40823616795225,17.7203707023965,8.28872840830169,8.35233130829431,0,6.37749215825656,6.24045246230428,5.14108606201132,8.72522338913459,1.45911549162489,5.85004747116519,8.15591542624136,9.20555405187051,10.0475498010086,12.2254912310624
10.4762117696482,9.84532300588747,10.6305482321546,11.7450841143567,11.7781612259691,11.6075439987419,12.7843622863736,9.65069463020073,9.84998545026486,10.0684794879037,15.6464978445264,11.9143707626475,12.7808473389545,8.51963376257185,5.91363016430547,8.56889805945822,17.8810325939025,8.44939029980766,8.51299319980029,6.37749215825656,0,0.816673964945343,7.00666979077207,8.88588528064056,7.37871971787745,7.71563119992594,7.46321716409913,9.36621594337648,10.2082116925146,12.3861531225684
10.339172073696,9.7082833099352,10.4935085362023,11.6080444184044,11.6411215300168,11.4705043027896,12.6473225904213,9.51365493424846,9.71294575431258,9.9314397919514,15.5094581485742,11.7773310666952,12.6438076430022,8.38259406661957,5.77659046835319,8.43185836350595,17.7439928979502,8.31235060385539,8.37595350384801,6.24045246230428,0.816673964945343,0,6.8696300948198,8.74884558468828,7.24168002192517,7.57859150397367,7.32617746814685,9.2291762474242,10.0711719965623,12.2491134266161
10.9447275106578,10.313838746897,11.0990639731641,12.2135998553662,12.2466769669787,12.0760597397515,13.2528780273831,10.1192103712103,10.3185011912744,10.5369952289132,16.115013585536,12.382886503657,13.249363079964,8.98814950358138,7.23550605896321,9.03741380046776,18.349548334912,8.9179060408172,8.98150894080982,5.14108606201132,7.00666979077207,6.8696300948198,0,9.3544010216501,6.1423136216322,1.27503723988541,8.78509305875688,9.83473168438601,10.6767274335242,12.8546688635779
11.3616730893505,10.7307843255897,11.5160095518568,12.6305454340589,12.6636225456714,12.4930053184442,13.6698236060758,10.536155949903,10.7354467699671,10.9539408076059,16.5319591642287,12.7998320823497,13.6663086586567,3.30458890180978,9.1147215488317,3.35385319869615,18.7664939136047,3.23434543904559,3.29794833903822,8.72522338913459,8.88588528064056,8.74884558468828,9.3544010216501,0,9.72645094875547,10.063362430804,10.6643085486254,1.82531691506168,2.28360265188049,4.84525409425355
11.3167774377632,10.6858886740024,11.4711139002695,12.5856497824716,12.618726894084,12.4481096668568,13.6249279544885,10.4912602983156,10.6905511183798,10.9090451560186,16.4870635126413,12.7549364307624,13.6214130070694,9.36019943068676,7.60755598606858,9.40946372757313,18.7215982620174,9.28995596792257,9.35355886791519,1.45911549162489,7.37871971787745,7.24168002192517,6.1423136216322,9.72645094875547,0,6.85127503078607,9.15714298586225,10.2067816114914,11.0487773606295,13.2267187906833
11.6536889198116,11.0228001560509,11.808025382318,12.9225612645201,12.9556383761325,12.7850211489053,13.961839436537,10.8281717803641,11.0274626004283,11.2459566380671,16.8239749946898,13.0918479128109,13.9583244891179,9.69711091273525,7.94446746811708,9.74637520962163,19.0585097440659,9.62686744997107,9.69047034996369,5.85004747116519,7.71563119992594,7.57859150397367,1.27503723988541,10.063362430804,6.85127503078607,0,9.49405446791075,10.5436930935399,11.385688842678,13.5636302727318
12.2546350376331,11.6237462738723,12.4089715001394,13.5235073823415,13.5565844939539,13.3859672667267,14.5627855543584,11.4291178981855,11.6284087182497,11.8469027558885,17.4249211125112,13.6927940306323,14.5592706069393,10.2980570305567,7.6143948774328,10.347321327443,19.6594558618873,10.2278135677925,10.2914164677851,8.15591542624136,7.46321716409913,7.32617746814685,8.78509305875688,10.6643085486254,9.15714298586225,9.49405446791075,0,11.1446392113613,11.9866349604994,14.1645763905532
11.8420037520864,11.2111149883256,11.9963402145928,13.1108760967948,13.1439532084073,12.9733359811801,14.1501542688118,11.0164866126389,11.215777432703,11.4342714703418,17.0122898269646,13.2801627450856,14.1466393213926,3.7849195645457,9.59505221156762,3.83418386143207,19.2468245763406,3.71467610178151,3.77827900177413,9.20555405187051,9.36621594337648,9.2291762474242,9.83473168438601,1.82531691506168,10.2067816114914,10.5436930935399,11.1446392113613,0,3.14764332693573,3.14685389607831
12.6839995012245,12.0531107374638,12.8383359637309,13.952871845933,13.9859489575454,13.8153317303182,14.9921500179499,11.858482361777,12.0577731818411,12.27626721948,17.8542855761027,14.1221584942238,14.9886350705308,4.62691531368383,10.4370479607058,4.67617961057021,20.0888203254787,4.55667185091964,4.62027475091227,10.0475498010086,10.2082116925146,10.0711719965623,10.6767274335242,2.28360265188049,11.0487773606295,11.385688842678,11.9866349604994,3.14764332693573,0,6.1675805061276
14.8619409312783,14.2310521675175,15.0162773937846,16.1308132759867,16.1638903875992,15.993273160372,17.1700914480036,14.0364237918308,14.2357146118949,14.4542086495337,20.0322270061565,16.3000999242775,17.1665765005845,6.80485674373756,12.6149893907595,6.85412104062394,22.2667617555325,6.73461328097338,6.798216180966,12.2254912310624,12.3861531225684,12.2491134266161,12.8546688635779,4.84525409425355,13.2267187906833,13.5636302727318,14.1645763905532,3.14685389607831,6.1675805061276,0
