1.7246008440987,0.0940802755471539,0.218563152739153,0.450762564824612,1.54963374666923,0.315640564257399,1.44752599191635,0.00142449774676612,0.0286311857432953,0.0506991292175751,0.686828501027088,0.0445165492519592,0.00198574038022192,0.552604956873815,1.03408467643053,0.55582090837929,1.10598433993514,0.507606770724677,0.520678446981209,1.68473006049745,1.1217383641066,1.18760514107641,1.48089785822411,0.329520871267283,1.72235159193543,1.5687192437637,0.790560330677518,0.250717575387017,0.47600967078412,0.12242599554699
0.0940802755471539,1.80779754869675,1.66954074540313,1.41801019143589,0.290494455431118,1.60549718660905,0.382304695798493,1.47193422722916,1.674350571279,1.74167499483243,1.24747917888554,1.74969477622242,1.59691175584988,0.368433022125136,0.0882266612888345,0.374565234456445,0.888868984934287,0.413927437152352,0.401104915768177,0.0559957715032806,0.0584476688924691,0.0395643884246013,6.05589005679974e-05,0.628553993290073,0.111468702707245,0.00689681886060045,0.212685101774518,0.753830177343715,0.490465760208327,1.0667650988251
0.218563152739153,1.66954074540313,2.31912922960473,2.03401381998857,0.537326538311569,2.25507651671582,0.671358030594212,1.41885436892475,1.69424506517558,1.79531513707961,1.84918368375463,1.96977142556064,1.70668610970104,0.239114771698781,0.0204186452166248,0.244336852504475,1.41032130382136,0.280790984979496,0.268903046513935,0.185247604994471,0.00668075064936557,0.00119205828612179,0.037354318218906,0.491127248216254,0.28845980872004,0.0770437738891356,0.105201685272434,0.622921073388626,0.352826136174628,0.989516558022162
0.450762564824612,1.41801019143589,2.03401381998857,2.84032339740999,0.947033761271605,2.52393314593915,1.13424409804839,1.13373915190576,1.41284499489642,1.51437378625592,2.65496082212061,1.79603253117846,1.48791499255611,0.0781299577157535,0.00922533618527721,0.0805665492691632,2.17060613267949,0.104525000561005,0.0967464923721377,0.475940145435855,0.0262285587005713,0.0451639754051456,0.209171023396708,0.259244064869387,0.647214082688057,0.302692254712825,0.00950645528431915,0.368044409949288,0.150034439620892,0.704423982868904
1.54963374666923,0.290494455431118,0.537326538311569,0.947033761271605,2.56967592371979,0.728868933650989,2.42857199319286,0.0740707993482372,0.172863583055405,0.225089443970396,1.36681170087723,0.241180879254618,0.0996521042039227,0.377782352228704,0.932821624226288,0.381142879083866,2.03536078145458,0.332761689072917,0.345727454091741,2.03280005174856,1.049899731971,1.14165677869384,1.62221420333848,0.167346981277873,2.26503906193382,1.81531545100684,0.637182887061452,0.102917035538563,0.301285704118438,0.018103791597273
0.315640564257399,1.60549718660905,2.25507651671582,2.52393314593915,0.728868933650989,2.84410468995956,0.894912773119289,1.39278633764709,1.68622602762826,1.78600100633626,2.3651713885375,2.1160630975142,1.80523353984836,0.180328310667242,0.00274881974020147,0.18501743772861,1.85527741445818,0.219649526777545,0.208335691855519,0.304636924021989,0.000173861778232975,0.004061396689226,0.0950174563529891,0.427808811291654,0.444546192357432,0.160046193766186,0.060805687519724,0.564188912675275,0.289044511233988,0.968893936150911
1.44752599191635,0.382304695798493,0.671358030594212,1.13424409804839,2.42857199319286,0.894912773119289,2.7014086372556,0.130262124428244,0.254747040094148,0.316482456141501,1.60466939693225,0.349532162437496,0.175778581784638,0.28247780517856,0.79891979967667,0.284870952754047,2.3076927251184,0.242445537550032,0.25387029703,1.90986830614092,0.912317912481157,1.00212501104423,1.48635791619351,0.1020711876863,2.17401204294234,1.69072749309538,0.5177893483603,0.0522215751007424,0.212450240230347,0.00111639044653966
0.00142449774676612,1.47193422722916,1.41885436892475,1.13373915190576,0.0740707993482372,1.39278633764709,0.130262124428244,2.64310680899512,2.2682155270117,2.07317436952729,0.949169982843883,2.48169103168424,2.64308164533354,1.07137789016514,0.496268888794853,1.08970609257467,0.553832619772685,1.15728200660984,1.13381804054215,0.00904795214060838,0.415709825858076,0.357523046486192,0.138748758744716,1.534576110677,0.000148500920139405,0.0855508583064384,0.78494115816949,1.74153074965384,1.32571899924424,2.21367998219006
0.0286311857432953,1.674350571279,1.69424506517558,1.41284499489642,0.172863583055405,1.68622602762826,0.254747040094148,2.2682155270117,2.57202892946097,2.36748396895528,1.2276374355724,2.56755946430546,2.49261389623102,0.768910003088526,0.289451967748771,0.782989967140747,0.796674300181353,0.843113527371731,0.822623500050388,0.00436711784351562,0.22775344612604,0.184732295218114,0.0404844717431572,1.1804020754635,0.0304341884846577,0.0141325814220084,0.520604298506452,1.37307750216423,0.984970830005737,1.85469361537055
0.0506991292175751,1.74167499483243,1.79531513707961,1.51437378625592,0.225089443970396,1.78600100633626,0.316482456141501,2.07317436952729,2.36748396895528,2.46901473342044,1.32916692740495,2.46268423475183,2.31946668668432,0.638095595684737,0.211807902505791,0.649912881819634,0.894398963677779,0.705252279920136,0.686600792958966,0.0182488641966381,0.159729509585834,0.124253824294441,0.0156390959411286,1.01498242802625,0.0589168048215254,0.00181986877008056,0.412637337852328,1.19426699434608,0.830614116295564,1.65150817384854
0.686828501027088,1.24747917888554,1.84918368375463,2.65496082212061,1.36681170087723,2.3651713885375,1.60466939693225,0.949169982843883,1.2276374355724,1.32916692740495,3.6542120309291,1.66096359953896,1.33763458648488,0.0127684656221305,0.0863026007521359,0.0135161838506921,3.08983339197833,0.0254848219283761,0.0214502174135562,0.833236163578313,0.13323137682679,0.175909345314347,0.468815764973991,0.129521962098891,1.07749933215104,0.621431916140272,0.00758595839621723,0.216902245489256,0.0497568249523974,0.520321023583248
0.0445165492519592,1.74969477622242,1.96977142556064,1.79603253117846,0.241180879254618,2.1160630975142,0.349532162437496,2.48169103168424,2.56755946430546,2.46268423475183,1.66096359953896,4.07544075852069,3.74449900742567,0.940292931742371,0.336615524427134,0.963562156548385,1.12789820277456,1.03906047023874,1.01207215680977,0.0121551743045276,0.260578435993446,0.207894524090392,0.0374556823664536,1.49793026734719,0.0548190346512332,0.00973140579726284,0.63041133572144,1.7745740238401,1.25869387978407,2.60064051757302
0.00198574038022192,1.59691175584988,1.70668610970104,1.48791499255611,0.0996521042039227,1.80523353984836,0.175778581784638,2.64308164533354,2.49261389623102,2.31946668668432,1.33763458648488,3.74449900742567,5.24429992071499,1.55307340496992,0.722158246948513,1.59618876032681,0.8188062563698,1.68924976857535,1.6530423087157,0.01205413250117,0.605431239128928,0.520540531783174,0.202868515988522,2.30356853818495,0.000318022661641493,0.126190146757388,1.15681132567327,2.67453707799489,2.04665057711304,3.88801011724261
0.552604956873815,0.368433022125136,0.239114771698781,0.0781299577157535,0.377782352228704,0.180328310667242,0.28247780517856,1.07137789016514,0.768910003088526,0.638095595684737,0.0127684656221305,0.940292931742371,1.55307340496992,4.26037866259253,3.15413179904381,4.26013541919082,0.0462333140758524,4.1585391578815,4.19220718032244,1.23111788196012,2.96622111222607,2.81721457796701,2.17056816158413,3.67005463883236,1.02804206323852,1.99279328892046,3.81569207622966,3.42678837372357,4.16569944199158,3.11137032870943
1.03408467643053,0.0882266612888345,0.0204186452166248,0.00922533618527721,0.932821624226288,0.00274881974020147,0.79891979967667,0.496268888794853,0.289451967748771,0.211807902505791,0.0863026007521359,0.336615524427134,0.722158246948513,3.15413179904381,4.56454691197616,3.22028345801981,0.419798310303954,3.05317663554066,3.08769801527223,2.22119026778934,4.36734300783195,4.20641258498936,3.50184762700745,2.56602937133506,1.98916270776697,3.31944558360941,3.95978089765713,2.32736459125244,3.18786185842062,2.00642658016923
0.55582090837929,0.374565234456445,0.244336852504475,0.0805665492691632,0.381142879083866,0.18501743772861,0.284870952754047,1.08970609257467,0.782989967140747,0.649912881819634,0.0135161838506921,0.963562156548385,1.59618876032681,4.26013541919082,3.22028345801981,4.44345770546893,0.0462473445658196,4.25416638023136,4.28338483498843,1.25005474405501,3.02870397321921,2.87629147504683,2.21692569109179,3.76994348241113,1.04445715536227,2.03738494105853,3.91229293038658,3.5232782793354,4.33370829506288,3.21849395418
1.10598433993514,0.888868984934287,1.41032130382136,2.17060613267949,2.03536078145458,1.85527741445818,2.3076927251184,0.553832619772685,0.796674300181353,0.894398963677779,3.08983339197833,1.12789820277456,0.8188062563698,0.0462333140758524,0.419798310303954,0.0462473445658196,4.56927430927436,0.0280394971655102,0.0328247075604464,1.58721017780615,0.523316901931399,0.609244855966627,1.12858471054169,0.00165088446175865,1.94369525645328,1.38686941608338,0.188768530465381,0.0227591006572645,0.0135696887399046,0.167120237337371
0.507606770724677,0.413927437152352,0.280790984979496,0.104525000561005,0.332761689072917,0.219649526777545,0.242445537550032,1.15728200660984,0.843113527371731,0.705252279920136,0.0254848219283761,1.03906047023874,1.68924976857535,4.1585391578815,3.05317663554066,4.25416638023136,0.0280394971655102,4.35359822950683,4.30648897850898,1.14951901462135,2.86469353271675,2.71541873017851,2.07005598164825,3.86105349938058,0.950207415181405,1.89281204556724,3.7279656447729,3.61583587897645,4.32145784752306,3.30410959678876
0.520678446981209,0.401104915768177,0.268903046513935,0.0967464923721377,0.345727454091741,0.208335691855519,0.25387029703,1.13381804054215,0.822623500050388,0.686600792958966,0.0214502174135562,1.01207215680977,1.6530423087157,4.19220718032244,3.08769801527223,4.28338483498843,0.0328247075604464,4.30648897850898,4.3411688859132,1.17431720412625,2.89902883955898,2.7495175038865,2.10262685585803,3.81403808853648,0.973678125856358,1.92505647902846,3.76171370761613,3.56898957224217,4.29287601642477,3.25700145199914
1.68473006049745,0.0559957715032806,0.185247604994471,0.475940145435855,2.03280005174856,0.304636924021989,1.90986830614092,0.00904795214060838,0.00436711784351562,0.0182488641966381,0.833236163578313,0.0121551743045276,0.01205413250117,1.23111788196012,2.22119026778934,1.25005474405501,1.58721017780615,1.14951901462135,1.17431720412625,3.76714405269352,2.41481357889349,2.56202064687555,3.29980104509274,0.810337299847875,3.53502400577873,3.54797953205026,1.73704036186011,0.655894041385674,1.14039858043754,0.408147423268026
1.1217383641066,0.0584476688924691,0.00668075064936557,0.0262285587005713,1.049899731971,0.000173861778232975,0.912317912481157,0.415709825858076,0.22775344612604,0.159729509585834,0.13323137682679,0.260578435993446,0.605431239128928,2.96622111222607,4.36734300783195,3.02870397321921,0.523316901931399,2.86469353271675,2.89902883955898,2.41481357889349,4.63019042598615,4.46821812689109,3.75969686103653,2.38116159524821,2.18329350907052,3.57833043749637,3.76283361402696,2.14530471655045,2.99090849388679,1.82213606623931
1.18760514107641,0.0395643884246013,0.00119205828612179,0.0451639754051456,1.14165677869384,0.004061396689226,1.00212501104423,0.357523046486192,0.184732295218114,0.124253824294441,0.175909345314347,0.207894524090392,0.520540531783174,2.81721457796701,4.20641258498936,2.87629147504683,0.609244855966627,2.71541873017851,2.7495175038865,2.56202064687555,4.46821812689109,4.66075510890532,3.95145259653081,2.23607218602062,2.3324735627442,3.77055689042145,3.60165494599402,2.00317427634636,2.83181564083761,1.6786739527182
1.48089785822411,6.05589005679974e-05,0.037354318218906,0.209171023396708,1.62221420333848,0.0950174563529891,1.48635791619351,0.138748758744716,0.0404844717431572,0.0156390959411286,0.468815764973991,0.0374556823664536,0.202868515988522,2.17056816158413,3.50184762700745,2.21692569109179,1.12858471054169,2.07005598164825,2.10262685585803,3.29980104509274,3.75969686103653,3.95145259653081,5.02615468562197,1.6163872598275,3.12485238352068,4.8430005301536,2.90112485515303,1.40041211768172,2.1465660337419,1.08002113345845
0.329520871267283,0.628553993290073,0.491127248216254,0.259244064869387,0.167346981277873,0.427808811291654,0.1020711876863,1.534576110677,1.1804020754635,1.01498242802625,0.129521962098891,1.49793026734719,2.30356853818495,3.67005463883236,2.56602937133506,3.76994348241113,0.00165088446175865,3.86105349938058,3.81403808853648,0.810337299847875,2.38116159524821,2.23607218602062,1.6163872598275,4.64970526607668,0.633110138573024,1.44527744308253,3.23884142770423,4.40260489988558,4.3920286348389,4.09010244947096
1.72235159193543,0.111468702707245,0.28845980872004,0.647214082688057,2.26503906193382,0.444546192357432,2.17401204294234,0.000148500920139405,0.0304341884846577,0.0589168048215254,1.07749933215104,0.0548190346512332,0.000318022661641493,1.02804206323852,1.98916270776697,1.04445715536227,1.94369525645328,0.950207415181405,0.973678125856358,3.53502400577873,2.18329350907052,2.3324735627442,3.12485238352068,0.633110138573024,4.0157969451413,3.45235791957086,1.51114657343955,0.492140208716054,0.934860492620874,0.268750852489303
1.5687192437637,0.00689681886060045,0.0770437738891356,0.302692254712825,1.81531545100684,0.160046193766186,1.69072749309538,0.0855508583064384,0.0141325814220084,0.00181986877008056,0.621431916140272,0.00973140579726284,0.126190146757388,1.99279328892046,3.31944558360941,2.03738494105853,1.38686941608338,1.89281204556724,1.92505647902846,3.54797953205026,3.57833043749637,3.77055689042145,4.8430005301536,1.44527744308253,3.45235791957086,5.46680257249802,2.71806387733336,1.23378170829545,1.96425318419735,0.91693096770892
0.790560330677518,0.212685101774518,0.105201685272434,0.00950645528431915,0.637182887061452,0.060805687519724,0.5177893483603,0.78494115816949,0.520604298506452,0.412637337852328,0.00758595839621723,0.63041133572144,1.15681132567327,3.81569207622966,3.95978089765713,3.91229293038658,0.188768530465381,3.7279656447729,3.76171370761613,1.73704036186011,3.76283361402696,3.60165494599402,2.90112485515303,3.23884142770423,1.51114657343955,2.71806387733336,4.71103283596711,2.99211350566175,3.93318774801136,2.69230389122313
0.250717575387017,0.753830177343715,0.622921073388626,0.368044409949288,0.102917035538563,0.564188912675275,0.0522215751007424,1.74153074965384,1.37307750216423,1.19426699434608,0.216902245489256,1.7745740238401,2.67453707799489,3.42678837372357,2.32736459125244,3.5232782793354,0.0227591006572645,3.61583587897645,3.56898957224217,0.655894041385674,2.14530471655045,2.00317427634636,1.40041211768172,4.40260489988558,0.492140208716054,1.23378170829545,2.99211350566175,4.87070455342855,4.20987216832576,4.5456366604839
0.47600967078412,0.490465760208327,0.352826136174628,0.150034439620892,0.301285704118438,0.289044511233988,0.212450240230347,1.32571899924424,0.984970830005737,0.830614116295564,0.0497568249523974,1.25869387978407,2.04665057711304,4.16569944199158,3.18786185842062,4.33370829506288,0.0135696887399046,4.32145784752306,4.29287601642477,1.14039858043754,2.99090849388679,2.83181564083761,2.1465660337419,4.3920286348389,0.934860492620874,1.96425318419735,3.93318774801136,4.20987216832576,5.37643007357355,4.04908751270751
0.12242599554699,1.0667650988251,0.989516558022162,0.704423982868904,0.018103791597273,0.968893936150911,0.00111639044653966,2.21367998219006,1.85469361537055,1.65150817384854,0.520321023583248,2.60064051757302,3.88801011724261,3.11137032870943,2.00642658016923,3.21849395418,0.167120237337371,3.30410959678876,3.25700145199914,0.408147423268026,1.82213606623931,1.6786739527182,1.08002113345845,4.09010244947096,0.268750852489303,0.91693096770892,2.69230389122313,4.5456366604839,4.04908751270751,6.81369720995903
