0.739429775937839,0.729647649602773,0.702991127030221,0.739406916191447,0.170035903219017,0.731806291436519,0.136565519709132,0.000871848715610524,0.244470384381178,0.221432105774023,0.000694974535521586,0.456196613743748,0.411192869998792,0.00550411821058283,0.249331270037417,0.244911252564497,0.000200537119781075,0.282569450538371,0.0600815076149701,0.409808430993243,0.0141990351580912,0.266558574076886,0.0890144588674637,0.146541043171555,0.0828715786672243,0.181929493037465,0.626174129404446,0.0882998639774066,0.400790674803649,0.133824537127369
0.729647649602773,0.889105773065964,0.857873759292894,0.883950932648292,0.225957904316769,0.863435038870784,0.185526970503772,0.00483395390076113,0.321015095853991,0.293703875581744,0.00446172607091655,0.480991654974182,0.528416933889444,0.014490135845644,0.253499905329435,0.248712069827903,0.000685908907737343,0.290051645756138,0.0921159558946527,0.432065680190896,0.00756478566028429,0.275261053091594,0.0798698135351477,0.141244894947048,0.0735287162764435,0.180232160424469,0.712578270511573,0.0792079123233029,0.433104346874794,0.127756421767466
0.702991127030221,0.857873759292894,1.02979013689445,0.988958064512448,0.310123323337878,0.950061957905773,0.26182530792891,0.0184229826832574,0.430647670468716,0.399041306195036,0.0179709791772964,0.458252629233315,0.680301318191168,0.03785664638065,0.222990586715021,0.218120092339667,0.00939001745890167,0.260472128680315,0.149422086077579,0.408772684147256,0.000485811536043546,0.246339750553221,0.0537762380725675,0.110764923217382,0.0481091215249227,0.149006618138198,0.747341869395592,0.0529792113317242,0.418305250428307,0.0976677758078552
0.739406916191447,0.883950932648292,0.988958064512448,1.70816327920692,0.2831851041178,1.65905854663085,0.229327567682402,0.00118827532349641,0.439093594637381,0.401454355451806,0.000935616960061836,0.765211996699673,0.827656358701333,0.00934473297976401,0.483417871400049,0.477223431478171,0.000583101073719838,0.536481717497427,0.109386708547746,0.736361432173519,0.0295069635969782,0.554187890547009,0.180250264175449,0.300854655468108,0.169419223112679,0.378180424831323,1.38317831512474,0.18294133967365,0.863716776529163,0.281943369660311
0.170035903219017,0.225957904316769,0.310123323337878,0.2831851041178,1.74563358199453,0.236051309794532,1.66834403742256,0.884195661960545,1.68338132543718,1.72587123718436,0.915476712991132,0.00185727523428314,1.47522194292039,1.14602110459326,0.107049950996377,0.114258734579193,0.993251142329775,0.0672765399537965,1.51675760861119,0.0018520200289065,0.802141825819591,0.12086245151378,0.443366238477211,0.308636431813831,0.472884196193089,0.247709355436669,0.0570312309073513,0.470093617712069,0.0219359921808366,0.36168166067986
0.731806291436519,0.863435038870784,0.950061957905773,1.65905854663085,0.236051309794532,2.10155831722074,0.183959513341285,0.00175396450509568,0.390703192848154,0.352697912255513,0.00229729665174139,0.936143383013014,0.814215822329535,0.000238785499742988,0.680165781618972,0.674336050966089,0.0136652115468334,0.736777730258104,0.0709885220817457,0.942679872862596,0.0774818541716575,0.79445275045249,0.300674601531033,0.465960897451152,0.287459487169174,0.570554082532209,1.80533501898676,0.308813009098928,1.19058406669568,0.447543648514482
0.136565519709132,0.185526970503772,0.26182530792891,0.229327567682402,1.66834403742256,0.183959513341285,1.86133511747528,1.0273515130874,1.67752896134938,1.7610495175134,1.06702569699185,0.000299754972944655,1.44453451230966,1.32961961888267,0.164700571555098,0.174185333448702,1.17057881085711,0.112001991353759,1.70706449458424,0.0118975124050298,0.967418661689691,0.187735247011648,0.568109730951287,0.414307356342221,0.602904201092641,0.343617674334102,0.0281385515413279,0.601502647735671,0.0538955966258872,0.47931990214432
0.000871848715610524,0.00483395390076113,0.0184229826832574,0.00118827532349641,0.884195661960545,0.00175396450509568,1.0273515130874,1.93920029770252,0.843571113533446,0.939701577063853,1.93873695522091,0.198510510086222,0.614958434085098,1.92434946747009,0.81129271581456,0.83532619311209,1.92622717018204,0.674881174204973,1.63831806804512,0.320898679806222,1.82703774721961,0.913474918724953,1.46938659494346,1.27805414008422,1.51062315610019,1.18168213170717,0.14162711823065,1.51065933955238,0.6162277101712,1.37229581193799
0.244470384381178,0.321015095853991,0.430647670468716,0.439093594637381,1.68338132543718,0.390703192848154,1.67752896134938,0.843571113533446,2.34046627189263,2.29621816563286,0.884093956577009,0.0196493977765579,2.10321117940744,1.19067573737378,0.0590840605929706,0.0648445052682178,1.01770948776982,0.0291241382488896,1.70090981290237,0.00311729233274161,0.796019879177613,0.0682253064218421,0.387974692123869,0.246799522893145,0.420742865382444,0.185572759913317,0.148404507410897,0.418897600146937,0.00125395515572269,0.302787891286311
0.221432105774023,0.293703875581744,0.399041306195036,0.401454355451806,1.72587123718436,0.352697912255513,1.7610495175134,0.939701577063853,2.29621816563286,2.51524563501809,0.98873806070187,0.0106844590852067,2.14320013799877,1.3399951196496,0.0873723011927252,0.0947516118799188,1.16151821541521,0.0483817033534759,1.88844382637362,0.000217885317253419,0.925678978681956,0.102306668659796,0.473077472732994,0.314057926555925,0.511272493478853,0.2440384492151,0.118329530488763,0.511170698138726,0.0081625519434203,0.381555145385113
0.000694974535521586,0.00446172607091655,0.0179709791772964,0.000935616960061836,0.915476712991132,0.00229729665174139,1.06702569699185,1.93873695522091,0.884093956577009,0.98873806070187,2.14663261332561,0.210707043973166,0.650641784161206,2.12365859860872,0.876102291829045,0.903109692196789,2.13313583059598,0.725170844200416,1.77049503469699,0.342009706427744,2.02024371857489,0.999872415395031,1.61370732316112,1.40254198359815,1.66202264638426,1.2976053255489,0.156193860805923,1.66462136069138,0.676842533258187,1.51279760908442
0.456196613743748,0.480991654974182,0.458252629233315,0.765211996699673,0.00185727523428314,0.936143383013014,0.000299754972944655,0.198510510086222,0.0196493977765579,0.0106844590852067,0.210707043973166,1.43451079430809,0.12823172152529,0.188020878200898,1.15249048427459,1.14631236054538,0.30876772889887,1.20433177023709,0.0464895277651021,1.38497206975568,0.47886260088965,1.20636643352676,0.793362528863558,0.960166609301856,0.779368169865364,1.04712424783413,1.37539583195616,0.804381541282895,1.37739217504925,0.941115490012909
0.411192869998792,0.528416933889444,0.680301318191168,0.827656358701333,1.47522194292039,0.814215822329535,1.44453451230966,0.614958434085098,2.10321117940744,2.14320013799877,0.650641784161206,0.12823172152529,3.61793575110329,0.968025558017888,1.74423211896091e-05,0.000232808197678125,0.789621636099639,0.00459075170641565,1.5514860601337,0.083874845609881,0.559613408907706,8.05682534021912e-07,0.180451111091561,0.0748919978203828,0.205910219459198,0.0373614732787741,0.519899672298144,0.202459876569455,0.0730939264590997,0.109241321060863
0.00550411821058283,0.014490135845644,0.03785664638065,0.00934473297976401,1.14602110459326,0.000238785499742988,1.32961961888267,1.92434946747009,1.19067573737378,1.3399951196496,2.12365859860872,0.188020878200898,0.968025558017888,3.21045342985024,0.958957204719153,0.995447213179219,3.02776235228518,0.767110945302232,2.49575399735711,0.326625478221207,2.75855448431947,1.17032873231739,2.02463329955254,1.72841680993698,2.11939715274483,1.59124249337013,0.135122500183678,2.14916321678197,0.763160132430616,1.93632124442147
0.249331270037417,0.253499905329435,0.222990586715021,0.483417871400049,0.107049950996377,0.680165781618972,0.164700571555098,0.81129271581456,0.0590840605929706,0.0873723011927252,0.876102291829045,1.15249048427459,1.74423211896091e-05,0.958957204719153,3.11178289729351,3.10558142587634,1.34440032657852,2.62046298076186,0.510581543056365,1.59563746744291,1.83484086440024,3.11166402409953,2.53497495503331,2.87079308900615,2.52729574491121,3.00201106335696,1.75772882212758,2.60314815625455,2.91088693867132,2.86199176398833
0.244911252564497,0.248712069827903,0.218120092339667,0.477223431478171,0.114258734579193,0.674336050966089,0.174185333448702,0.83532619311209,0.0648445052682178,0.0947516118799188,0.903109692196789,1.14631236054538,0.000232808197678125,0.995447213179219,3.10558142587634,3.22125297388514,1.3954622947755,2.61471990710743,0.534457336420581,1.58968802545077,1.90571218256141,3.21992015272586,2.6305100657409,2.981922302745,2.62455808688544,3.1174122322242,1.7707995045648,2.70564458034345,2.9880931367975,2.97484941724273
0.000200537119781075,0.000685908907737343,0.00939001745890167,0.000583101073719838,0.993251142329775,0.0136652115468334,1.17057881085711,1.92622717018204,1.01770948776982,1.16151821541521,2.13313583059598,0.30876772889887,0.789621636099639,3.02776235228518,1.34440032657852,1.3954622947755,3.91357095918886,1.08571348524767,2.33383390574912,0.503418863050266,3.62786153223788,1.69894986432417,2.73385069005112,2.39260725764883,2.86831731643724,2.23936805815409,0.299745147694373,2.92713104931955,1.20026180971549,2.69067269416297
0.282569450538371,0.290051645756138,0.260472128680315,0.536481717497427,0.0672765399537965,0.736777730258104,0.112001991353759,0.674881174204973,0.0291241382488896,0.0483817033534759,0.725170844200416,1.20433177023709,0.00459075170641565,0.767110945302232,2.62046298076186,2.61471990710743,1.08571348524767,2.67716257564581,0.383650952201712,1.65199408029336,1.4921800926069,2.66077341670838,2.09587395201048,2.38610256669575,2.08385643222523,2.51090716756595,1.74196432286221,2.1438790368437,2.60304558651546,2.37392693773076
0.0600815076149701,0.0921159558946527,0.149422086077579,0.109386708547746,1.51675760861119,0.0709885220817457,1.70706449458424,1.63831806804512,1.70090981290237,1.88844382637362,1.77049503469699,0.0464895277651021,1.5514860601337,2.49575399735711,0.510581543056365,0.534457336420581,2.33383390574912,0.383650952201712,3.20207349511002,0.112750152274688,2.05128281617463,0.624145309549991,1.34310343505236,1.07741872063317,1.42352847010491,0.955255328107561,0.0045489365292104,1.44554776149461,0.317771607848299,1.24476939377999
0.409808430993243,0.432065680190896,0.408772684147256,0.736361432173519,0.0018520200289065,0.942679872862596,0.0118975124050298,0.320898679806222,0.00311729233274161,0.000217885317253419,0.342009706427744,1.38497206975568,0.083874845609881,0.326625478221207,1.59563746744291,1.58968802545077,0.503418863050266,1.65199408029336,0.112750152274688,1.85842526018828,0.743912451944473,1.67286276864098,1.15877975756084,1.37563646764609,1.14399290870432,1.48586669046029,1.65387518624777,1.18078566944454,1.840383504371,1.35884783888674
0.0141990351580912,0.00756478566028429,0.000485811536043546,0.0295069635969782,0.802141825819591,0.0774818541716575,0.967418661689691,1.82703774721961,0.796019879177613,0.925678978681956,2.02024371857489,0.47886260088965,0.559613408907706,2.75855448431947,1.83484086440024,1.90571218256141,3.62786153223788,1.4921800926069,2.05128281617463,0.743912451944473,4.74296034427878,2.42697045639739,3.6333683619364,3.27151757815606,3.8388289316747,3.11623296674589,0.585114734239165,3.95694111418645,1.8431421013474,3.71046805089198
0.266558574076886,0.275261053091594,0.246339750553221,0.554187890547009,0.12086245151378,0.79445275045249,0.187735247011648,0.913474918724953,0.0682253064218421,0.102306668659796,0.999872415395031,1.20636643352676,8.05682534021912e-07,1.17032873231739,3.11166402409953,3.21992015272586,1.69894986432417,2.66077341670838,0.624145309549991,1.67286276864098,2.42697045639739,5.07866819631507,3.42456108696052,4.13496288532455,3.49183126557147,4.57820731016509,2.28908100892886,3.72759287050369,4.45243204217299,4.36344925632998
0.0890144588674637,0.0798698135351477,0.0537762380725675,0.180250264175449,0.443366238477211,0.300674601531033,0.568109730951287,1.46938659494346,0.387974692123869,0.473077472732994,1.61370732316112,0.793362528863558,0.180451111091561,2.02463329955254,2.53497495503331,2.6305100657409,2.73385069005112,2.09587395201048,1.34310343505236,1.15877975756084,3.6333683619364,3.42456108696052,4.67131846665712,4.30846869148397,4.65653046520714,4.1516001586277,1.18095448044713,4.67041566486951,2.80855232568688,4.56817718060166
0.146541043171555,0.141244894947048,0.110764923217382,0.300854655468108,0.308636431813831,0.465960897451152,0.414307356342221,1.27805414008422,0.246799522893145,0.314057926555925,1.40254198359815,0.960166609301856,0.0748919978203828,1.72841680993698,2.87079308900615,2.981922302745,2.39260725764883,2.38610256669575,1.07741872063317,1.37563646764609,3.27151757815606,4.13496288532455,4.30846869148397,5.10456335461717,4.43378039873704,4.94710925312251,1.59232193892102,4.69574273924578,3.51023014628481,5.08541368322922
0.0828715786672243,0.0735287162764435,0.0481091215249227,0.169419223112679,0.472884196193089,0.287459487169174,0.602904201092641,1.51062315610019,0.420742865382444,0.511272493478853,1.66202264638426,0.779368169865364,0.205910219459198,2.11939715274483,2.52729574491121,2.62455808688544,2.86831731643724,2.08385643222523,1.42352847010491,1.14399290870432,3.8388289316747,3.49183126557147,4.65653046520714,4.43378039873704,5.03662804252853,4.2937083269344,1.17412176305909,5.03223600644144,2.86740176482919,4.85266684829317
0.181929493037465,0.180232160424469,0.149006618138198,0.378180424831323,0.247709355436669,0.570554082532209,0.343617674334102,1.18168213170717,0.185572759913317,0.2440384492151,1.2976053255489,1.04712424783413,0.0373614732787741,1.59124249337013,3.00201106335696,3.1174122322242,2.23936805815409,2.51090716756595,0.955255328107561,1.48586669046029,3.11623296674589,4.57820731016509,4.1516001586277,4.94710925312251,4.2937083269344,5.54335573512601,1.85744214592507,4.62416433445786,3.99437733264035,5.32005281428046
0.626174129404446,0.712578270511573,0.747341869395592,1.38317831512474,0.0570312309073513,1.80533501898676,0.0281385515413279,0.14162711823065,0.148404507410897,0.118329530488763,0.156193860805923,1.37539583195616,0.519899672298144,0.135122500183678,1.75772882212758,1.7707995045648,0.299745147694373,1.74196432286221,0.0045489365292104,1.65387518624777,0.585114734239165,2.28908100892886,1.18095448044713,1.59232193892102,1.17412176305909,1.85744214592507,4.19228475935723,1.26236487979728,3.18235390494416,1.64197192396657
0.0882998639774066,0.0792079123233029,0.0529792113317242,0.18294133967365,0.470093617712069,0.308813009098928,0.601502647735671,1.51065933955238,0.418897600146937,0.511170698138726,1.66462136069138,0.804381541282895,0.202459876569455,2.14916321678197,2.60314815625455,2.70564458034345,2.92713104931955,2.1438790368437,1.44554776149461,1.18078566944454,3.95694111418645,3.72759287050369,4.67041566486951,4.69574273924578,5.03223600644144,4.62416433445786,1.26236487979728,5.63991406735379,3.10547409025934,5.39333991266905
0.400790674803649,0.433104346874794,0.418305250428307,0.863716776529163,0.0219359921808366,1.19058406669568,0.0538955966258872,0.6162277101712,0.00125395515572269,0.0081625519434203,0.676842533258187,1.37739217504925,0.0730939264590997,0.763160132430616,2.91088693867132,2.9880931367975,1.20026180971549,2.60304558651546,0.317771607848299,1.840383504371,1.8431421013474,4.45243204217299,2.80855232568688,3.51023014628481,2.86740176482919,3.99437733264035,3.18235390494416,3.10547409025934,6.00683036208973,3.8298493045661
0.133824537127369,0.127756421767466,0.0976677758078552,0.281943369660311,0.36168166067986,0.447543648514482,0.47931990214432,1.37229581193799,0.302787891286311,0.381555145385113,1.51279760908442,0.941115490012909,0.109241321060863,1.93632124442147,2.86199176398833,2.97484941724273,2.69067269416297,2.37392693773076,1.24476939377999,1.35884783888674,3.71046805089198,4.36344925632998,4.56817718060166,5.08541368322922,4.85266684829317,5.32005281428046,1.64197192396657,5.39333991266905,3.8298493045661,6.52728331602752
