0,0.169240249798257,0.363237658771849,0.968779222761861,2.14499155149433,1.37737551028554,2.32763385399485,2.67688637620914,2.59095527906811,2.81181119940788,2.88467244019241,1.26154734275843,3.53497978704355,3.93887496936691,3.35255013315651,3.47086024469399,4.65259966088714,2.85145345050691,3.82134025581792,1.77823817413963,5.45399204990044,5.28498082409914,5.23271932486004,5.5509110442119,5.61031466113192,5.91892652498891,3.67936627648617,6.20274411533682,5.94467878842027,6.99906401771062
0.169240249798257,0,0.203148391374627,0.829367186976296,2.18282354642695,1.26379401254513,2.3793869495337,2.81863816296696,2.58754185325061,2.81694365692056,3.02681493424975,1.36163325742569,3.45020765639037,4.07057893122491,3.4938888597006,3.6129346072953,4.80130491443935,2.9861650571995,3.90694735638668,1.88339967287245,5.61693654602418,5.41725186319785,5.40068461265279,5.71117933778904,5.7786763830416,6.07199718734303,3.65623399140005,6.37060401577315,6.0297274414061,7.16087624555855
0.363237658771849,0.203148391374627,0,0.760037287076473,2.15517707221322,1.23122453830364,2.36747463851191,2.93214446923046,2.50896106784965,2.74695315952246,3.14048079186547,1.54779567273591,3.28712325161541,4.16453027398339,3.69559186075792,3.81480292610026,4.92458106116551,3.18600845517963,3.93301945984931,2.07067002878822,5.77177885810115,5.61577883210308,5.59355612740644,5.91282364507686,5.97019993637313,6.27513263574406,3.72739115746049,6.5637457815848,6.20000999812757,7.36173790130626
0.968779222761861,0.829367186976296,0.760037287076473,0,2.88742665296584,0.491604503165949,3.11084326131739,3.64498702626245,3.17044236182478,3.42050020332139,3.85292465861241,1.61225008011566,3.67078631290754,4.89992724309763,3.85311043370033,3.97496939013572,5.62056803624834,3.31236241985787,4.69146335722144,2.09386567504816,6.39210969629174,5.67845569442797,6.01898121751314,6.21101732288787,6.40595287551009,6.49515816467028,3.13409140831467,6.98219466721341,5.98756008823832,7.67155985591381
2.14499155149433,2.18282354642695,2.15517707221322,2.88742665296584,0,3.3750892796262,0.270280624624687,1.91644255577596,0.719337203012784,0.809136742643884,2.06131276933788,3.17642982583405,2.41312544725704,2.66404480265824,4.64331657729528,4.73836908672128,3.67270225652384,4.28824307773275,1.91419185988216,3.60035480212499,4.88431027463413,6.58257687528204,5.53021957169723,6.23292407298404,5.83649323213688,6.7935706062472,5.82385587953705,6.44536041392418,7.70859195972258,7.54955357666233
1.37737551028554,1.26379401254513,1.23122453830364,0.491604503165949,3.3750892796262,0,3.59497440801344,4.03725068591307,3.66061820341706,3.9114081277278,4.24359633724287,1.6637823455028,4.09106242366496,5.31153417607149,3.8530096512763,3.9741391891737,5.98779885331593,3.30516543235034,5.16165476816726,2.07462383168382,6.6895549531562,5.59132101263083,6.17152758081579,6.2741998769356,6.56326738541091,6.50380588728232,2.68317303860445,7.12384636637667,5.72722054591912,7.73375433621929
2.32763385399485,2.3793869495337,2.36747463851191,3.11084326131739,0.270280624624687,3.59497440801344,0,1.745832389003,0.846743466669141,0.854481717466566,1.87391633681719,3.29524640183748,2.59020184395925,2.41254930956018,4.64371687165859,4.73421742446302,3.43374845494992,4.31449371041357,1.64927962341681,3.6959653528535,4.66945813837468,6.56453281976705,5.39643412222983,6.13728375940801,5.69215475781852,6.71745550393308,5.99734277374985,6.29824388935773,7.76037428631323,7.42997862921416
2.67688637620914,2.81863816296696,2.93214446923046,3.64498702626245,1.91644255577596,4.03725068591307,1.745832389003,0,2.59252434252826,2.5750427785929,0.208359000586326,2.97669007183817,4.32721918063562,1.30095479261258,3.42839776336691,3.48980088536348,2.00031691652731,3.26660052493839,1.86463765672229,3.15582819827836,3.02808514754208,5.19091865656769,3.67174557447274,4.48765537215124,3.95458202803066,5.11919176941419,5.84823082059845,4.55779568595156,6.71357523944985,5.72189198985406
2.59095527906811,2.58754185325061,2.50896106784965,3.17044236182478,0.719337203012784,3.66061820341706,0.846743466669141,2.59252434252826,0,0.263275575644986,2.71891097206422,3.7356782706476,1.75197966418104,3.16956822699531,5.33408104800019,5.43203023524133,4.21861825554184,4.95938057104066,2.14072014119791,4.19265694741542,5.49138685781618,7.28268385536401,6.23583535430201,6.95143058072351,6.53560858365626,7.512676487192,6.23594201642806,7.14258513895254,8.34478872367091,8.26217380534753
2.81181119940788,2.81694365692056,2.74695315952246,3.42050020332139,0.809136742643884,3.9114081277278,0.854481717466566,2.5750427785929,0.263275575644986,0,2.68440212693996,3.92838751115576,1.84678111012384,3.04570882556912,5.45228392992614,5.54699538514339,4.10578016337654,5.09564480395694,1.94043147738087,4.37323512457186,5.40684802193295,7.38930049401357,6.24040915620922,6.99169313652341,6.5293286905889,7.57052447171389,6.47087133339779,7.13281830609442,8.50575089322097,8.27941866027538
2.88467244019241,3.02681493424975,3.14048079186547,3.85292465861241,2.06131276933788,4.24359633724287,1.87391633681719,0.208359000586326,2.71891097206422,2.68440212693996,0,3.15972931968737,4.46328479610649,1.10976884595842,3.50621092696103,3.56166620281718,1.79393191132252,3.37345350057059,1.80771603904165,3.3210384606584,2.84910552045462,5.22555597885062,3.59053643366049,4.44611200074649,3.85921536308562,5.09477769735383,6.026529651071,4.45730395929664,6.79977790889897,5.64832071118429
1.26154734275843,1.36163325742569,1.54779567273591,1.61225008011566,3.17642982583405,1.6637823455028,3.29524640183748,2.97669007183817,3.7356782706476,3.92838751115576,3.15972931968737,0,4.7959831023608,4.26892246775653,2.24131272305242,2.36313904710247,4.73054629569921,1.70300982947971,4.5436052338879,0.522991914985007,5.21974593680757,4.10044612356963,4.5191042032381,4.61874093032155,4.91240249710589,4.88361803376583,2.87600388975299,5.46566177909609,4.68655680629931,6.07956313030979
3.53497978704355,3.45020765639037,3.28712325161541,3.67078631290754,2.41312544725704,4.09106242366496,2.59020184395925,4.32721918063562,1.75197966418104,1.84678111012384,4.46328479610649,4.7959831023608,0,4.89233806491776,6.72968376375442,6.83872310859308,5.95226343809288,6.28591682333627,3.71703712594591,5.30861132007181,7.24166927756666,8.6966023360533,7.9283519955773,8.5727151100797,8.24274335471342,9.08656853967175,6.77042116586423,8.85293006531818,9.47857826027482,9.92673642500909
3.93887496936691,4.07057893122491,4.16453027398339,4.89992724309763,2.66404480265824,5.31153417607149,2.41254930956018,1.30095479261258,3.16956822699531,3.04570882556912,1.10976884595842,4.26892246775653,4.89233806491776,0,4.40432191770544,4.44081197737694,1.06849968446875,4.35339411489158,1.42101893024604,4.4156277335961,2.43630480549008,5.94846416153054,3.83250529740229,4.85818316459345,4.0082871668891,5.57132417823599,7.13249318884011,4.55204106364009,7.69096352707874,5.86509425703482
3.35255013315651,3.4938888597006,3.69559186075792,3.85311043370033,4.64331657729528,3.8530096512763,4.64371687165859,3.42839776336691,5.33408104800019,5.45228392992614,3.50621092696103,2.24131272305242,6.72968376375442,4.40432191770544,0,0.121873019425975,4.33655320332533,0.548019511415597,5.29269330629079,1.77893322259597,4.18506151277181,1.96712304540952,2.713151453884,2.47476007389837,3.09381944999961,2.65111650570559,3.78861001239556,3.54540065213821,3.2968393820406,3.91508268534436
3.47086024469399,3.6129346072953,3.81480292610026,3.97496939013572,4.73836908672128,3.9741391891737,4.73421742446302,3.48980088536348,5.43203023524133,5.54699538514339,3.56166620281718,2.36313904710247,6.83872310859308,4.44081197737694,0.121873019425975,0,4.34389934352301,0.668975735316098,5.354411796154,1.90030218317187,4.1527889530411,1.86008086474849,2.63155130906047,2.36197172301232,3.00876484264279,2.52978424456274,3.87193872411277,3.44987788055202,3.25189706237986,3.79883745542719
4.65259966088714,4.80130491443935,4.92458106116551,5.62056803624834,3.67270225652384,5.98779885331593,3.43374845494992,2.00031691652731,4.21861825554184,4.10578016337654,1.79393191132252,4.73054629569921,5.95226343809288,1.06849968446875,4.33655320332533,4.34389934352301,0,4.41930656433934,2.44797664280064,4.76515849327661,1.40080823899188,5.5943394268556,3.11718804574375,4.23291979850837,3.2135643688429,4.97819057800669,7.50636542315735,3.69922292790356,7.51987770184761,5.05950888689046
2.85145345050691,2.9861650571995,3.18600845517963,3.31236241985787,4.28824307773275,3.30516543235034,4.31449371041357,3.26660052493839,4.95938057104066,5.09564480395694,3.37345350057059,1.70300982947971,6.28591682333627,4.35339411489158,0.548019511415597,0.668975735316098,4.41930656433934,0,5.1119341663524,1.23159967524737,4.4357627347108,2.43428393854412,3.15673313828198,3.00952079687148,3.54607775372388,3.19870397563991,3.38551868927861,4.0293185693122,3.47790176470461,4.45659201621181
3.82134025581792,3.90694735638668,3.93301945984931,4.69146335722144,1.91419185988216,5.16165476816726,1.64927962341681,1.86463765672229,2.14072014119791,1.94043147738087,1.80771603904165,4.5436052338879,3.71703712594591,1.42101893024604,5.29269330629079,5.354411796154,2.44797664280064,5.1119341663524,0,4.83499845074892,3.84246820703955,7.03245107232511,5.18718509166242,6.15179940846085,5.39164459742873,6.8349185740209,7.38526038140882,5.95089203947458,8.57336064150315,7.23981802357756
1.77823817413963,1.88339967287245,2.07067002878822,2.09386567504816,3.60035480212499,2.07462383168382,3.6959653528535,3.15582819827836,4.19265694741542,4.37323512457186,3.3210384606584,0.522991914985007,5.30861132007181,4.4156277335961,1.77893322259597,1.90030218317187,4.76515849327661,1.23159967524737,4.83499845074892,0,5.11356070057811,3.59136791922138,4.21218421172372,4.21171567951327,4.60706748530817,4.43004761439371,2.74295964704997,5.13676798865298,4.18448861353601,5.66801289844232
5.45399204990044,5.61693654602418,5.77177885810115,6.39210969629174,4.88431027463413,6.6895549531562,4.66945813837468,3.02808514754208,5.49138685781618,5.40684802193295,2.84910552045462,5.21974593680757,7.24166927756666,2.43630480549008,4.18506151277181,4.1527889530411,1.40080823899188,4.4357627347108,3.84246820703955,5.11356070057811,0,4.96768762779908,2.14754208706311,3.30448854258383,2.10193052345791,4.053850145913,7.76501563515768,2.46899218325967,7.0635065036737,3.84930755852235
5.28498082409914,5.41725186319785,5.61577883210308,5.67845569442797,6.58257687528204,5.59132101263083,6.56453281976705,5.19091865656769,7.28268385536401,7.38930049401357,5.22555597885062,4.10044612356963,8.6966023360533,5.94846416153054,1.96712304540952,1.86008086474849,5.5943394268556,2.43428393854412,7.03245107232511,3.59136791922138,4.96768762779908,0,2.90086448905116,1.91330578028313,3.13163370770066,1.4656093111109,4.69279093781458,3.26339652266148,2.18063447405883,2.87905299968263
5.23271932486004,5.40068461265279,5.59355612740644,6.01898121751314,5.53021957169723,6.17152758081579,5.39643412222983,3.67174557447274,6.23583535430201,6.24040915620922,3.59053643366049,4.5191042032381,7.9283519955773,3.83250529740229,2.713151453884,2.63155130906047,3.11718804574375,3.15673313828198,5.18718509166242,4.21218421172372,2.14754208706311,2.90086448905116,0,1.15894443830635,0.394885578771362,1.91147388452772,6.50169426512009,0.970401204271895,5.06104417737309,2.06224742148132
5.5509110442119,5.71117933778904,5.91282364507686,6.21101732288787,6.23292407298404,6.2741998769356,6.13728375940801,4.48765537215124,6.95143058072351,6.99169313652341,4.44611200074649,4.61874093032155,8.5727151100797,4.85818316459345,2.47476007389837,2.36197172301232,4.23291979850837,3.00952079687148,6.15179940846085,4.21171567951327,3.30448854258383,1.91330578028313,1.15894443830635,0,1.27363059967163,0.753700583498163,6.11220423613236,1.3529919434794,4.09093342413728,1.46101930418625
5.61031466113192,5.7786763830416,5.97019993637313,6.40595287551009,5.83649323213688,6.56326738541091,5.69215475781852,3.95458202803066,6.53560858365626,6.5293286905889,3.85921536308562,4.91240249710589,8.24274335471342,4.0082871668891,3.09381944999961,3.00876484264279,3.2135643688429,3.54607775372388,5.39164459742873,4.60706748530817,2.10193052345791,3.13163370770066,0.394885578771362,1.27363059967163,0,1.99256712378573,6.88066927576756,0.612070096999448,5.30865487495987,1.85857766196972
5.91892652498891,6.07199718734303,6.27513263574406,6.49515816467028,6.7935706062472,6.50380588728232,6.71745550393308,5.11919176941419,7.512676487192,7.57052447171389,5.09477769735383,4.88361803376583,9.08656853967175,5.57132417823599,2.65111650570559,2.52978424456274,4.97819057800669,3.19870397563991,6.8349185740209,4.43004761439371,4.053850145913,1.4656093111109,1.91147388452772,0.753700583498163,1.99256712378573,0,6.02075620263309,1.93494113356409,3.56143143193503,1.4305334225926
3.67936627648617,3.65623399140005,3.72739115746049,3.13409140831467,5.82385587953705,2.68317303860445,5.99734277374985,5.84823082059845,6.23594201642806,6.47087133339779,6.026529651071,2.87600388975299,6.77042116586423,7.13249318884011,3.78861001239556,3.87193872411277,7.50636542315735,3.38551868927861,7.38526038140882,2.74295964704997,7.76501563515768,4.69279093781458,6.50169426512009,6.11220423613236,6.88066927576756,6.02075620263309,0,7.30746906711646,3.83440731155864,7.4356242274516
6.20274411533682,6.37060401577315,6.5637457815848,6.98219466721341,6.44536041392418,7.12384636637667,6.29824388935773,4.55779568595156,7.14258513895254,7.13281830609442,4.45730395929664,5.46566177909609,8.85293006531818,4.55204106364009,3.54540065213821,3.44987788055202,3.69922292790356,4.0293185693122,5.95089203947458,5.13676798865298,2.46899218325967,3.26339652266148,0.970401204271895,1.3529919434794,0.612070096999448,1.93494113356409,7.30746906711646,0,5.43579624892483,1.38051755804321
5.94467878842027,6.0297274414061,6.20000999812757,5.98756008823832,7.70859195972258,5.72722054591912,7.76037428631323,6.71357523944985,8.34478872367091,8.50575089322097,6.79977790889897,4.68655680629931,9.47857826027482,7.69096352707874,3.2968393820406,3.25189706237986,7.51987770184761,3.47790176470461,8.57336064150315,4.18448861353601,7.0635065036737,2.18063447405883,5.06104417737309,4.09093342413728,5.30865487495987,3.56143143193503,3.83440731155864,5.43579624892483,0,4.87441506898505
6.99906401771062,7.16087624555855,7.36173790130626,7.67155985591381,7.54955357666233,7.73375433621929,7.42997862921416,5.72189198985406,8.26217380534753,8.27941866027538,5.64832071118429,6.07956313030979,9.92673642500909,5.86509425703482,3.91508268534436,3.79883745542719,5.05950888689046,4.45659201621181,7.23981802357756,5.66801289844232,3.84930755852235,2.87905299968263,2.06224742148132,1.46101930418625,1.85857766196972,1.4305334225926,7.4356242274516,1.38051755804321,4.87441506898505,0
