0,0.203017034824689,1.77729709572463,2.48642819738291,1.85171276420701,3.40242987073024,3.32968350508537,2.41572830687814,2.73016736417074,4.16226056488801,4.32020101327244,4.47271810865686,5.66827366261394,4.18845970559379,4.20159726225189,4.38423026475246,3.99425351316732,2.43717254106302,3.23748398596394,5.48654808724977,2.90595765217635,3.96611230058904,4.83582843007093,5.18779954743131,7.01669582223957,5.72613560334258,5.83069268898734,5.91716945497791,7.14358462149013,7.33172819370298
0.203017034824689,0,1.73115295189837,2.49739642900335,1.6742258890581,3.59193239796873,3.51640536988749,2.5487138784529,2.87342937380985,4.3049408900676,4.46506873505079,4.59560872430383,5.82351537935341,4.38964013395199,4.4023483821761,4.585467546616,4.19226850301783,2.35962266419419,3.15950893652629,5.68954800355215,2.80952018694096,3.90412657564858,4.93319759553067,5.14783719228875,7.21541773636985,5.79531285636656,6.02948734726144,5.93225882033471,7.32522462742394,7.52243854257762
1.77729709572463,1.73115295189837,0,0.945540312753027,1.42463267685886,3.69080212682393,3.56547586777195,2.03169230353745,2.39211377701693,5.79897729695746,5.94568232598679,6.1737781080029,7.22565327611869,4.78432929071111,4.77294058754012,4.97048110246769,4.46389436776598,3.95398722183939,4.73047236381953,6.24476250420359,4.32617649397354,5.51020409605506,6.58804918578601,6.79937325652938,8.014098720582,7.50201134697766,6.22578689824413,7.65900917803357,8.46074990018068,8.51332981921922
2.48642819738291,2.49739642900335,0.945540312753027,0,2.33905886494767,3.36354314924467,3.22318074071491,1.61212131751589,1.90974595817884,6.18770136665102,6.32008989049298,6.62977649472647,7.5123973203665,4.53754379767084,4.51381359159239,4.70854748805989,4.17010958057129,4.81675564965708,5.60613182456397,6.0234464390888,5.21727721403765,6.37378864567744,7.12226224458281,7.63928167395053,7.88675228795495,8.1101141993272,5.81547240170323,8.3992329799192,8.53563224557097,8.49367528486589
1.85171276420701,1.6742258890581,1.42463267685886,2.33905886494767,0,4.82223669450918,4.71494954190738,3.327278161229,3.69523293132289,5.94482074755951,6.10865153146719,6.18743679329466,7.4824675762667,5.79823515036659,5.79916571588931,5.99253520348232,5.53388885374182,3.13202305565313,3.81898387547848,7.18886799601399,3.37263189465073,4.61296893175356,6.44209486506134,5.94335118570482,8.81492505143835,7.18244209499058,7.35628403969888,7.04631484663924,8.99521951813735,9.17191108906625
3.40242987073024,3.59193239796873,3.69080212682393,3.36354314924467,4.82223669450918,0,0.146269140064188,1.75174762286472,1.47973311613455,4.27474995557385,4.332620317295,4.89000692233713,5.08332458918595,1.19687136859622,1.16423488775566,1.3538760450767,0.808379430066363,5.43215803309688,6.15422151791087,2.67530665727137,5.9627050135433,6.70407446037149,5.61540849912123,7.6336525539899,4.58718773842897,6.79503323278846,2.5428897507737,7.69825174984376,5.51445359179416,5.31279275291492
3.32968350508537,3.51640536988749,3.56547586777195,3.22318074071491,4.71494954190738,0.146269140064188,0,1.61223495900251,1.33501198731038,4.3573888848529,4.41968108784101,4.96772144684455,5.19671808924829,1.34297012265936,1.30986540416743,1.49879039080585,0.952067290979807,5.40152398375069,6.13198522502397,2.82031069762888,5.93065363858302,6.6947028187853,5.68560066800074,7.64360790725494,4.73342256227267,6.8613896492009,2.66215165520545,7.73972807907105,5.65452889471243,5.45760697034446
2.41572830687814,2.5487138784529,2.03169230353745,1.61212131751589,3.327278161229,1.75174762286472,1.61223495900251,0,0.367965459993813,5.06779073739229,5.17526831106663,5.59514146163475,6.22526745197798,2.92796468064096,2.90294678981618,3.09715441758489,2.55798826777322,4.81438250340991,5.60667534845549,4.41398710716727,5.3054527758283,6.29111735083051,6.20067088106845,7.42603925115363,6.29273175660136,7.29688918097433,4.2342891845158,7.87123279303366,7.03925138270957,6.94053506683902
2.73016736417074,2.87342937380985,2.39211377701693,1.90974595817884,3.69523293132289,1.47973311613455,1.33501198731038,0.367965459993813,0,5.09354107329034,5.19112392487861,5.6445242319485,6.17830556270478,2.67409362616475,2.64347023128493,2.83359996857733,2.2869700068547,5.09881985996872,5.8852285626458,4.15503518968957,5.59849297209684,6.55247521351597,6.27968976800216,7.65921683840859,6.05936402155677,7.39904733236868,3.90843585044126,8.03960217618562,6.88512213136139,6.74686726448559
4.16226056488801,4.3049408900676,5.79897729695746,6.18770136665102,5.94482074755951,4.27474995557385,4.3573888848529,5.06779073739229,5.09354107329034,0,0.172130377046433,0.640355900757741,1.57786495016249,3.80618012283991,3.86900756520117,3.89163891888015,4.04360433569625,3.97217206682553,4.20427292439222,3.93157496969913,4.36135384215493,4.24104849083802,1.42270979822188,4.49037737752214,4.2824259828572,2.60873997441707,5.07672496299634,3.84922829578992,3.50419369815614,4.02836215317344
4.32020101327244,4.46506873505079,5.94568232598679,6.32008989049298,6.10865153146719,4.332620317295,4.41968108784101,5.17526831106663,5.19112392487861,0.172130377046433,0,0.659251839731468,1.40610431865855,3.81867017121079,3.88224894151111,3.89617452354762,4.07075205530819,4.1413387973662,4.36474075601294,3.87838024098312,4.52715505247126,4.38732012902362,1.44485593762051,4.6036427175286,4.15974733301932,2.61560074892677,5.04535015442475,3.90796442882612,3.34174515371663,3.87880416970969
4.47271810865686,4.59560872430383,6.1737781080029,6.62977649472647,6.18743679329466,4.89000692233713,4.96772144684455,5.59514146163475,5.6445242319485,0.640355900757741,0.659251839731468,0,1.65178051468866,4.44633501968307,4.50908510170457,4.53189808323847,4.68034628305436,3.91709727629392,4.02698706353653,4.53686848769215,4.2457614313674,3.94851308597773,0.787287551823764,4.0343628480746,4.73796983515999,1.96876405573451,5.70298308339297,3.25518617705842,3.7470514123586,4.36341487342174
5.66827366261394,5.82351537935341,7.22565327611869,7.5123973203665,7.4824675762667,5.08332458918595,5.19671808924829,6.22526745197798,6.17830556270478,1.57786495016249,1.40610431865855,1.65178051468866,0,4.2800417855281,4.3451990249056,4.2948876858966,4.62238356150674,5.51434596337733,5.67208527438,3.82092305480881,5.87284649459251,5.59538534819186,2.13230442693829,5.58013976664545,3.4146646095834,2.97370902291836,5.10461929695481,4.52685587174764,2.13163852517198,2.82993968990213
4.18845970559379,4.38964013395199,4.78432929071111,4.53754379767084,5.79823515036659,1.19687136859622,1.34297012265936,2.92796468064096,2.67409362616475,3.80618012283991,3.81867017121079,4.44633501968307,4.2800417855281,0,0.0654195050261992,0.196016922719572,0.416655603754063,5.87160935683228,6.5159187541011,1.48605613128965,6.4020455928214,6.95672702698902,5.2215223984257,7.7181285627566,3.3910033929631,6.41240501053901,1.67823927876931,7.5195380755662,4.40774484422584,4.14486685825348
4.20159726225189,4.4023483821761,4.77294058754012,4.51381359159239,5.79916571588931,1.16423488775566,1.30986540416743,2.90294678981618,2.64347023128493,3.86900756520117,3.88224894151111,4.50908510170457,4.3451990249056,0.0654195050261992,0,0.19758804483435,0.370189682367393,5.9061706418375,6.55460613246418,1.51240575684988,6.43704312373871,7.00037650592097,5.28371638931536,7.76851089130882,3.42759270784864,6.47477618228777,1.65143867428724,7.57778643164989,4.46242559024564,4.19186942943506
4.38423026475246,4.585467546616,4.97048110246769,4.70854748805989,5.99253520348232,1.3538760450767,1.49879039080585,3.09715441758489,2.83359996857733,3.89163891888015,3.89617452354762,4.53189808323847,4.2948876858966,0.196016922719572,0.19758804483435,0,0.549217718158277,6.05198881911871,6.68991234141743,1.32152279202768,6.581750978035,7.12110555122693,5.31153728172176,7.86488124895551,3.2474073099518,6.50028147632444,1.49188806525269,7.63475772946137,4.32753962075734,4.03226730550348
3.99425351316732,4.19226850301783,4.46389436776598,4.17010958057129,5.53388885374182,0.808379430066363,0.952067290979807,2.55798826777322,2.2869700068547,4.04360433569625,4.07075205530819,4.68034628305436,4.62238356150674,0.416655603754063,0.370189682367393,0.549217718158277,0,5.81476367053063,6.48955642627297,1.86969919912513,6.34742082074004,6.9704409721107,5.4438840880631,7.79226616393886,3.79504735537155,6.63584038076986,1.83901749312689,7.68088499845233,4.8207382351663,4.56103638121107
2.43717254106302,2.35962266419419,3.95398722183939,4.81675564965708,3.13202305565313,5.43215803309688,5.40152398375069,4.81438250340991,5.09881985996872,3.97217206682553,4.1413387973662,3.91709727629392,5.51434596337733,5.87160935683228,5.9061706418375,6.05198881911871,5.81476367053063,0,0.800582484367394,6.84738170894322,0.53286317734561,1.55778389994824,3.86100221828481,2.85298927073744,7.91809237412666,4.30500394213588,7.54167698713469,3.93418593477763,7.4583923712084,7.89998833914514
3.23748398596394,3.15950893652629,4.73047236381953,5.60613182456397,3.81898387547848,6.15422151791087,6.13198522502397,5.60667534845549,5.8852285626458,4.20427292439222,4.36474075601294,4.02698706353653,5.67208527438,6.5159187541011,6.55460613246418,6.68991234141743,6.48955642627297,0.800582484367394,0,7.39919222917027,0.457113658531139,0.79474324269414,3.81198338364212,2.12457862008592,8.32940036594647,4.03160091501472,8.17041661805477,3.39435554851279,7.70619227074218,8.21535045160827
5.48654808724977,5.68954800355215,6.24476250420359,6.0234464390888,7.18886799601399,2.67530665727137,2.82031069762888,4.41398710716727,4.15503518968957,3.93157496969913,3.87838024098312,4.53686848769215,3.82092305480881,1.48605613128965,1.51240575684988,1.32152279202768,1.86969919912513,6.84738170894322,7.39919222917027,0,7.36141468196151,7.71914974809535,5.31745804018536,8.27982604899988,1.95249858070636,6.45609284392145,1.29421850073691,7.78074431488162,3.28011894286633,2.83719011415079
2.90595765217635,2.80952018694096,4.32617649397354,5.21727721403765,3.37263189465073,5.9627050135433,5.93065363858302,5.3054527758283,5.59849297209684,4.36135384215493,4.52715505247126,4.2457614313674,5.87284649459251,6.4020455928214,6.43704312373871,6.581750978035,6.34742082074004,0.53286317734561,0.457113658531139,7.36141468196151,0,1.24264844595973,4.10257150093978,2.57515987652641,8.38987885259677,4.40985098194103,8.0706827988563,3.8410399312036,7.86297049834533,8.33441471227839
3.96611230058904,3.90412657564858,5.51020409605506,6.37378864567744,4.61296893175356,6.70407446037149,6.6947028187853,6.29111735083051,6.55247521351597,4.24104849083802,4.38732012902362,3.94851308597773,5.59538534819186,6.95672702698902,7.00037650592097,7.12110555122693,6.9704409721107,1.55778389994824,0.79474324269414,7.71914974809535,1.24264844595973,0,3.58492521576947,1.33256431856175,8.48199473508947,3.5776687415635,8.57947300620038,2.71434877098139,7.69138534891346,8.2658594285033
4.83582843007093,4.93319759553067,6.58804918578601,7.12226224458281,6.44209486506134,5.61540849912123,5.68560066800074,6.20067088106845,6.27968976800216,1.42270979822188,1.44485593762051,0.787287551823764,2.13230442693829,5.2215223984257,5.28371638931536,5.31153728172176,5.4438840880631,3.86100221828481,3.81198338364212,5.31745804018536,4.10257150093978,3.58492521576947,0,3.44939443154969,5.41991236382951,1.19208615746914,6.48993918907506,2.50013642525656,4.26238634973356,4.94967319617872
5.18779954743131,5.14783719228875,6.79937325652938,7.63928167395053,5.94335118570482,7.6336525539899,7.64360790725494,7.42603925115363,7.65921683840859,4.49037737752214,4.6036427175286,4.0343628480746,5.58013976664545,7.7181285627566,7.76851089130882,7.86488124895551,7.79226616393886,2.85298927073744,2.12457862008592,8.27982604899988,2.57515987652641,1.33256431856175,3.44939443154969,0,8.76101850736585,3.00060194895918,9.26626312676699,1.68318481817398,7.71133483895501,8.38171624832629
7.01669582223957,7.21541773636985,8.014098720582,7.88675228795495,8.81492505143835,4.58718773842897,4.73342256227267,6.29273175660136,6.05936402155677,4.2824259828572,4.15974733301932,4.73796983515999,3.4146646095834,3.3910033929631,3.42759270784864,3.2474073099518,3.79504735537155,7.91809237412666,8.32940036594647,1.95249858070636,8.38987885259677,8.48199473508947,5.41991236382951,8.76101850736585,0,6.37976592727802,2.90036765502065,7.89900076381541,1.84228938337366,1.09051356849715
5.72613560334258,5.79531285636656,7.50201134697766,8.1101141993272,7.18244209499058,6.79503323278846,6.8613896492009,7.29688918097433,7.39904733236868,2.60873997441707,2.61560074892677,1.96876405573451,2.97370902291836,6.41240501053901,6.47477618228777,6.50028147632444,6.63584038076986,4.30500394213588,4.03160091501472,6.45609284392145,4.40985098194103,3.5776687415635,1.19208615746914,3.00060194895918,6.37976592727802,0,7.6533785106114,1.60020357086858,5.01077006891164,5.77662898909909
5.83069268898734,6.02948734726144,6.22578689824413,5.81547240170323,7.35628403969888,2.5428897507737,2.66215165520545,4.2342891845158,3.90843585044126,5.07672496299634,5.04535015442475,5.70298308339297,5.10461929695481,1.67823927876931,1.65143867428724,1.49188806525269,1.83901749312689,7.54167698713469,8.17041661805477,1.29421850073691,8.0706827988563,8.57947300620038,6.48993918907506,9.26626312676699,2.90036765502065,7.6533785106114,0,8.90822254795968,4.48370125603924,3.92763981397518
5.91716945497791,5.93225882033471,7.65900917803357,8.3992329799192,7.04631484663924,7.69825174984376,7.73972807907105,7.87123279303366,8.03960217618562,3.84922829578992,3.90796442882612,3.25518617705842,4.52685587174764,7.5195380755662,7.57778643164989,7.63475772946137,7.68088499845233,3.93418593477763,3.39435554851279,7.78074431488162,3.8410399312036,2.71434877098139,2.50013642525656,1.68318481817398,7.89900076381541,1.60020357086858,8.90822254795968,0,6.59938500806472,7.35004117940082
7.14358462149013,7.32522462742394,8.46074990018068,8.53563224557097,8.99521951813735,5.51445359179416,5.65452889471243,7.03925138270957,6.88512213136139,3.50419369815614,3.34174515371663,3.7470514123586,2.13163852517198,4.40774484422584,4.46242559024564,4.32753962075734,4.8207382351663,7.4583923712084,7.70619227074218,3.28011894286633,7.86297049834533,7.69138534891346,4.26238634973356,7.71133483895501,1.84228938337366,5.01077006891164,4.48370125603924,6.59938500806472,0,0.850309548526527
7.33172819370298,7.52243854257762,8.51332981921922,8.49367528486589,9.17191108906625,5.31279275291492,5.45760697034446,6.94053506683902,6.74686726448559,4.02836215317344,3.87880416970969,4.36341487342174,2.82993968990213,4.14486685825348,4.19186942943506,4.03226730550348,4.56103638121107,7.89998833914514,8.21535045160827,2.83719011415079,8.33441471227839,8.2658594285033,4.94967319617872,8.38171624832629,1.09051356849715,5.77662898909909,3.92763981397518,7.35004117940082,0.850309548526527,0
