0,0.0739297408882776,1.73290127026958,0.944748815870814,1.5981581058316,1.76368165868201,1.27371452670296,2.23032300339042,2.55902981957996,1.30374281017989,1.67106410586979,1.54915915080976,2.17800524489227,2.70874030624505,3.03758350736253,3.58509226699878,3.33065073702831,3.33866608042751,4.04722857087554,2.93450423525171,4.008923455197,4.02186746341197,5.40364175384265,4.7160073864908,4.7235668093213,4.69525431287181,4.7872376658982,5.86996817869497,6.55243604360931,7.15439473155313
0.0739297408882776,0,1.67547474062336,0.873417382731842,1.537636872066,1.83069421325458,1.33194855801829,2.16742205220785,2.50149864474406,1.34270460308636,1.74453449389946,1.50980048438358,2.10810260457221,2.77153222394959,3.09741296018746,3.54555276529983,3.27490951430543,3.39511792258004,3.99590611748749,3.0075092460767,4.06920373044484,4.07718862976298,5.38371042816689,4.71690125901646,4.72621642564038,4.700336798278,4.78041414055878,5.91321828611156,6.58697968101764,7.17983190027618
1.73290127026958,1.67547474062336,0,1.38566442599826,0.177414683817592,2.96946390519354,3.00654696505012,0.553226974881513,0.826141227093896,2.98534677857751,3.14734932810602,2.42155734156939,0.796590052487774,3.67011209510741,3.87535837300738,2.02513759976934,1.60088014102549,4.04727879492349,2.33943347693752,4.30032496345957,4.78732974942721,4.64324666793884,4.12288842444661,3.89585248527246,3.94237815260453,3.97105058907553,3.79424130368593,6.04027270809881,6.45955964149796,6.80861968237827
0.944748815870814,0.873417382731842,1.38566442599826,0,1.20925388531991,2.69740946442098,1.98505894178153,1.71188371935538,2.12894112689723,1.80636988587634,2.60977778098253,1.05750996659015,1.48228797482671,3.62042229095317,3.93070672331442,3.41026482220816,2.89849818339868,4.2082771985993,3.67190661074388,3.87602114991091,4.90240536825769,4.88084322117703,5.46309334104083,5.04195550388555,5.06959031104472,5.0693329243062,5.02089114748718,6.6229700923199,7.22109753775161,7.72859921096323
1.5981581058316,1.537636872066,0.177414683817592,1.20925388531991,0,2.91599394600825,2.86942799611905,0.640294751965032,0.971697635710214,2.83228546125851,3.06415538919538,2.24416962456645,0.769941183473175,3.65189980372461,3.8723970161825,2.20222583141195,1.75130614787305,4.05943167496238,2.50040699080091,4.23942478791151,4.79747022096514,4.66887046674257,4.2970069800359,4.04437626287409,4.08835011546543,4.11302636934966,3.9537380019788,6.11661054272937,6.56051150825967,6.93098748534301
1.76368165868201,1.83069421325458,2.96946390519354,2.69740946442098,2.91599394600825,0,1.67351383607897,3.52225565763492,3.69255663281877,2.10087176439277,0.572902044208187,3.19145181575954,3.65586710925406,0.979819172395494,1.34760500510716,4.1929359446061,4.35408014231678,1.69982560224299,4.90965252956356,1.33674928942114,2.29442769453804,2.3828584631001,5.40137470947543,4.25791097425689,4.22312942889581,4.13912809646516,4.50803997182007,4.41113910870775,5.25097869564853,6.02893094108287
1.27371452670296,1.33194855801829,3.00654696505012,1.98505894178153,2.86942799611905,1.67351383607897,0,3.49643971085258,3.83268791125794,0.460131440536289,1.19788502488709,1.9051294783053,3.40112182225917,2.59782241085638,2.98362196533534,4.81194762591338,4.6040050669736,3.35317345503843,5.31448800953182,2.29209307975233,3.87336704297358,4.02315905334356,6.48891256511484,5.60273963187119,5.59008552373909,5.53371423161568,5.75586027345728,6.0827353385728,6.91929028193549,7.66810954345344
2.23032300339042,2.16742205220785,0.553226974881513,1.71188371935538,0.640294751965032,3.52225565763492,3.49643971085258,0,0.444643763000354,3.43382296465016,3.69628203575627,2.66773797636423,0.483384783438691,4.20824048629166,4.40104708910569,1.85750289074549,1.18838614095237,4.55706978896368,1.96803762304585,4.85353573401073,5.29795807452123,5.13463420593171,4.06003670182968,4.04912275072406,4.10877317544018,4.15725730266723,3.88081306390976,6.43437887730415,6.78677577213418,7.06255612047985
2.55902981957996,2.50149864474406,0.826141227093896,2.12894112689723,0.971697635710214,3.69255663281877,3.83268791125794,0.444643763000354,0,3.803956871815,3.92402152949357,3.10589987636081,0.893210508121139,4.29871182541225,4.45655512349471,1.424841891015,0.780182028232887,4.57746756881785,1.54321872283348,5.02927693162765,5.31544504341219,5.11826286959179,3.64150914918116,3.72602694683268,3.79301547017166,3.85336349998716,3.52273714088691,6.28496240192559,6.5720816832602,6.78927233445703
1.30374281017989,1.34270460308636,2.98534677857751,1.80636988587634,2.83228546125851,2.10087176439277,0.460131440536289,3.43382296465016,3.803956871815,0,1.65126061019274,1.52117105595429,3.27671098196869,3.04358047800174,3.42747769458023,4.8879967487839,4.58347919843761,3.79302492033839,5.32198080659555,2.7455429232364,4.32749526897613,4.46776642683549,6.6742361209577,5.87507769925721,5.86962316650447,5.82269874288324,5.996522637136,6.51115118109528,7.32714871312253,8.05022759100415
1.67106410586979,1.74453449389946,3.14734932810602,2.60977778098253,3.06415538919538,0.572902044208187,1.19788502488709,3.69628203575627,3.92402152949357,1.65126061019274,0,2.91731906560948,3.75793309326307,1.40536429204347,1.79288906859469,4.57762563827327,4.63168427471235,2.16773057423864,5.24071887001795,1.26759921123795,2.67630077183582,2.82982591282082,5.91344580109248,4.81395412910532,4.78230068939501,4.70180828160925,5.04861765659188,4.91031300417434,5.78353337078775,6.58442445619782
1.54915915080976,1.50980048438358,2.42155734156939,1.05750996659015,2.24416962456645,3.19145181575954,1.9051294783053,2.66773797636423,3.10589987636081,1.52117105595429,2.91731906560948,0,2.33166753791812,4.16895357367683,4.52265791311781,4.44316118038601,3.84795435368944,4.84644226155644,4.63217443151975,4.14192773317922,5.48344764769063,5.53398137752803,6.51965258558551,6.07312555239929,6.09592452954094,6.08802957640818,6.06905566135446,7.41823948235894,8.09526518860253,8.66838245249093
2.17800524489227,2.10810260457221,0.796590052487774,1.48228797482671,0.769941183473175,3.65586710925406,3.40112182225917,0.483384783438691,0.893210508121139,3.27671098196869,3.75793309326307,2.33166753791812,0,4.4175432506222,4.64202175634121,2.31793670704167,1.54329256070712,4.82847185599854,2.32649735175594,4.96545224138886,5.56693097711016,5.43355605007579,4.53255624610942,4.5263666975444,4.58419032420933,4.62937796686816,4.36366638562816,6.82676435599932,7.21731711329211,7.52093571446905
2.70874030624505,2.77153222394959,3.67011209510741,3.62042229095317,3.65189980372461,0.979819172395494,2.59782241085638,4.20824048629166,4.29871182541225,3.04358047800174,1.40536429204347,4.16895357367683,4.4175432506222,0,0.387961493737236,4.5145277276882,4.87152754326812,0.76736203752863,5.32005009438171,1.15064274535073,1.31489396674323,1.4253728336699,5.32391555570369,3.98064398176107,3.9224723772684,3.81013880395122,4.32081030420889,3.51490034485906,4.4248602276742,5.28502954972559
3.03758350736253,3.09741296018746,3.87535837300738,3.93070672331442,3.8723970161825,1.34760500510716,2.98362196533534,4.40104708910569,4.45655512349471,3.42747769458023,1.79288906859469,4.52265791311781,4.64202175634121,0.387961493737236,0,4.55315792168263,4.98623667830081,0.382446469855877,5.38624426780902,1.40774117409675,0.972280395789389,1.04030688449022,5.19639098622106,3.79143246781235,3.72508940809188,3.60347257505252,4.16171533141144,3.12859703579331,4.04935042448066,4.92763843963859
3.58509226699878,3.54555276529983,2.02513759976934,3.41026482220816,2.20222583141195,4.1929359446061,4.81194762591338,1.85750289074549,1.424841891015,4.8879967487839,4.57762563827327,4.44316118038601,2.31793670704167,4.5145277276882,4.55315792168263,0,1.02512561770923,4.55557766286248,0.892788668136441,5.46845593698807,5.24368102003669,4.94782551085055,2.22791735273711,2.59977596586254,2.68927369382993,2.78830989566417,2.28310999891074,5.63717468761667,5.70815887630148,5.73915309484786
3.33065073702831,3.27490951430543,1.60088014102549,2.89849818339868,1.75130614787305,4.35408014231678,4.6040050669736,1.18838614095237,0.780182028232887,4.58347919843761,4.63168427471235,3.84795435368944,1.54329256070712,4.87152754326812,4.98623667830081,1.02512561770923,0,5.06113502335165,0.78525948380433,5.68454494418908,5.78601963873212,5.54458477476906,3.19692337831034,3.60181674746625,3.68607848344221,3.7748638158555,3.30527891751947,6.48473189662843,6.64485329273499,6.73478308872049
3.33866608042751,3.39511792258004,4.04727879492349,4.2082771985993,4.05943167496238,1.69982560224299,3.35317345503843,4.55706978896368,4.57746756881785,3.79302492033839,2.16773057423864,4.84644226155644,4.82847185599854,0.76736203752863,0.382446469855877,4.55557766286248,5.06113502335165,0,5.41091345206486,1.74366901251742,0.740889210841732,0.688080303327579,5.03200849427479,3.57516711325049,3.50128574243661,3.3714565598734,3.97237352521772,2.74753887156524,3.66853425218988,4.55674568511065
4.04722857087554,3.99590611748749,2.33943347693752,3.67190661074388,2.50040699080091,4.90965252956356,5.31448800953182,1.96803762304585,1.54321872283348,5.32198080659555,5.24071887001795,4.63217443151975,2.32649735175594,5.32005009438171,5.38624426780902,0.892788668136441,0.78525948380433,5.41091345206486,0,6.21843491868061,6.11050680574502,5.82575687930358,2.66013128132505,3.38134405718984,3.47950962698252,3.5934769113101,3.00266107475063,6.51663479643666,6.54580368104194,6.50776700793893
2.93450423525171,3.0075092460767,4.30032496345957,3.87602114991091,4.23942478791151,1.33674928942114,2.29209307975233,4.85353573401073,5.02927693162765,2.7455429232364,1.26759921123795,4.14192773317922,4.96545224138886,1.15064274535073,1.40774117409675,5.46845593698807,5.68454494418908,1.74366901251742,6.21843491868061,0,1.90410491159717,2.21990299451697,6.44856925880576,5.13009343877704,5.07278232320142,4.96078086839982,5.46250934949913,4.34011576289393,5.34167790491532,6.27847358091653
4.008923455197,4.06920373044484,4.78732974942721,4.90240536825769,4.79747022096514,2.29442769453804,3.87336704297358,5.29795807452123,5.31544504341219,4.32749526897613,2.67630077183582,5.48344764769063,5.56693097711016,1.31489396674323,0.972280395789389,5.24368102003669,5.78601963873212,0.740889210841732,6.11050680574502,1.90410491159717,0,0.436225209841174,5.54010496196115,4.01586804818608,3.92940379715185,3.78649360180019,4.45308006520819,2.44466399596114,3.47728946700033,4.46841787984673
4.02186746341197,4.07718862976298,4.64324666793884,4.88084322117703,4.66887046674257,2.3828584631001,4.02315905334356,5.13463420593171,5.11826286959179,4.46776642683549,2.82982591282082,5.53398137752803,5.43355605007579,1.4253728336699,1.04030688449022,4.94782551085055,5.54458477476906,0.688080303327579,5.82575687930358,2.21990299451697,0.436225209841174,0,5.13786971682769,3.59998245067325,3.51112408152423,3.36609990353534,4.04565655799791,2.13294992859854,3.1223902468689,4.08238915336186
5.40364175384265,5.38371042816689,4.12288842444661,5.46309334104083,4.2970069800359,5.40137470947543,6.48891256511484,4.06003670182968,3.64150914918116,6.6742361209577,5.91344580109248,6.51965258558551,4.53255624610942,5.32391555570369,5.19639098622106,2.22791735273711,3.19692337831034,5.03200849427479,2.66013128132505,6.44856925880576,5.54010496196115,5.13786971682769,0,1.58491162690855,1.6907223392087,1.84807957423812,1.10033500324988,4.91840492314086,4.56536505606874,4.21015755871866
4.7160073864908,4.71690125901646,3.89585248527246,5.04195550388555,4.04437626287409,4.25791097425689,5.60273963187119,4.04912275072406,3.72602694683268,5.87507769925721,4.81395412910532,6.07312555239929,4.5263666975444,3.98064398176107,3.79143246781235,2.59977596586254,3.60181674746625,3.57516711325049,3.38134405718984,5.13009343877704,4.01586804818608,3.59998245067325,1.58491162690855,0,0.112459529315784,0.267559209253253,0.50079937852821,3.39022222123964,3.20460258734428,3.13961638474914
4.7235668093213,4.72621642564038,3.94237815260453,5.06959031104472,4.08835011546543,4.22312942889581,5.59008552373909,4.10877317544018,3.79301547017166,5.86962316650447,4.78230068939501,6.09592452954094,4.58419032420933,3.9224723772684,3.72508940809188,2.68927369382993,3.68607848344221,3.50128574243661,3.47950962698252,5.07278232320142,3.92940379715185,3.51112408152423,1.6907223392087,0.112459529315784,0,0.157598968488594,0.612284914268989,3.27782522144621,3.09723235547798,3.05050465152605
4.69525431287181,4.700336798278,3.97105058907553,5.0693329243062,4.11302636934966,4.13912809646516,5.53371423161568,4.15725730266723,3.85336349998716,5.82269874288324,4.70180828160925,6.08802957640818,4.62937796686816,3.81013880395122,3.60347257505252,2.78830989566417,3.7748638158555,3.3714565598734,3.5934769113101,4.96078086839982,3.78649360180019,3.36609990353534,1.84807957423812,0.267559209253253,0.157598968488594,0,0.768337301181723,3.1250587845771,2.96698647588689,2.96074632180467
4.7872376658982,4.78041414055878,3.79424130368593,5.02089114748718,3.9537380019788,4.50803997182007,5.75586027345728,3.88081306390976,3.52273714088691,5.996522637136,5.04861765659188,6.06905566135446,4.36366638562816,4.32081030420889,4.16171533141144,2.28310999891074,3.30527891751947,3.97237352521772,3.00266107475063,5.46250934949913,4.45308006520819,4.04565655799791,1.10033500324988,0.50079937852821,0.612284914268989,0.768337301181723,0,3.88824160200589,3.66345938648494,3.50992388928847
5.86996817869497,5.91321828611156,6.04027270809881,6.6229700923199,6.11661054272937,4.41113910870775,6.0827353385728,6.43437887730415,6.28496240192559,6.51115118109528,4.91031300417434,7.41823948235894,6.82676435599932,3.51490034485906,3.12859703579331,5.63717468761667,6.48473189662843,2.74753887156524,6.51663479643666,4.34011576289393,2.44466399596114,2.13294992859854,4.91840492314086,3.39022222123964,3.27782522144621,3.1250587845771,3.88824160200589,0,1.097046665584,2.18387830868574
6.55243604360931,6.58697968101764,6.45955964149796,7.22109753775161,6.56051150825967,5.25097869564853,6.91929028193549,6.78677577213418,6.5720816832602,7.32714871312253,5.78353337078775,8.09526518860253,7.21731711329211,4.4248602276742,4.04935042448066,5.70815887630148,6.64485329273499,3.66853425218988,6.54580368104194,5.34167790491532,3.47728946700033,3.1223902468689,4.56536505606874,3.20460258734428,3.09723235547798,2.96698647588689,3.66345938648494,1.097046665584,0,1.10127523319452
7.15439473155313,7.17983190027618,6.80861968237827,7.72859921096323,6.93098748534301,6.02893094108287,7.66810954345344,7.06255612047985,6.78927233445703,8.05022759100415,6.58442445619782,8.66838245249093,7.52093571446905,5.28502954972559,4.92763843963859,5.73915309484786,6.73478308872049,4.55674568511065,6.50776700793893,6.27847358091653,4.46841787984673,4.08238915336186,4.21015755871866,3.13961638474914,3.05050465152605,2.96074632180467,3.50992388928847,2.18387830868574,1.10127523319452,0
