0,2.40020697298142,0.311247579021006,0.748757570310778,0.398553027668955,0.747116966494016,0.829482318905409,2.06725261359602,2.86230593672714,2.75065032835356,3.42873992067944,2.18749909740845,3.76804905179037,3.15749088022008,3.09793604275877,3.29480692353722,4.38952680574597,3.48592667817948,4.74199921079208,3.54163729816388,4.2691234447819,5.29567857733716,3.46444716050048,4.97071623167378,4.47786252809733,4.78355654793381,6.00562048655636,5.9634761443733,6.03258238417059,6.26866017990702
2.40020697298142,0,2.69350562298271,3.11001327476445,2.59234687331178,2.2649136755739,2.35112915263242,4.41566991734041,4.53246509017813,4.70282801000087,1.35759767349784,4.58195116620728,5.07106377577559,5.21101211463843,3.10015489761168,3.53153929641561,2.02683197076091,2.59666540357438,2.49816538588334,4.07871185171927,1.93592185958567,3.0480818750201,3.2445038458755,5.24174231631944,2.42964172783714,2.61503229522937,4.8739572912225,4.61103755163441,3.6476679927536,5.51444529510931
0.311247579021006,2.69350562298271,0,0.557718882075635,0.280692686911418,0.802339686899248,0.84767834341852,1.83307625868065,2.83634799828397,2.65520338873882,3.73959859347805,1.88859881982325,3.7927906422865,3.02312875296601,3.31985280062831,3.4866638344276,4.692249546721,3.76506504358513,5.0516759051907,3.69053617157704,4.54182898388784,5.60561699889398,3.50549157510019,5.1240574908954,4.71059150904404,5.02914567258621,6.27600473510592,6.24749930484409,6.31428880266376,6.50979129455453
0.748757570310778,3.11001327476445,0.557718882075635,0,0.8264191285657,1.35896553554808,1.39787270019161,1.32095222056627,2.34000201257116,2.11138493249181,4.03827002083336,1.55764312498175,3.33891114382106,2.4664450304903,3.20626725452964,3.30120831376281,5.06243531642779,3.81488823585281,5.36556516546332,3.41734334269081,5.00352780044945,5.91383986228495,4.04455544576213,4.84413117013383,5.22653614230088,5.531455971897,6.27272579719807,6.29694892480379,6.75484604030139,6.41465011240029
0.398553027668955,2.59234687331178,0.280692686911418,0.8264191285657,0,0.537913279174312,0.571519687657236,2.05557034163607,3.11645918279068,2.9326537545828,3.70965603599812,2.01484434857569,4.06735160210931,3.29202218774034,3.49627463868962,3.68844094842889,4.61080183485483,3.86855580463345,5.00520820985544,3.920419151092,4.393655443206,5.56067279120828,3.22577462923466,5.35211575899496,4.51340211458161,4.84459546732492,6.39291933254705,6.33999072311487,6.17837422429176,6.66611013177386
0.747116966494016,2.2649136755739,0.802339686899248,1.35896553554808,0.537913279174312,0,0.116411643080896,2.58565235193755,3.60164294280097,3.4532865332801,3.4887749259449,2.47246293478792,4.51510368309477,3.82524606347562,3.68645297287696,3.93298462298092,4.29012946586048,3.90075196170283,4.74157179555691,4.23056156250196,3.96839784684975,5.29606193310817,2.72330925304598,5.64880628522884,4.02172687674459,4.36753919171509,6.43086307703888,6.32827718745822,5.76433094606009,6.78686050441619
0.829482318905409,2.35112915263242,0.84767834341852,1.39787270019161,0.571519687657236,0.116411643080896,0,2.59274436829813,3.66898171555164,3.50283131207228,3.58885717927757,2.44029909012244,4.59475410599762,3.86269861483406,3.79963098880403,4.04279655524366,4.37366325058876,4.01694825071223,4.83447643771833,4.3343174607385,4.02639579850279,5.38841081159559,2.66035241568391,5.75464123532988,4.05247301417841,4.40525405215845,6.54692473809977,6.44304191759838,5.82414799919098,6.90295417208555
2.06725261359602,4.41566991734041,1.83307625868065,1.32095222056627,2.05557034163607,2.58565235193755,2.59274436829813,0,1.982135352093,1.4374330034068,5.25374565631791,0.865803528096057,3.04941067609725,1.50934793685587,3.87763782645792,3.81804013159196,6.33032072305513,4.7297008513663,6.58229167153322,3.71503788486722,6.32117539396152,7.12097390688251,5.10890677669825,5.03030105216775,6.54048546941003,6.85068244971457,7.02590782643198,7.14295081908276,8.06332171673062,6.98479427195414
2.86230593672714,4.53246509017813,2.83634799828397,2.34000201257116,3.11645918279068,3.60164294280097,3.66898171555164,1.982135352093,0,0.648626238155324,4.86382788497665,2.84655790389285,1.07456329520063,1.09761299902539,2.59305121121074,2.33378163771936,6.06575713149731,3.70052043637246,6.09702494481274,1.99625628810805,6.4315530175511,6.57375005859311,6.32479533038604,3.13689945680622,6.93623648009397,7.14703880371616,5.57601425078716,5.8189522567709,7.98357727999184,5.32530725040295
2.75065032835356,4.70282801000087,2.65520338873882,2.11138493249181,2.9326537545828,3.4532865332801,3.50283131207228,1.4374330034068,0.648626238155324,0,5.19457056626151,2.29784470483967,1.64557808426751,0.549243815129371,3.13328600261335,2.92063747038178,6.37514075872868,4.19317509400172,6.47010147547026,2.62912887659633,6.63222387747606,6.96816810772683,6.15586671731311,3.78310718885091,7.0523986490775,7.29658312657281,6.18153585251173,6.40073173060784,8.25433079408862,5.96287238601958
3.42873992067944,1.35759767349784,3.73959859347805,4.03827002083336,3.70965603599812,3.4887749259449,3.58885717927757,5.25374565631791,4.86382788497665,5.19457056626151,0,5.58687007098397,5.12930914223374,5.73793429522407,2.74874109441589,3.2123310264775,1.21140640924208,1.81123380179762,1.32959687237041,3.82804625743918,1.96328756836678,1.87557365187364,4.52129273375666,4.69810108692795,2.87351706623761,2.84863412490193,3.66683967550563,3.33533419327936,3.16399497764733,4.43463879201504
2.18749909740845,4.58195116620728,1.88859881982325,1.55764312498175,2.01484434857569,2.47246293478792,2.44029909012244,0.865803528096057,2.84655790389285,2.29784470483967,5.58687007098397,0,3.91511811054044,2.30320633741131,4.56569643825089,4.55987172112371,6.57675241495832,5.31063291244639,6.91075791910434,4.51498658847489,6.40849957263895,7.46144450197775,4.68863103565373,5.86238935988572,6.4923304792364,6.83983124625705,7.70005771893291,7.7720160859514,8.1917431946895,7.73063826169314
3.76804905179037,5.07106377577559,3.7927906422865,3.33891114382106,4.06735160210931,4.51510368309477,4.59475410599762,3.04941067609725,1.07456329520063,1.64557808426751,5.12930914223374,3.91511811054044,0,1.90648672703161,2.50076868329068,2.0996403392633,6.33838400431112,3.65877222920863,6.24630789224844,1.5474318014073,6.87974863984945,6.66887478700552,7.21810381217941,2.27374599229444,7.50055990358422,7.6609682894836,5.08595922229801,5.42151731886432,8.29326742136048,4.65741146214362
3.15749088022008,5.21101211463843,3.02312875296601,2.4664450304903,3.29202218774034,3.82524606347562,3.86269861483406,1.50934793685587,1.09761299902539,0.549243815129371,5.73793429522407,2.30320633741131,1.90648672703161,0,3.66150625893549,3.42613786482728,6.91417829361302,4.73534545000135,7.01733071908406,3.08849949080091,7.1447620567148,7.51670926011645,6.48793499921571,4.14463693427551,7.53445299313338,7.79081410536177,6.67358348506478,6.91148826979779,8.78391306420522,6.40798126698822
3.09793604275877,3.10015489761168,3.31985280062831,3.20626725452964,3.49627463868962,3.68645297287696,3.79963098880403,3.87763782645792,2.59305121121074,3.13328600261335,2.74874109441589,4.56569643825089,2.50076868329068,3.66150625893549,0,0.46406378794112,3.92880653900292,1.15954280559075,3.76527315767202,1.08041437455445,4.64365939520359,4.17155557139817,5.98456172668385,2.1520953703919,5.41902443241352,5.49312171017436,3.14827657435865,3.29296559397211,5.88386079635677,3.20859578870966
3.29480692353722,3.53153929641561,3.4866638344276,3.30120831376281,3.68844094842889,3.93298462298092,4.04279655524366,3.81804013159196,2.33378163771936,2.92063747038178,3.2123310264775,4.55987172112371,2.0996403392633,3.42613786482728,0.46406378794112,0,4.3892477096476,1.57565384489088,4.20882438450154,0.62059258680359,5.10581961866906,4.60058712403757,6.33176333474277,1.76815874267453,5.87210802444681,5.95250753244621,3.26593432470364,3.48554203936084,6.34276856968962,3.17169539327848
4.38952680574597,2.02683197076091,4.692249546721,5.06243531642779,4.61080183485483,4.29012946586048,4.37366325058876,6.33032072305513,6.06575713149731,6.37514075872868,1.21140640924208,6.57675241495832,6.33838400431112,6.91417829361302,3.92880653900292,4.3892477096476,0,2.90134990906026,0.724839035163458,5.00884345694211,1.20367475424053,1.15382016693895,4.62594420094863,5.77697381018302,2.22234477156888,2.03223875460853,4.1971867515491,3.73432257764903,1.95811566184206,5.12141607878175
3.48592667817948,2.59666540357438,3.76506504358513,3.81488823585281,3.86855580463345,3.90075196170283,4.01694825071223,4.7297008513663,3.70052043637246,4.19317509400172,1.81123380179762,5.31063291244639,3.65877222920863,4.73534545000135,1.15954280559075,1.57565384489088,2.90134990906026,0,2.64742620719903,2.18648515690688,3.77380565460524,3.0252800673893,5.77334569612622,2.89093893463243,4.65476073409357,4.6563560557578,2.5314642164338,2.48628828983112,4.82916424403438,2.96995876174217
4.74199921079208,2.49816538588334,5.0516759051907,5.36556516546332,5.00520820985544,4.74157179555691,4.83447643771833,6.58229167153322,6.09702494481274,6.47010147547026,1.32959687237041,6.91075791910434,6.24630789224844,7.01733071908406,3.76527315767202,4.20882438450154,0.724839035163458,2.64742620719903,0,4.82655217622533,1.91956400300236,0.555657351761812,5.3133907321094,5.43304262050186,2.93369420585709,2.71284311348817,3.56194780390771,3.06824760583895,2.24990885756759,4.53048320636504
3.54163729816388,4.07871185171927,3.69053617157704,3.41734334269081,3.920419151092,4.23056156250196,4.3343174607385,3.71503788486722,1.99625628810805,2.62912887659633,3.82804625743918,4.51498658847489,1.5474318014073,3.08849949080091,1.08041437455445,0.62059258680359,5.00884345694211,2.18648515690688,4.82655217622533,0,5.70703285531015,5.21106564233482,6.74431765174351,1.43372375418214,6.45083037952874,6.54533792978411,3.60708909462085,3.90058359659059,6.96301195571304,3.33444760959462
4.2691234447819,1.93592185958567,4.54182898388784,5.00352780044945,4.393655443206,3.96839784684975,4.02639579850279,6.32117539396152,6.4315530175511,6.63222387747606,1.96328756836678,6.40849957263895,6.87974863984945,7.1447620567148,4.64365939520359,5.10581961866906,1.20367475424053,3.77380565460524,1.91956400300236,5.70703285531015,0,2.25651156046191,3.65084877770371,6.65558548466023,1.01938676734357,0.890555334561846,5.36928746248592,4.92542853910758,1.79905456268125,6.25650425004306
5.29567857733716,3.0480818750201,5.60561699889398,5.91383986228495,5.56067279120828,5.29606193310817,5.38841081159559,7.12097390688251,6.57375005859311,6.96816810772683,1.87557365187364,7.46144450197775,6.66887478700552,7.51670926011645,4.17155557139817,4.60058712403757,1.15382016693895,3.0252800673893,0.555657351761812,5.21106564233482,2.25651156046191,0,5.77894833540323,5.70581481951017,3.2358349338043,2.95627645107355,3.54110587091731,2.99901788403051,2.1310634558305,4.56298723303815
3.46444716050048,3.2445038458755,3.50549157510019,4.04455544576213,3.22577462923466,2.72330925304598,2.66035241568391,5.10890677669825,6.32479533038604,6.15586671731311,4.52129273375666,4.68863103565373,7.21810381217941,6.48793499921571,5.98456172668385,6.33176333474277,4.62594420094863,5.77334569612622,5.3133907321094,6.74431765174351,3.65084877770371,5.77894833540323,0,8.099112278882,3.00273949778362,3.43983967253298,8.11843634611119,7.84242817001629,5.1941677000905,8.73269629101641
4.97071623167378,5.24174231631944,5.1240574908954,4.84413117013383,5.35211575899496,5.64880628522884,5.75464123532988,5.03030105216775,3.13689945680622,3.78310718885091,4.69810108692795,5.86238935988572,2.27374599229444,4.14463693427551,2.1520953703919,1.76815874267453,5.77697381018302,2.89093893463243,5.43304262050186,1.43372375418214,6.65558548466023,5.70581481951017,8.099112278882,0,7.49930374192476,7.53123647360345,3.15149394876845,3.61974175900762,7.66931142365127,2.48816940212553
4.47786252809733,2.42964172783714,4.71059150904404,5.22653614230088,4.51340211458161,4.02172687674459,4.05247301417841,6.54048546941003,6.93623648009397,7.0523986490775,2.87351706623761,6.4923304792364,7.50055990358422,7.53445299313338,5.41902443241352,5.87210802444681,2.22234477156888,4.65476073409357,2.93369420585709,6.45083037952874,1.01938676734357,3.2358349338043,3.00273949778362,7.49930374192476,0,0.437606709558564,6.37885214820244,5.94245033655642,2.19374020714033,7.24757291108039
4.78355654793381,2.61503229522937,5.02914567258621,5.531455971897,4.84459546732492,4.36753919171509,4.40525405215845,6.85068244971457,7.14703880371616,7.29658312657281,2.84863412490193,6.83983124625705,7.6609682894836,7.79081410536177,5.49312171017436,5.95250753244621,2.03223875460853,4.6563560557578,2.71284311348817,6.54533792978411,0.890555334561846,2.95627645107355,3.43983967253298,7.53123647360345,0.437606709558564,0,6.22764005587559,5.7653536411794,1.75954935967435,7.13332361258907
6.00562048655636,4.8739572912225,6.27600473510592,6.27272579719807,6.39291933254705,6.43086307703888,6.54692473809977,7.02590782643198,5.57601425078716,6.18153585251173,3.66683967550563,7.70005771893291,5.08595922229801,6.67358348506478,3.14827657435865,3.26593432470364,4.1971867515491,2.5314642164338,3.56194780390771,3.60708909462085,5.36928746248592,3.54110587091731,8.11843634611119,3.15149394876845,6.37885214820244,6.22764005587559,0,0.593610429819504,5.67058885193201,1.06959648245135
5.9634761443733,4.61103755163441,6.24749930484409,6.29694892480379,6.33999072311487,6.32827718745822,6.44304191759838,7.14295081908276,5.8189522567709,6.40073173060784,3.33533419327936,7.7720160859514,5.42151731886432,6.91148826979779,3.29296559397211,3.48554203936084,3.73432257764903,2.48628828983112,3.06824760583895,3.90058359659059,4.92542853910758,2.99901788403051,7.84242817001629,3.61974175900762,5.94245033655642,5.7653536411794,0.593610429819504,0,5.1206621214975,1.66286182409439
6.03258238417059,3.6476679927536,6.31428880266376,6.75484604030139,6.17837422429176,5.76433094606009,5.82414799919098,8.06332171673062,7.98357727999184,8.25433079408862,3.16399497764733,8.1917431946895,8.29326742136048,8.78391306420522,5.88386079635677,6.34276856968962,1.95811566184206,4.82916424403438,2.24990885756759,6.96301195571304,1.79905456268125,2.1310634558305,5.1941677000905,7.66931142365127,2.19374020714033,1.75954935967435,5.67058885193201,5.1206621214975,0,6.69340292433757
6.26866017990702,5.51444529510931,6.50979129455453,6.41465011240029,6.66611013177386,6.78686050441619,6.90295417208555,6.98479427195414,5.32530725040295,5.96287238601958,4.43463879201504,7.73063826169314,4.65741146214362,6.40798126698822,3.20859578870966,3.17169539327848,5.12141607878175,2.96995876174217,4.53048320636504,3.33444760959462,6.25650425004306,4.56298723303815,8.73269629101641,2.48816940212553,7.24757291108039,7.13332361258907,1.06959648245135,1.66286182409439,6.69340292433757,0
