0.342601775333212,0.334429072731017,0.302023571889921,0.223288096715168,0.317103638849933,0.2203066106667,0.324338130108652,0.31362225995844,0.220440732772865,0.0231111320923527,0.236428323768948,0.0162706729616224,0.0713180639830506,0.00721154838292204,0.00243391956473937,0.0139833867386091,0.0696891800882233,0.00158408923819353,0.00852559816042131,0.0286685631223591,0.221599718583719,0.0233876153340937,0.0366087136303321,0.0120924742806769,0.0946010453387767,0.0928814888357286,0.000511890073878529,0.0650687982537659,0.332845612094363,0.2916951852501
0.334429072731017,0.675825497125652,0.631633283255886,0.496933041001664,0.656062771635299,0.491689370692877,0.665178981463109,0.651486260794425,0.492556438168122,0.0819988024095903,0.523034089056265,0.0644075349253868,0.193543048224284,0.00113041414788295,0.000226592002513737,0.00614252675660998,0.19123723549568,0.000811561090372503,0.0431542598544006,0.0960893238565501,0.497038384779509,0.0155308169736188,0.0308771603528462,0.00439035650000852,0.244616149530927,0.240887470890872,0.0130377614756592,0.182285540101959,0.673589834747181,0.62033648973159
0.302023571889921,0.631633283255886,1.95700754576351,1.66967687251205,1.92795152904715,1.65930560399195,1.79960955343194,1.94703138479095,1.66815055128025,0.441221806799417,1.75466428670279,0.379129976870956,0.812745061064991,0.0271072450432637,0.0611666159059618,0.00813288640193521,0.821303431306857,0.074522309500352,0.306321410711364,0.494863409207487,1.70151522891694,0.00200827490706157,0.00138258400101154,0.0177595878546764,0.984056627059573,0.971610341118733,0.171357093387184,0.808629847144671,1.8711641837833,1.94556535912383
0.223288096715168,0.496933041001664,1.66967687251205,3.66987886246278,1.96863913814961,3.65915212792045,1.56185885386986,2.23277072200983,3.66490532379406,1.36570817184829,3.63676944936532,1.23556812991734,2.14578616903356,0.262114115113749,0.410692677247725,0.156168046146243,2.21868060508239,0.471303860055832,1.10754659475159,1.49705221363033,3.66817867874258,0.166565779594835,0.0772417448390152,0.271868253274312,2.5300039589506,2.50216738681985,0.788256481956817,2.24694099516109,2.25855913203914,3.32207539068853
0.317103638849933,0.656062771635299,1.92795152904715,1.96863913814961,2.63791121551888,1.95927182414656,2.08371527894891,2.6299899989513,1.98375946667103,0.4310259595437,2.13892992989696,0.362471937979991,0.863577687779628,0.0118749543355339,0.0382239224192373,0.0011287385088341,0.88015491259345,0.049565930867133,0.284248834100013,0.492210318923859,2.07512539585468,0.000598050322876187,0.0113000379275516,0.0049426335724605,1.07971261114454,1.06362557241285,0.14243687144744,0.871175424196577,2.57904293368376,2.56896671937658
0.2203066106667,0.491689370692877,1.65930560399195,3.65915212792045,1.95927182414656,3.77952387614499,1.55113466895461,2.22664490980445,3.7794867780342,1.41479806223046,3.71768742518662,1.28145435019665,2.21671764848448,0.275914606655036,0.430868564912696,0.165289644064315,2.29586443425819,0.494379186634208,1.15198898484469,1.55070470533517,3.7794903813294,0.178550745189969,0.084122285868887,0.28833957412187,2.61563127265006,2.58666069873144,0.823776485916925,2.32892950046738,2.26342243049293,3.38316340699408
0.324338130108652,0.665178981463109,1.79960955343194,1.56185885386986,2.08371527894891,1.55113466895461,2.10379285469905,2.07589017715243,1.56498605568333,0.314675437426791,1.67964118100555,0.260333710252412,0.658429276760495,0.00334338752434027,0.0183291683731355,9.98512258814088e-05,0.665985997864856,0.0252473630745298,0.197022884620004,0.361766173839667,1.6188101797706,0.00514215358439785,0.021248122654516,0.000264487515309941,0.826676984944008,0.814212377447001,0.0892972462746826,0.65302502377742,2.09328663960796,2.01553095820172
0.31362225995844,0.651486260794425,1.94703138479095,2.23277072200983,2.6299899989513,2.22664490980445,2.07589017715243,3.04910754025231,2.26269506348802,0.504680535243407,2.45531618328255,0.427123444913151,0.996001508946728,0.0181612245795288,0.0514406801081186,0.00301890015710482,1.02056481487512,0.0656511122013823,0.340117198724464,0.575363946003454,2.39545197239906,1.05154664087337e-06,0.00764920828121962,0.0095830458938182,1.24651024180962,1.22776448992595,0.176897815045079,1.01628000308234,2.92543156025669,2.98646191057032
0.220440732772865,0.492556438168122,1.66815055128025,3.66490532379406,1.98375946667103,3.7794867780342,1.56498605568333,2.26269506348802,3.9794998242703,1.45342829446903,3.88469116123327,1.31643670022733,2.283552827969,0.281471081910469,0.440946199713809,0.168176237969303,2.37264494503574,0.506806722391434,1.18554006847307,1.59488765849669,3.97948829264152,0.183068224208464,0.086002906492419,0.29575467388116,2.70558731507065,2.67469040905884,0.847831508728896,2.41400102541428,2.32803952254276,3.53959478194661
0.0231111320923527,0.0819988024095903,0.441221806799417,1.36570817184829,0.4310259595437,1.41479806223046,0.314675437426791,0.504680535243407,1.45342829446903,3.8204106152521,1.35939663421813,3.63917668407836,3.15170601258902,1.46555905108812,1.99644690395457,1.04621506889782,3.30053780836272,2.23110182467062,3.52148209085264,3.76651114365558,1.60965284515035,1.48019077601286,1.00089776763766,1.80688467752655,2.96891883291512,2.98191401142175,3.03718818155419,3.45507796196719,0.382663007828457,1.0187083137546
0.236428323768948,0.523034089056265,1.75466428670279,3.63676944936532,2.13892992989696,3.71768742518662,1.67964118100555,2.45531618328255,3.88469116123327,1.35939663421813,4.28870781315001,1.2235048966393,2.19454777223307,0.233231487062928,0.37793222138419,0.133392747864099,2.29024999556868,0.438196160254215,1.0931653345113,1.50010571975846,4.22486509349063,0.13989980795106,0.0589487855256237,0.240872483376451,2.6338388202346,2.60111335893417,0.761947547758572,2.33909070078051,2.60893121348824,3.94357325936127
0.0162706729616224,0.0644075349253868,0.379129976870956,1.23556812991734,0.362471937979991,1.28145435019665,0.260333710252412,0.427123444913151,1.31643670022733,3.63917668407836,1.2235048966393,3.79897018157493,2.97085891888936,1.55345041134445,2.11391877271041,1.11195023234867,3.12172917083612,2.36428361595828,3.66452713900067,3.60052663115894,1.45841911120649,1.59410977972111,1.08347632542533,1.93349178978518,2.78786244458268,2.80086061435981,3.19690622334618,3.28909154722177,0.308395791253377,0.887830455078217
0.0713180639830506,0.193543048224284,0.812745061064991,2.14578616903356,0.863577687779628,2.21671764848448,0.658429276760495,0.996001508946728,2.283552827969,3.15170601258902,2.19454777223307,2.97085891888936,4.27437238973227,1.05725667280495,1.4728957418282,0.735078373573144,4.27206657616228,1.6549118196169,2.86522896432017,3.38720363967988,2.54981168664628,0.994734747942094,0.641139460886146,1.26749590921339,4.0907343471946,4.10371622348879,2.36897902525948,4.2606308485805,0.888946732540379,1.86478357794673
0.00721154838292204,0.00113041414788295,0.0271072450432637,0.262114115113749,0.0118749543355339,0.275914606655036,0.00334338752434027,0.0181612245795288,0.281471081910469,1.46555905108812,0.233231487062928,1.55345041134445,1.05725667280495,2.04433138846642,2.00841818587748,1.50049268187002,1.10090333125703,2.00179877260308,1.69800322258497,1.41844579422703,0.302204606512495,1.93584020456102,1.57207283397374,2.032920829205,0.92644310531715,0.935532035959855,1.89821982027207,1.16707516730349,4.59447724514561e-05,0.0821379203112258
0.00243391956473937,0.000226592002513737,0.0611666159059618,0.410692677247725,0.0382239224192373,0.430868564912696,0.0183291683731355,0.0514406801081186,0.440946199713809,1.99644690395457,0.37793222138419,2.11391877271041,1.4728957418282,2.00841818587748,2.71446030978552,1.46633690802607,1.54461208806216,2.70735335181332,2.32411955670082,1.94291574981417,0.480258653488624,2.1940738413167,1.58090287992154,2.50881143800665,1.31338028293949,1.32449289601881,2.59148214669311,1.64601926151856,0.00901708902192455,0.169404736984869
0.0139833867386091,0.00614252675660998,0.00813288640193521,0.156168046146243,0.0011287385088341,0.165289644064315,9.98512258814088e-05,0.00301890015710482,0.168176237969303,1.04621506889782,0.133392747864099,1.11195023234867,0.735078373573144,1.50049268187002,1.46633690802607,1.52653508954303,0.761907123793625,1.4592721496385,1.21551432770531,1.0077315784511,0.178362410917047,1.51587603101455,1.41815714019854,1.52454089039867,0.632482096541592,0.639593155674883,1.36968880676196,0.805657193970197,0.0043021094163298,0.0326045281587399
0.0696891800882233,0.19123723549568,0.821303431306857,2.21868060508239,0.88015491259345,2.29586443425819,0.665985997864856,1.02056481487512,2.37264494503574,3.30053780836272,2.29024999556868,3.12172917083612,4.27206657616228,1.10090333125703,1.54461208806216,0.761907123793625,4.81322639541357,1.74415205910249,3.04792308937839,3.56264811242535,2.68929040919098,1.05232340299144,0.673184430657211,1.34142568612375,4.38390200062375,4.39035023581936,2.52793404663088,4.79932964779276,0.920482999875633,1.98194386736345
0.00158408923819353,0.000811561090372503,0.074522309500352,0.471303860055832,0.049565930867133,0.494379186634208,0.0252473630745298,0.0656511122013823,0.506806722391434,2.23110182467062,0.438196160254215,2.36428361595828,1.6549118196169,2.00179877260308,2.70735335181332,1.4592721496385,1.74415205910249,3.08038605653109,2.62143431001491,2.17762936556277,0.556133778508171,2.26346282938134,1.58859261510365,2.64203273227127,1.484633543064,1.49651830876395,2.94483291039335,1.86737471042568,0.0150214964805078,0.20790644999897
0.00852559816042131,0.0431542598544006,0.306321410711364,1.10754659475159,0.284248834100013,1.15198898484469,0.197022884620004,0.340117198724464,1.18554006847307,3.52148209085264,1.0931653345113,3.66452713900067,2.86522896432017,1.69800322258497,2.32411955670082,1.21551432770531,3.04792308937839,2.62143431001491,4.1497355992012,3.52258105019537,1.32411550428806,1.81199298455405,1.22737730166184,2.18358024770834,2.68656469877025,2.69940037933116,3.61724637555132,3.26443043810355,0.226553786379345,0.76042961250824
0.0286685631223591,0.0960893238565501,0.494863409207487,1.49705221363033,0.492210318923859,1.55070470533517,0.361766173839667,0.575363946003454,1.59488765849669,3.76651114365558,1.50010571975846,3.60052663115894,3.38720363967988,1.41844579422703,1.94291574981417,1.0077315784511,3.56264811242535,2.17762936556277,3.52258105019537,4.04588647995466,1.77469679842445,1.42727878564218,0.956247676732546,1.75298545024675,3.20983670529578,3.22265617335538,3.01081939747138,3.73230423488205,0.451794523490702,1.15550841268866
0.221599718583719,0.497038384779509,1.70151522891694,3.66817867874258,2.07512539585468,3.7794903813294,1.6188101797706,2.39545197239906,3.97948829264152,1.60965284515035,4.22486509349063,1.45841911120649,2.54981168664628,0.302204606512495,0.480258653488624,0.178362410917047,2.68929040919098,0.556133778508171,1.32411550428806,1.77469679842445,5.00401014386202,0.200157031648673,0.0925321855839387,0.324681400635672,3.07007372930412,3.03068647365904,0.94723397214457,2.77765542141502,2.60063884856029,4.2833177963118
0.0233876153340937,0.0155308169736188,0.00200827490706157,0.166565779594835,0.000598050322876187,0.178550745189969,0.00514215358439785,1.05154664087337e-06,0.183068224208464,1.48019077601286,0.13989980795106,1.59410977972111,0.994734747942094,1.93584020456102,2.1940738413167,1.51587603101455,1.05232340299144,2.26346282938134,1.81199298455405,1.42727878564218,0.200157031648673,2.69821721447078,1.86703368452842,2.57107596126174,0.849805875072424,0.859810608154619,2.14058032784476,1.13960620962567,0.0228204759088979,0.0219885404851654
0.0366087136303321,0.0308771603528462,0.00138258400101154,0.0772417448390152,0.0113000379275516,0.084122285868887,0.021248122654516,0.00764920828121962,0.086002906492419,1.00089776763766,0.0589487855256237,1.08347632542533,0.641139460886146,1.57207283397374,1.58090287992154,1.41815714019854,0.673184430657211,1.58859261510365,1.22737730166184,0.956247676732546,0.0925321855839387,1.86703368452842,1.90647965046344,1.78508274432572,0.530769615559682,0.538330478269196,1.45823479135812,0.725584997156501,0.0512524581365077,0.00107196722456848
0.0120924742806769,0.00439035650000852,0.0177595878546764,0.271868253274312,0.0049426335724605,0.28833957412187,0.000264487515309941,0.0095830458938182,0.29575467388116,1.80688467752655,0.240872483376451,1.93349178978518,1.26749590921339,2.032920829205,2.50881143800665,1.52454089039867,1.34142568612375,2.64203273227127,2.18358024770834,1.75298545024675,0.324681400635672,2.57107596126174,1.78508274432572,2.98132108596874,1.10781299659715,1.1188966318176,2.5416265274828,1.44898292755728,0.00234968269898994,0.0724757269879666
0.0946010453387767,0.244616149530927,0.984056627059573,2.5300039589506,1.07971261114454,2.61563127265006,0.826676984944008,1.24651024180962,2.70558731507065,2.96891883291512,2.6338388202346,2.78786244458268,4.0907343471946,0.92644310531715,1.31338028293949,0.632482096541592,4.38390200062375,1.484633543064,2.68656469877025,3.20983670529578,3.07007372930412,0.849805875072424,0.530769615559682,1.10781299659715,4.78991176571002,4.73533630383824,2.18582396765436,4.49325559072267,1.17107161879959,2.35348893878913
0.0928814888357286,0.240887470890872,0.971610341118733,2.50216738681985,1.06362557241285,2.58666069873144,0.814212377447001,1.22776448992595,2.67469040905884,2.98191401142175,2.60111335893417,2.80086061435981,4.10371622348879,0.935532035959855,1.32449289601881,0.639593155674883,4.39035023581936,1.49651830876395,2.69940037933116,3.22265617335538,3.03068647365904,0.859810608154619,0.538330478269196,1.1188966318176,4.73533630383824,4.74833737328995,2.19882346041453,4.48617727667449,1.14933814854057,2.31551972383194
0.000511890073878529,0.0130377614756592,0.171357093387184,0.788256481956817,0.14243687144744,0.823776485916925,0.0892972462746826,0.176897815045079,0.847831508728896,3.03718818155419,0.761947547758572,3.19690622334618,2.36897902525948,1.89821982027207,2.59148214669311,1.36968880676196,2.52793404663088,2.94483291039335,3.61724637555132,3.01081939747138,0.94723397214457,2.14058032784476,1.45823479135812,2.5416265274828,2.18582396765436,2.19882346041453,4.1111252234269,2.73219738594735,0.0871708762415171,0.458806125723157
0.0650687982537659,0.182285540101959,0.808629847144671,2.24694099516109,0.871175424196577,2.32892950046738,0.65302502377742,1.01628000308234,2.41400102541428,3.45507796196719,2.33909070078051,3.28909154722177,4.2606308485805,1.16707516730349,1.64601926151856,0.805657193970197,4.79932964779276,1.86737471042568,3.26443043810355,3.73230423488205,2.77765542141502,1.13960620962567,0.725584997156501,1.44898292755728,4.49325559072267,4.48617727667449,2.73219738594735,5.48628383926221,0.921556246977147,2.05890648063924
0.332845612094363,0.673589834747181,1.8711641837833,2.25855913203914,2.57904293368376,2.26342243049293,2.09328663960796,2.92543156025669,2.32803952254276,0.382663007828457,2.60893121348824,0.308395791253377,0.888946732540379,4.59447724514561e-05,0.00901708902192455,0.0043021094163298,0.920482999875633,0.0150214964805078,0.226553786379345,0.451794523490702,2.60063884856029,0.0228204759088979,0.0512524581365077,0.00234968269898994,1.17107161879959,1.14933814854057,0.0871708762415171,0.921556246977147,4.37396554541164,3.8742733549034
0.2916951852501,0.62033648973159,1.94556535912383,3.32207539068853,2.56896671937658,3.38316340699408,2.01553095820172,2.98646191057032,3.53959478194661,1.0187083137546,3.94357325936127,0.887830455078217,1.86478357794673,0.0821379203112258,0.169404736984869,0.0326045281587399,1.98194386736345,0.20790644999897,0.76042961250824,1.15550841268866,4.2833177963118,0.0219885404851654,0.00107196722456848,0.0724757269879666,2.35348893878913,2.31551972383194,0.458806125723157,2.05890648063924,3.8742733549034,6.8092479043619
