0,0.936368258679953,5.32260738528123,5.58705873296994,5.95227727457573,5.6684873316051,5.89913332197136,6.13158045861134,5.96778363801478,8.23390977842194,6.23997960597294,8.58724677215282,8.6769178506653,8.95955963630139,9.29868582076706,9.33102929806027,9.24262615868139,9.67865230398437,9.38992721503415,8.7049874005713,7.06703728554649,9.75158605894328,10.0269812286095,9.69225016800759,9.79003866175081,9.74268355770452,10.1012648444892,10.2028498964251,8.20812088748828,12.4957971783393
0.936368258679953,0,5.53642534130864,5.80087668899735,6.16609523060314,5.8823052876325,6.11295127799877,6.34539841463874,6.18160159404219,8.44772773444935,6.45379756200034,8.80106472818023,8.89073580669271,9.1733775923288,9.51250377679446,9.54484725408768,9.4564441147088,9.89247026001178,9.60374517106156,8.91880535659871,7.2808552415739,9.96540401497069,10.2407991846369,9.906068124035,10.0038566177782,9.95650151373193,10.3150828005166,10.4166678524525,8.42193884351569,12.7096151343667
5.32260738528123,5.53642534130864,0,3.09533255430558,1.92470889357146,3.17676115294074,0.736835508292428,2.10401207760706,3.47605745935042,10.3773118130261,3.74825342730858,10.730648806757,10.8203198852695,11.1029616709056,11.4420878553713,11.4744313326645,11.3860281932856,11.8220543385886,11.5333292496384,10.8483894351755,4.57531110688213,11.8949880935475,12.1703832632137,11.8356522026118,11.933440696355,11.8860855923087,12.2446668790934,12.3462519310293,4.180552506484,8.46822879733501
5.58705873296994,5.80087668899735,3.09533255430558,0,3.72500244360008,0.496806230767748,3.67185849099572,3.90430562763569,0.796102537177434,10.6417631607149,2.5968605863813,10.9951001544457,11.0847712329582,11.3674130185943,11.70653920306,11.7388826803532,11.6504795409743,12.0865056862773,11.7977805973271,11.1128407828642,3.42391826595485,12.1594394412362,12.4348346109024,12.1001035503005,12.1978920440437,12.1505369399974,12.5091182267821,12.610703278718,5.98084605651263,10.2685223473636
5.95227727457573,6.16609523060314,1.92470889357146,3.72500244360008,0,3.80643104223524,2.50123483026159,1.74112073727976,4.10572734864493,11.0069817023206,4.37792331660308,11.3603186960515,11.449989774564,11.7326315602001,12.0717577446658,12.104101221959,12.0156980825801,12.4517242278831,12.1629991389329,11.47805932447,5.20498099617663,12.524657982842,12.8000531525082,12.4653220919063,12.5631105856495,12.5157554816032,12.8743367683879,12.9759218203238,3.8176611661567,8.10533745700771
5.6684873316051,5.8823052876325,3.17676115294074,0.496806230767748,3.80643104223524,0,3.75328708963087,3.98573422627084,0.578894142326709,10.72319175935,2.67828918501645,11.0765287530809,11.1661998315934,11.4488416172295,11.7879678016951,11.8203112789883,11.7319081396095,12.1679342849124,11.8792091959622,11.1942693814994,3.50534686459,12.2408680398714,12.5162632095375,12.1815321489357,12.2793206426789,12.2319655386326,12.5905468254173,12.6921318773532,6.06227465514779,10.3499509459988
5.89913332197136,6.11295127799877,0.736835508292428,3.67185849099572,2.50123483026159,3.75328708963087,0,2.68053801429719,4.05258339604056,10.9538377497163,4.32477936399871,11.3071747434472,11.3968458219596,11.6794876075957,12.0186137920614,12.0509572693546,11.9625541299757,12.3985802752787,12.1098551863285,11.4249153718656,5.15183704357226,12.4715140302376,12.7469091999038,12.4121781393019,12.5099666330451,12.4626115289989,12.8211928157835,12.9227778677194,4.75707844317414,9.04475473402515
6.13158045861134,6.34539841463874,2.10401207760706,3.90430562763569,1.74112073727976,3.98573422627084,2.68053801429719,0,4.28503053268053,11.1862848863563,4.55722650063868,11.5396218800871,11.6292929585996,11.9119347442357,12.2510609287014,12.2834044059946,12.1950012666157,12.6310274119187,12.3423023229685,11.6573625085056,5.38428418021224,12.7039611668776,12.9793563365438,12.6446252759419,12.7424137696851,12.6950586656388,13.0536399524235,13.1552250043594,3.74040695536324,8.02808324621425
5.96778363801478,6.18160159404219,3.47605745935042,0.796102537177434,4.10572734864493,0.578894142326709,4.05258339604056,4.28503053268053,0,11.0224880657597,2.97758549142614,11.3758250594906,11.4654961380031,11.7481379236391,12.0872641081048,12.119607585398,12.0312044460192,12.4672305913221,12.1785055023719,11.4935656879091,3.80464317099969,12.540164346281,12.8155595159472,12.4808284553453,12.5786169490886,12.5312618450423,12.8898431318269,12.9914281837629,6.36157096155747,10.6492472524085
8.23390977842194,8.44772773444935,10.3773118130261,10.6417631607149,11.0069817023206,10.72319175935,10.9538377497163,11.1862848863563,11.0224880657597,0,11.2946840337179,1.83800036794511,2.6437499863277,4.70143739617129,5.04056358063695,5.07290705793017,3.20945829434379,5.42053006385426,2.64068081082644,1.60312684784604,12.1217417132914,5.49346381881318,5.76885898847937,5.43412792787748,3.75687079741321,3.70951569336692,3.35201844028147,4.16968203208751,13.2628253152332,17.5505016060842
6.23997960597294,6.45379756200034,3.74825342730858,2.5968605863813,4.37792331660308,2.67828918501645,4.32477936399871,4.55722650063868,2.97758549142614,11.2946840337179,0,11.6480210274487,11.7376921059612,12.0203338915973,12.359460076063,12.3918035533562,12.3034004139773,12.7394265592803,12.4507014703301,11.7657616558672,2.66161295511717,12.8123603142392,13.0877554839054,12.7530244233035,12.8508129170467,12.8034578130004,13.1620390997851,13.263624151721,6.63376692951563,10.9214432203666
8.58724677215282,8.80106472818023,10.730648806757,10.9951001544457,11.3603186960515,11.0765287530809,11.3071747434472,11.5396218800871,11.3758250594906,1.83800036794511,11.6480210274487,0,2.99708698005859,5.05477438990217,5.39390057436784,5.42624405166105,3.56279528807468,5.77386705758515,1.90349888905532,2.30907799009447,12.4750787070223,5.84680081254406,6.12219598221025,5.78746492160837,4.11020779114409,4.06285268709781,2.61483651851035,4.52301902581839,13.6161623089641,17.9038385998151
8.6769178506653,8.89073580669271,10.8203198852695,11.0847712329582,11.449989774564,11.1661998315934,11.3968458219596,11.6292929585996,11.4654961380031,2.6437499863277,11.7376921059612,2.99708698005859,0,5.14444546841465,5.48357165288032,5.51591513017353,1.40145068466419,5.86353813609763,3.79976742293992,3.11482760847706,12.5647497855348,5.93647189105655,6.21186706072273,5.87713600012085,2.95827846426414,2.91092336021785,4.51110505239494,2.3616744224079,13.7058333874766,17.9935096783276
8.95955963630139,9.1733775923288,11.1029616709056,11.3674130185943,11.7326315602001,11.4488416172295,11.6794876075957,11.9119347442357,11.7481379236391,4.70143739617129,12.0203338915973,5.05477438990217,5.14444546841465,0,1.51238486602878,1.33880061902062,5.71015377643074,1.89235134924609,5.8574548327835,5.17251501832065,12.8473915711709,1.8884021979701,2.03475254956982,1.8290663070344,6.25756627950016,6.21021117545387,6.56879246223853,6.67037751417446,13.9884751731126,18.2761514639637
9.29868582076706,9.51250377679446,11.4420878553713,11.70653920306,12.0717577446658,11.7879678016951,12.0186137920614,12.2510609287014,12.0872641081048,5.04056358063695,12.359460076063,5.39390057436784,5.48357165288032,1.51238486602878,0,1.88385452778766,6.04927996089641,1.23018505990441,6.19658101724917,5.51164120278631,13.1865177556365,2.30441128867067,2.57980645833686,2.24507539773498,6.59669246396582,6.54933735991954,6.90791864670419,7.00950369864012,14.3276013575783,18.6152776484293
9.33102929806027,9.54484725408768,11.4744313326645,11.7388826803532,12.104101221959,11.8203112789883,12.0509572693546,12.2834044059946,12.119607585398,5.07290705793017,12.3918035533562,5.42624405166105,5.51591513017353,1.33880061902062,1.88385452778766,0,6.08162343818962,2.26382101100497,6.22892449454238,5.54398468007953,13.2188612329297,2.25987185972898,1.45066204036924,2.20053596879328,6.62903594125904,6.58168083721275,6.94026212399741,7.04184717593334,14.3599448348715,18.6476211257225
9.24262615868139,9.4564441147088,11.3860281932856,11.6504795409743,12.0156980825801,11.7319081396095,11.9625541299757,12.1950012666157,12.0312044460192,3.20945829434379,12.3034004139773,3.56279528807468,1.40145068466419,5.71015377643074,6.04927996089641,6.08162343818962,0,6.42924644411372,4.36547573095601,3.68053591649315,13.1304580935509,6.50218019907263,6.77757536873882,6.44284430813694,3.52398677228023,3.47663166823394,5.07681336041103,2.64398259716126,14.2715416954927,18.5592179863437
9.67865230398437,9.89247026001178,11.8220543385886,12.0865056862773,12.4517242278831,12.1679342849124,12.3985802752787,12.6310274119187,12.4672305913221,5.42053006385426,12.7394265592803,5.77386705758515,5.86353813609763,1.89235134924609,1.23018505990441,2.26382101100497,6.42924644411372,0,6.57654750046648,5.89160768600363,13.5664842388538,2.68437777188798,2.95977294155417,2.62504188095229,6.97665894718313,6.92930384313685,7.2878851299215,7.38947018185744,14.7075678407956,18.9952441316466
9.38992721503415,9.60374517106156,11.5333292496384,11.7977805973271,12.1629991389329,11.8792091959622,12.1098551863285,12.3423023229685,12.1785055023719,2.64068081082644,12.4507014703301,1.90349888905532,3.79976742293992,5.8574548327835,6.19658101724917,6.22892449454238,4.36547573095601,6.57654750046648,0,3.1117584329758,13.2777591499036,6.64948125542539,6.92487642509158,6.5901453644897,4.91288823402542,4.86553312997913,2.54799506475233,5.32569946869972,14.4188427518454,18.7065190426964
8.7049874005713,8.91880535659871,10.8483894351755,11.1128407828642,11.47805932447,11.1942693814994,11.4249153718656,11.6573625085056,11.4935656879091,1.60312684784604,11.7657616558672,2.30907799009447,3.11482760847706,5.17251501832065,5.51164120278631,5.54398468007953,3.68053591649315,5.89160768600363,3.1117584329758,0,12.5928193354408,5.96454144096254,6.23993661062873,5.90520555002685,4.22794841956257,4.18059331551628,3.82309606243083,4.64075965423687,13.7339029373826,18.0215792282336
7.06703728554649,7.2808552415739,4.57531110688213,3.42391826595485,5.20498099617663,3.50534686459,5.15183704357226,5.38428418021224,3.80464317099969,12.1217417132914,2.66161295511717,12.4750787070223,12.5647497855348,12.8473915711709,13.1865177556365,13.2188612329297,13.1304580935509,13.5664842388538,13.2777591499036,12.5928193354408,0,13.6394179938127,13.9148131634789,13.580082102877,13.6778705966203,13.630515492574,13.9890967793586,14.0906818312946,7.46082460908918,11.7485008999402
9.75158605894328,9.96540401497069,11.8949880935475,12.1594394412362,12.524657982842,12.2408680398714,12.4715140302376,12.7039611668776,12.540164346281,5.49346381881318,12.8123603142392,5.84680081254406,5.93647189105655,1.8884021979701,2.30441128867067,2.25987185972898,6.50218019907263,2.68437777188798,6.64948125542539,5.96454144096254,13.6394179938127,0,2.95582379027818,1.09993875344163,7.04959270214205,7.00223759809576,7.36081888488042,7.46240393681635,14.7805015957545,19.0681778866055
10.0269812286095,10.2407991846369,12.1703832632137,12.4348346109024,12.8000531525082,12.5162632095375,12.7469091999038,12.9793563365438,12.8155595159472,5.76885898847937,13.0877554839054,6.12219598221025,6.21186706072273,2.03475254956982,2.57980645833686,1.45066204036924,6.77757536873882,2.95977294155417,6.92487642509158,6.23993661062873,13.9148131634789,2.95582379027818,0,2.89648789934248,7.32498787180824,7.27763276776195,7.63621405454661,7.73779910648254,15.0558967654207,19.3435730562717
9.69225016800759,9.906068124035,11.8356522026118,12.1001035503005,12.4653220919063,12.1815321489357,12.4121781393019,12.6446252759419,12.4808284553453,5.43412792787748,12.7530244233035,5.78746492160837,5.87713600012085,1.8290663070344,2.24507539773498,2.20053596879328,6.44284430813694,2.62504188095229,6.5901453644897,5.90520555002685,13.580082102877,1.09993875344163,2.89648789934248,0,6.99025681120635,6.94290170716007,7.30148299394472,7.40306804588065,14.7211657048188,19.0088419956699
9.79003866175081,10.0038566177782,11.933440696355,12.1978920440437,12.5631105856495,12.2793206426789,12.5099666330451,12.7424137696851,12.5786169490886,3.75687079741321,12.8508129170467,4.11020779114409,2.95827846426414,6.25756627950016,6.59669246396582,6.62903594125904,3.52398677228023,6.97665894718313,4.91288823402542,4.22794841956257,13.6778705966203,7.04959270214205,7.32498787180824,6.99025681120635,0,0.0876658412736299,5.62422586348045,4.48421051002394,14.8189541985621,19.1066304894131
9.74268355770452,9.95650151373193,11.8860855923087,12.1505369399974,12.5157554816032,12.2319655386326,12.4626115289989,12.6950586656388,12.5312618450423,3.70951569336692,12.8034578130004,4.06285268709781,2.91092336021785,6.21021117545387,6.54933735991954,6.58168083721275,3.47663166823394,6.92930384313685,4.86553312997913,4.18059331551628,13.630515492574,7.00223759809576,7.27763276776195,6.94290170716007,0.0876658412736299,0,5.57687075943416,4.43685540597766,14.7715990945158,19.0592753853668
10.1012648444892,10.3150828005166,12.2446668790934,12.5091182267821,12.8743367683879,12.5905468254173,12.8211928157835,13.0536399524235,12.8898431318269,3.35201844028147,13.1620390997851,2.61483651851035,4.51110505239494,6.56879246223853,6.90791864670419,6.94026212399741,5.07681336041103,7.2878851299215,2.54799506475233,3.82309606243083,13.9890967793586,7.36081888488042,7.63621405454661,7.30148299394472,5.62422586348045,5.57687075943416,0,6.03703709815475,15.1301803813004,19.4178566721514
10.2028498964251,10.4166678524525,12.3462519310293,12.610703278718,12.9759218203238,12.6921318773532,12.9227778677194,13.1552250043594,12.9914281837629,4.16968203208751,13.263624151721,4.52301902581839,2.3616744224079,6.67037751417446,7.00950369864012,7.04184717593334,2.64398259716126,7.38947018185744,5.32569946869972,4.64075965423687,14.0906818312946,7.46240393681635,7.73779910648254,7.40306804588065,4.48421051002394,4.43685540597766,6.03703709815475,0,15.2317654332364,19.5194417240874
8.20812088748828,8.42193884351569,4.180552506484,5.98084605651263,3.8176611661567,6.06227465514779,4.75707844317414,3.74040695536324,6.36157096155747,13.2628253152332,6.63376692951563,13.6161623089641,13.7058333874766,13.9884751731126,14.3276013575783,14.3599448348715,14.2715416954927,14.7075678407956,14.4188427518454,13.7339029373826,7.46082460908918,14.7805015957545,15.0558967654207,14.7211657048188,14.8189541985621,14.7715990945158,15.1301803813004,15.2317654332364,0,8.74762305649061
12.4957971783393,12.7096151343667,8.46822879733501,10.2685223473636,8.10533745700771,10.3499509459988,9.04475473402515,8.02808324621425,10.6492472524085,17.5505016060842,10.9214432203666,17.9038385998151,17.9935096783276,18.2761514639637,18.6152776484293,18.6476211257225,18.5592179863437,18.9952441316466,18.7065190426964,18.0215792282336,11.7485008999402,19.0681778866055,19.3435730562717,19.0088419956699,19.1066304894131,19.0592753853668,19.4178566721514,19.5194417240874,8.74762305649061,0
