0.647598037549028,0.626510061637609,0.458926910144546,0.623118439167032,0.414098746126563,0.00126509030172572,0.637234042259286,0.00031788829910484,1.16552489517474e-05,0.000985257111853599,0.117764105818257,0.00178120119874592,0.0995103316675698,0.0705636992749423,0.223516305178217,0.171765543808962,0.00278357662469775,0.141858664786972,0.173235346639841,0.245541698694538,0.175454984062056,0.103589812542319,0.435305534071617,0.193557957501226,0.065312888093767,0.192755676759177,0.460148636825449,0.0219709098750065,0.402948116272456,0.366880186995139
0.626510061637609,1.23767086842497,0.93218257371646,1.04812203366952,0.87099022004284,0.00543833043049613,1.23683254184619,0.0208755644761949,0.0157984592247602,0.0263767478804113,0.312988500485115,0.00483783757235523,0.0860980229029131,0.0510740564159322,0.526521115666224,0.429294460268046,0.00335906263892349,0.143670463731541,0.185483313669507,0.581574155564907,0.188256363044102,0.295473788815641,0.614182609650573,0.217999263219302,0.045731664691818,0.217788855439632,0.679330400284286,0.104472223723937,0.582522127435662,0.516965004732493
0.458926910144546,0.93218257371646,1.89537356427178,0.811471369745332,1.83417686696781,0.223388367475662,1.32301528526591,0.315278903883846,0.291093743850364,0.340348288505806,1.01695103550064,0.241539303489417,0.00423676761245861,0.0198371731469775,1.38867952518657,1.24289461667106,0.241298554567249,0.00089599236349347,0.0107802509198813,1.49300114342557,0.0118947168997638,1.02785345460804,0.309848717184609,0.0198318690077794,0.0329536423020018,0.0190633037728944,0.375401443056619,0.626889989849345,0.277131244327483,0.214974183416795
0.623118439167032,1.04812203366952,0.811471369745332,2.32560644696175,0.765367172287373,0.0614352307563948,1.72880343851941,0.0285715982695272,0.0366685425864315,0.0219846927921017,0.130592097910027,0.0751454590791591,0.5054651072713,0.389124974218025,0.344596334878567,0.2402003165929,0.0904591068331553,0.685977898255233,0.753623795122524,0.415651386439812,0.755246697931062,0.112625352729002,1.5990417863685,0.861039136091097,0.418176225774407,0.870955468321324,1.78805047710479,0.00127024960459377,1.66488156362084,1.5505497209145
0.414098746126563,0.87099022004284,1.83417686696781,0.765367172287373,2.44457759053858,0.374182007609994,1.3338914360376,0.507129784597425,0.473362165026172,0.542753101554294,1.41923644248857,0.415315683231849,0.0327413152075802,0.0681410648627225,1.89953576539867,1.72757186037087,0.424088649898454,0.00663021834921018,1.43414721627266e-05,2.05791829289883,0.000100587273454966,1.47420964282901,0.249120647910306,0.00166412559706908,0.101074281493749,0.0013453721388279,0.314644385959841,0.961460076418875,0.216010200700695,0.155401615283881
0.00126509030172572,0.00543833043049613,0.223388367475662,0.0614352307563948,0.374182007609994,3.08022379327538,0.00493520105798062,2.97441757188749,3.01352177700339,2.94271824317013,1.60278291676695,3.07960977006617,2.13980921502942,2.29327294390382,1.09720186652895,1.41276277350453,3.07715800473339,2.00031853150273,1.63436637298813,1.14454583403809,1.59857132449717,1.97637505798609,0.5397843004364,1.66807611230178,2.6450814539595,1.71808785740425,0.561469168549041,2.75625718262218,0.894635455114285,1.07013003524843
0.637234042259286,1.23683254184619,1.32301528526591,1.72880343851941,1.3338914360376,0.00493520105798062,2.43298926194855,0.0253958301907269,0.0184031086405021,0.0331882078270049,0.4693465451829,0.00432133279778446,0.155127278223559,0.0938863172974402,0.818470748727743,0.670771108373636,0.00262057288572137,0.259911430062662,0.319883701334514,0.947352107369969,0.322915424006994,0.466728772831281,1.01975260984508,0.385572844620524,0.0916879185725223,0.389144119983353,1.19151319100045,0.158564245069315,1.0685421422318,0.954321684833323
0.00031788829910484,0.0208755644761949,0.315278903883846,0.0285715982695272,0.507129784597425,2.97441757188749,0.0253958301907269,3.51498059129583,3.41898008912806,3.48209037850105,1.93550351657721,3.40932656963925,2.07671099573869,2.23290113573789,1.36866772139402,1.74462240175343,3.43168405712151,1.94210237916163,1.53839464309694,1.45114960668817,1.50040312318207,2.42315033220794,0.447945913774872,1.58157533297721,2.7314313754807,1.63787470172095,0.464763897604352,3.29671317685298,0.788908451134626,0.967393128198875
1.16552489517474e-05,0.0157984592247602,0.291093743850364,0.0366685425864315,0.473362165026172,3.01352177700339,0.0184031086405021,3.41898008912806,3.46719765487861,3.38736337629266,1.86325793791431,3.40746989561579,2.12491617895035,2.28110139118425,1.30660581445785,1.67158816223822,3.41605789267563,1.9901922440607,1.584748393198,1.38193342998453,1.54627700435869,2.33239893004998,0.477428570945937,1.62918950752721,2.76525056612902,1.68587515113446,0.496766663489455,3.20849082770045,0.83045144276223,1.01191401290075
0.000985257111853599,0.0263767478804113,0.340348288505806,0.0219846927921017,0.542753101554294,2.94271824317013,0.0331882078270049,3.48209037850105,3.38736337629266,3.61066414720982,2.01730248599902,3.44154115305811,2.04675529024144,2.20298360772235,1.43771471358871,1.82822143080197,3.48522396675039,1.91310153758252,1.50555184731838,1.53002299916212,1.46751519271665,2.53458156272287,0.423575948031427,1.54935720372724,2.72767123663352,1.60628033071757,0.438665595407242,3.42322516193263,0.757171580397772,0.934645019104897
0.117764105818257,0.312988500485115,1.01695103550064,0.130592097910027,1.41923644248857,1.60278291676695,0.4693465451829,1.93550351657721,1.86325793791431,2.01730248599902,3.36822324979683,1.85200031024408,0.768141863162064,0.897015648924565,2.72480956802362,3.17613973295243,1.95073179734549,0.639803750844528,0.448666811497908,2.87927260811865,0.433340515934739,3.3502506990198,0.0103564396459643,0.435472104771335,1.17351328324821,0.455152644488092,0.00517439113965645,2.87752791229327,0.0534653104249392,0.103197444295096
0.00178120119874592,0.00483783757235523,0.241539303489417,0.0751454590791591,0.415315683231849,3.07960977006617,0.00432133279778446,3.40932656963925,3.40746989561579,3.44154115305811,1.85200031024408,4.33946956261861,2.61202705284295,2.75168848706064,1.26870058275569,1.66513825701515,4.3357390438531,2.51764289984803,1.96425503020764,1.36353260808244,1.91168319037863,2.44378950766106,0.642604598692868,2.06673958176723,3.56051556517413,2.15181704665421,0.688617933697129,3.6744058730319,1.14021604385608,1.37645575788866
0.0995103316675698,0.0860980229029131,0.00423676761245861,0.5054651072713,0.0327413152075802,2.13980921502942,0.155127278223559,2.07671099573869,2.12491617895035,2.04675529024144,0.768141863162064,2.61202705284295,3.94369036821628,3.50923650183821,0.390130727122048,0.599771410254681,2.88639881169711,3.80351010868819,3.20401738339099,0.393194988139974,3.12281254014639,1.0450472045907,1.5181055823384,3.39334306935345,3.85495305991441,3.48306054188018,1.68441531350758,1.95629884149104,2.3887362300857,2.68072916755686
0.0705636992749423,0.0510740564159322,0.0198371731469775,0.389124974218025,0.0681410648627225,2.29327294390382,0.0938863172974402,2.23290113573789,2.28110139118425,2.20298360772235,0.897015648924565,2.75168848706064,3.50923650183821,3.66546549314225,0.493091134465015,0.722777933830655,2.98371569949328,3.3721752334853,2.85884475412176,0.502324720195102,2.79508436965165,1.19414672246852,1.29313658798532,2.9797774429313,3.66012272579311,3.05622751999701,1.41432850330588,2.1043496061315,2.02105036513179,2.28461140739343
0.223516305178217,0.526521115666224,1.38867952518657,0.344596334878567,1.89953576539867,1.09720186652895,0.818470748727743,1.36866772139402,1.30660581445785,1.43771471358871,2.72480956802362,1.26870058275569,0.390130727122048,0.493091134465015,3.40023624869973,3.21612678547511,1.33901234227755,0.286542338703925,0.174051475245963,3.38918620938626,0.165917988806347,2.93933190151122,0.0210202129776151,0.156429702635299,0.667553266353036,0.165304227038987,0.0370266133155859,2.26133659310478,0.00305998442769528,0.000961863201508706
0.171765543808962,0.429294460268046,1.24289461667106,0.2402003165929,1.72757186037087,1.41276277350453,0.670771108373636,1.74462240175343,1.67158816223822,1.82822143080197,3.17613973295243,1.66513825701515,0.599771410254681,0.722777933830655,3.21612678547511,3.86149576033392,1.77699143252822,0.476959254954299,0.312440565789738,3.54753666284756,0.299872349392893,3.58322998691976,0.000661423131048888,0.296297487309471,0.98184187560487,0.311823123498367,0.00436836719760114,2.85504879451274,0.00770522782711236,0.0323920625859921
0.00278357662469775,0.00335906263892349,0.241298554567249,0.0904591068331553,0.424088649898454,3.07715800473339,0.00262057288572137,3.43168405712151,3.41605789267563,3.48522396675039,1.95073179734549,4.3357390438531,2.88639881169711,2.98371569949328,1.33901234227755,1.77699143252822,5.42934003438675,2.8656428401572,2.17756741432111,1.46568712617001,2.1135618566841,2.68175035276485,0.724796358895786,2.34207000779907,4.24241796712952,2.45677775984169,0.79282153813617,4.23784745529413,1.34037047633857,1.62463742836579
0.141858664786972,0.143670463731541,0.00089599236349347,0.685977898255233,0.00663021834921018,2.00031853150273,0.259911430062662,1.94210237916163,1.9901922440607,1.91310153758252,0.639803750844528,2.51764289984803,3.80351010868819,3.3721752334853,0.286542338703925,0.476959254954299,2.8656428401572,4.72288638709893,3.57321501051086,0.28443532388898,3.46184369755167,0.905060726064637,1.85816752538204,4.09566289287317,4.26686518198163,4.28681926751788,2.12801343839396,1.85304439581641,3.06680562113221,3.43743648638957
0.173235346639841,0.185483313669507,0.0107802509198813,0.753623795122524,1.43414721627266e-05,1.63436637298813,0.319883701334514,1.53839464309694,1.584748393198,1.50555184731838,0.448666811497908,1.96425503020764,3.20401738339099,2.85884475412176,0.174051475245963,0.312440565789738,2.17756741432111,3.57321501051086,3.64086098445184,0.164468005297985,3.52816699746298,0.627209651458361,1.89542228975531,3.62312761053015,3.20653512980841,3.63046136662454,2.10489170961189,1.34863464850369,2.80305760214553,3.05115139741843
0.245541698694538,0.581574155564907,1.49300114342557,0.415651386439812,2.05791829289883,1.14454583403809,0.947352107369969,1.45114960668817,1.38193342998453,1.53002299916212,2.87927260811865,1.36353260808244,0.393194988139974,0.502324720195102,3.38918620938626,3.54753666284756,1.46568712617001,0.28443532388898,0.164468005297985,4.33639498087457,0.155993365951494,3.40088685379367,0.0354290121986187,0.146772836342885,0.709416832263474,0.15619952150317,0.0589402436393778,2.58558251057547,0.0103175897599934,8.76692370264109e-05
0.175454984062056,0.188256363044102,0.0118947168997638,0.755246697931062,0.000100587273454966,1.59857132449717,0.322915424006994,1.50040312318207,1.54627700435869,1.46751519271665,0.433340515934739,1.91168319037863,3.12281254014639,2.79508436965165,0.165917988806347,0.299872349392893,2.1135618566841,3.46184369755167,3.52816699746298,0.155993365951494,3.53126753966492,0.604687617306325,1.8879254428385,3.52097036487878,3.10612817447739,3.52540956864649,2.0870116971775,1.30480545287661,2.7539870579748,2.98889296076649
0.103589812542319,0.295473788815641,1.02785345460804,0.112625352729002,1.47420964282901,1.97637505798609,0.466728772831281,2.42315033220794,2.33239893004998,2.53458156272287,3.3502506990198,2.44378950766106,1.0450472045907,1.19414672246852,2.93933190151122,3.58322998691976,2.68175035276485,0.905060726064637,0.627209651458361,3.40088685379367,0.604687617306325,4.97739672638634,0.0280385460449515,0.627776931775528,1.66842561127396,0.660500878994642,0.0198869681062783,4.12132927268279,0.107365054843113,0.186057010497135
0.435305534071617,0.614182609650573,0.309848717184609,1.5990417863685,0.249120647910306,0.5397843004364,1.01975260984508,0.447945913774872,0.477428570945937,0.423575948031427,0.0103564396459643,0.642604598692868,1.5181055823384,1.29313658798532,0.0210202129776151,0.000661423131048888,0.724796358895786,1.85816752538204,1.89542228975531,0.0354290121986187,1.8879254428385,0.0280385460449515,2.98095937580306,2.10747542240994,1.46306528415999,2.13586943793535,2.97170103862468,0.260451654867913,2.94511694632391,2.88124852740888
0.193557957501226,0.217999263219302,0.0198318690077794,0.861039136091097,0.00166412559706908,1.66807611230178,0.385572844620524,1.58157533297721,1.62918950752721,1.54935720372724,0.435472104771335,2.06673958176723,3.39334306935345,2.9797774429313,0.156429702635299,0.296297487309471,2.34207000779907,4.09566289287317,3.62312761053015,0.146772836342885,3.52097036487878,0.627776931775528,2.10747542240994,4.40489850804842,3.64005774903818,4.40404859669778,2.42016437533852,1.42080829722812,3.35693337204261,3.68651743767574
0.065312888093767,0.045731664691818,0.0329536423020018,0.418176225774407,0.101074281493749,2.6450814539595,0.0916879185725223,2.7314313754807,2.76525056612902,2.72767123663352,1.17351328324821,3.56051556517413,3.85495305991441,3.66012272579311,0.667553266353036,0.98184187560487,4.24241796712952,4.26686518198163,3.20653512980841,0.709416832263474,3.10612817447739,1.66842561127396,1.46306528415999,3.64005774903818,6.26782114180295,3.85718962243194,1.68639770115507,3.05207934789514,2.6474309644637,3.07987375891703
0.192755676759177,0.217788855439632,0.0190633037728944,0.870955468321324,0.0013453721388279,1.71808785740425,0.389144119983353,1.63787470172095,1.68587515113446,1.60628033071757,0.455152644488092,2.15181704665421,3.48306054188018,3.05622751999701,0.165304227038987,0.311823123498367,2.45677775984169,4.28681926751788,3.63046136662454,0.15619952150317,3.52540956864649,0.660500878994642,2.13586943793535,4.40404859669778,3.85718962243194,4.72916710495801,2.47804633068424,1.49618966408447,3.50640265560801,3.87702814412453
0.460148636825449,0.679330400284286,0.375401443056619,1.78805047710479,0.314644385959841,0.561469168549041,1.19151319100045,0.464763897604352,0.496766663489455,0.438665595407242,0.00517439113965645,0.688617933697129,1.68441531350758,1.41432850330588,0.0370266133155859,0.00436836719760114,0.79282153813617,2.12801343839396,2.10489170961189,0.0589402436393778,2.0870116971775,0.0198869681062783,2.97170103862468,2.42016437533852,1.68639770115507,2.47804633068424,3.93077696147127,0.266817505352137,3.80751971553878,3.6847849439491
0.0219709098750065,0.104472223723937,0.626889989849345,0.00127024960459377,0.961460076418875,2.75625718262218,0.158564245069315,3.29671317685298,3.20849082770045,3.42322516193263,2.87752791229327,3.6744058730319,1.95629884149104,2.1043496061315,2.26133659310478,2.85504879451274,4.23784745529413,1.85304439581641,1.34863464850369,2.58558251057547,1.30480545287661,4.12132927268279,0.260451654867913,1.42080829722812,3.05207934789514,1.49618966408447,0.266817505352137,6.14366266875872,0.571989761125689,0.763379134504821
0.402948116272456,0.582522127435662,0.277131244327483,1.66488156362084,0.216010200700695,0.894635455114285,1.0685421422318,0.788908451134626,0.83045144276223,0.757171580397772,0.0534653104249392,1.14021604385608,2.3887362300857,2.02105036513179,0.00305998442769528,0.00770522782711236,1.34037047633857,3.06680562113221,2.80305760214553,0.0103175897599934,2.7539870579748,0.107365054843113,2.94511694632391,3.35693337204261,2.6474309644637,3.50640265560801,3.80751971553878,0.571989761125689,5.85530776519421,5.67550797079033
0.366880186995139,0.516965004732493,0.214974183416795,1.5505497209145,0.155401615283881,1.07013003524843,0.954321684833323,0.967393128198875,1.01191401290075,0.934645019104897,0.103197444295096,1.37645575788866,2.68072916755686,2.28461140739343,0.000961863201508706,0.0323920625859921,1.62463742836579,3.43743648638957,3.05115139741843,8.76692370264109e-05,2.98889296076649,0.186057010497135,2.88124852740888,3.68651743767574,3.07987375891703,3.87702814412453,3.6847849439491,0.763379134504821,5.67550797079033,6.38753385174634
