0,1.33224850823028,2.15932353732548,2.5651515899789,2.9030643571807,4.65096776212511,3.02501167481177,5.45036145900101,5.41647433826288,5.61451678585872,5.96513493889611,6.31414368565538,7.48843929788597,7.33465957089212,7.49243359309495,7.64605511340546,7.44434433244719,8.55822513849026,9.25403819783772,8.86806409751564,9.1505114038489,8.41082459896542,10.3132637812112,10.1613007938134,10.2474808944354,10.4602913109048,11.2918100704567,11.6569147320124,13.6763744637515,14.3704093477529
1.33224850823028,0,3.17119029343094,3.4817300851414,3.91493111328616,5.56754625728761,3.94159016997427,6.36693995416351,6.33305283342538,6.53109528102122,6.88171343405861,7.23072218081788,8.40501779304847,8.25123806605463,8.40901208825745,8.56263360856796,8.36092282760969,9.47480363365276,10.1706166930002,9.78464259267814,10.0670898990114,9.32740309412792,11.2298422763738,11.0778792889759,11.1640593895979,11.3768698060673,12.2083885656192,12.5734932271749,14.592952958914,15.2869878429154
2.15932353732548,3.17119029343094,0,4.40409337517957,0.933885959540588,6.48990954732578,4.86395346001244,7.28930324420167,7.25541612346354,7.45345857105939,7.80407672409677,8.15308547085604,9.32738108308664,9.17360135609279,9.33137537829561,9.48499689860613,9.28328611764786,10.3971669236909,11.0929799830384,10.7070058827163,10.9894531890496,10.2497663841661,12.1522055664119,12.000242579014,12.086422679636,12.2992330961055,13.1307518556574,13.4958565172131,15.5153162489522,16.2093511329536
2.5651515899789,3.4817300851414,4.40409337517957,0,5.14783419503478,6.74826420709635,2.63218423814636,7.54765790397225,7.51377078323412,7.71181323082996,8.06243138386735,8.41144013062662,9.58573574285721,9.43195601586337,9.58973003806619,9.7433515583767,9.54164077741843,10.6555215834615,11.351334642809,10.9653605424869,11.2478078488201,10.5081210439367,12.4105602261825,12.2585972387846,12.3447773394066,12.557587755876,13.3891065154279,13.7542111769836,15.7736709087228,16.4677057927242
2.9030643571807,3.91493111328616,0.933885959540588,5.14783419503478,0,7.233650367181,5.60769427986766,8.03304406405689,7.99915694331876,8.19719939091461,8.54781754395199,8.89682629071126,10.0711219029419,9.91734217594801,10.0751161981508,10.2287377184613,10.0270269375031,11.1409077435461,11.8367208028936,11.4507467025715,11.7331940089048,10.9935072040213,12.8959463862671,12.7439833988693,12.8301634994913,13.0429739159607,13.8744926755126,14.2395973370683,16.2590570688074,16.9530919528088
4.65096776212511,5.56754625728761,6.48990954732578,6.74826420709635,7.233650367181,0,7.20812429192923,1.11477622153543,1.0808891007973,1.27893154839315,4.00790969119572,1.88135226255321,3.84639123919542,3.69261151220157,5.53520834539456,5.68882986570507,3.01155290934503,4.91617707979971,5.61199013914716,6.91083884981525,5.50846334515835,6.45359935126503,6.67121572252069,6.51925273512283,6.60543283574482,6.81824325221424,7.64976201176616,9.69968948431201,10.034326405061,10.7283612890624
3.02501167481177,3.94159016997427,4.86395346001244,2.63218423814636,5.60769427986766,7.20812429192923,0,8.00751798880512,7.97363086806699,8.17167331566284,8.52229146870022,8.87130021545949,10.0455958276901,9.89181610069624,10.0495901228991,10.2032116432096,10.0015008622513,11.1153816682944,11.8111947276418,11.4252206273198,11.707667933653,10.9679811287695,12.8704203110154,12.7184573236175,12.8046374242395,13.0174478407089,13.8489666002608,14.2140712618165,16.2335309935557,16.927565877557
5.45036145900101,6.36693995416351,7.28930324420167,7.54765790397225,8.03304406405689,1.11477622153543,8.00751798880512,0,0.447142879182038,0.97316057788458,4.80730338807161,2.7779521450657,4.64578493607131,4.49200520907747,6.33460204227045,6.48822356258096,3.90815279185751,5.71557077667561,6.41138383602306,7.71023254669115,6.30785704203425,7.25299304814093,7.47060941939659,7.31864643199873,7.40482653262072,7.61763694909013,8.44915570864205,10.4990831811879,10.8337201019369,11.5277549859383
5.41647433826288,6.33305283342538,7.25541612346354,7.51377078323412,7.99915694331876,1.0808891007973,7.97363086806699,0.447142879182038,0,0.939273457146449,4.77341626733348,2.74406502432757,4.61189781533318,4.45811808833934,6.30071492153232,6.45433644184283,3.87426567111938,5.68168365593748,6.37749671528493,7.67634542595302,6.27396992129611,7.2191059274028,7.43672229865846,7.2847593112606,7.37093941188259,7.583749828352,8.41526858790392,10.4651960604498,10.7998329811988,11.4938678652001
5.61451678585872,6.53109528102122,7.45345857105939,7.71181323082996,8.19719939091461,1.27893154839315,8.17167331566284,0.97316057788458,0.939273457146449,0,4.97145871492933,2.94210747192342,4.80994026292903,4.65616053593519,6.49875736912817,6.65237888943868,4.07230811871523,5.87972610353332,6.57553916288078,7.87438787354886,6.47201236889196,7.41714837499864,7.63476474625431,7.48280175885645,7.56898185947844,7.78179227594785,8.61331103549977,10.6632385080456,10.9978754287946,11.691910312796
5.96513493889611,6.88171343405861,7.80407672409677,8.06243138386735,8.54781754395199,4.00790969119572,8.52229146870022,4.80730338807161,4.77341626733348,4.97145871492933,0,5.67108561472598,6.84538122695657,6.69160149996273,2.8301500090419,2.98377152935242,6.8012862615178,7.91516706756087,8.61098012690832,4.2057805134626,8.50745333291951,3.62464383065599,9.67020571028185,9.51824272288399,9.60442282350598,9.81723323997539,10.6487519995273,6.87073396370298,13.0333163928221,13.7273512768235
6.31414368565538,7.23072218081788,8.15308547085604,8.41144013062662,8.89682629071126,1.88135226255321,8.87130021545949,2.7779521450657,2.74406502432757,2.94210747192342,5.67108561472598,0,5.50956716272568,5.35578743573184,7.19838426892482,7.35200578923533,1.25669541458377,6.57935300332998,7.27516606267743,8.57401477334552,7.17163926868861,8.11677527479529,8.33439164605096,8.1824286586531,8.26860875927509,8.4814191757445,9.31293793529642,11.3628654078423,11.6975023285913,12.3915372125926
7.48843929788597,8.40501779304847,9.32738108308664,9.58573574285721,10.0711219029419,3.84639123919542,10.0455958276901,4.64578493607131,4.61189781533318,4.80994026292903,6.84538122695657,5.50956716272568,0,2.11911031774916,8.37267988115541,8.52630140146593,6.6397678095175,1.97382047533281,5.54208310224455,9.74831038557611,5.43855630825573,9.29107088702589,6.60130868561808,6.44934569822022,5.03193164129241,6.74833621531162,7.57985497486354,12.5371610200729,9.96441936815837,10.6584542521597
7.33465957089212,8.25123806605463,9.17360135609279,9.43195601586337,9.91734217594801,3.69261151220157,9.89181610069624,4.49200520907747,4.45811808833934,4.65616053593519,6.69160149996273,5.35578743573184,2.11911031774916,0,8.21890015416157,8.37252167447208,6.48598808252365,3.18889615835345,5.38830337525071,9.59453065858226,5.28477658126189,9.13729116003204,6.44752895862423,6.29556597122637,3.0422607633742,6.59455648831778,7.4260752478697,12.383381293079,9.81063964116453,10.5046745251659
7.49243359309495,8.40901208825745,9.33137537829561,9.58973003806619,10.0751161981508,5.53520834539456,10.0495901228991,6.33460204227045,6.30071492153232,6.49875736912817,2.8301500090419,7.19838426892482,8.37267988115541,8.21890015416157,0,1.71775141928338,8.32858491571664,9.44246572175971,10.1382787811072,2.93976040339357,10.0347519871183,5.27583966911122,11.1975043644807,11.0455413770828,11.1317214777048,11.3445318941742,12.1760506537262,8.5219298021582,14.560615047021,15.2546499310224
7.64605511340546,8.56263360856796,9.48499689860613,9.7433515583767,10.2287377184613,5.68882986570507,10.2032116432096,6.48822356258096,6.45433644184283,6.65237888943868,2.98377152935242,7.35200578923533,8.52630140146593,8.37252167447208,1.71775141928338,0,8.48220643602715,9.59608724207022,10.2919003014177,1.48199777911379,10.1883735074289,5.42946118942173,11.3511258847912,11.1991628973933,11.2853429980153,11.4981534144847,12.3296721740367,8.67555132246871,14.7142365673315,15.4082714513329
7.44434433244719,8.36092282760969,9.28328611764786,9.54164077741843,10.0270269375031,3.01155290934503,10.0015008622513,3.90815279185751,3.87426567111938,4.07230811871523,6.8012862615178,1.25669541458377,6.6397678095175,6.48598808252365,8.32858491571664,8.48220643602715,0,7.70955365012179,8.40536670946925,9.70421542013733,8.30183991548043,9.24697592158711,9.46459229284277,9.31262930544491,9.3988094060669,9.61161982253632,10.4431385820882,12.4930660546341,12.8277029753831,13.5217378593844
8.55822513849026,9.47480363365276,10.3971669236909,10.6555215834615,11.1409077435461,4.91617707979971,11.1153816682944,5.71557077667561,5.68168365593748,5.87972610353332,7.91516706756087,6.57935300332998,1.97382047533281,3.18889615835345,9.44246572175971,9.59608724207022,7.70955365012179,0,6.61186894284885,10.8180962261804,6.50834214886003,10.3608567276302,7.67109452622237,7.51913153882451,6.1017174818967,7.81812205591592,8.64964081546784,13.6069468606772,11.0342052087627,11.728240092764
9.25403819783772,10.1706166930002,11.0929799830384,11.351334642809,11.8367208028936,5.61199013914716,11.8111947276418,6.41138383602306,6.37749671528493,6.57553916288078,8.61098012690832,7.27516606267743,5.54208310224455,5.38830337525071,10.1382787811072,10.2919003014177,8.40536670946925,6.61186894284885,0,11.5139092855279,1.39114370368905,11.0566697869776,3.32225510437469,2.40193309365354,8.30112469879396,1.83075547358708,4.30080139362015,14.3027599200246,6.68536578691498,7.37940067091636
8.86806409751564,9.78464259267814,10.7070058827163,10.9653605424869,11.4507467025715,6.91083884981525,11.4252206273198,7.71023254669115,7.67634542595302,7.87438787354886,4.2057805134626,8.57401477334552,9.74831038557611,9.59453065858226,2.93976040339357,1.48199777911379,9.70421542013733,10.8180962261804,11.5139092855279,0,11.410382491539,6.65147017353191,12.5731348689014,12.4211718815035,12.5073519821255,12.7201623985949,13.5516811581468,9.89756030657889,15.9362455514417,16.6302804354431
9.1505114038489,10.0670898990114,10.9894531890496,11.2478078488201,11.7331940089048,5.50846334515835,11.707667933653,6.30785704203425,6.27396992129611,6.47201236889196,8.50745333291951,7.17163926868861,5.43855630825573,5.28477658126189,10.0347519871183,10.1883735074289,8.30183991548043,6.50834214886003,1.39114370368905,11.410382491539,0,10.9531429929888,3.21872831038587,2.03013484097406,8.19759790480514,2.59739681675613,4.19727459963133,14.1992331260358,6.58183899292616,7.27587387692754
8.41082459896542,9.32740309412792,10.2497663841661,10.5081210439367,10.9935072040213,6.45359935126503,10.9679811287695,7.25299304814093,7.2191059274028,7.41714837499864,3.62464383065599,8.11677527479529,9.29107088702589,9.13729116003204,5.27583966911122,5.42946118942173,9.24697592158711,10.3608567276302,11.0566697869776,6.65147017353191,10.9531429929888,0,12.1158953703512,11.9639323829533,12.0501124835753,12.2629229000447,13.0944416595966,6.19971899010774,15.4790060528915,16.1730409368928
10.3132637812112,11.2298422763738,12.1522055664119,12.4105602261825,12.8959463862671,6.67121572252069,12.8704203110154,7.47060941939659,7.43672229865846,7.63476474625431,9.67020571028185,8.33439164605096,6.60130868561808,6.44752895862423,11.1975043644807,11.3511258847912,9.46459229284277,7.67109452622237,3.32225510437469,12.5731348689014,3.21872831038587,12.1158953703512,0,4.22951770035036,9.36035028216748,4.52850821744176,2.04943373560644,15.3619855033981,6.14786821764255,6.84190310164393
10.1613007938134,11.0778792889759,12.000242579014,12.2585972387846,12.7439833988693,6.51925273512283,12.7184573236175,7.31864643199873,7.2847593112606,7.48280175885645,9.51824272288399,8.1824286586531,6.44934569822022,6.29556597122637,11.0455413770828,11.1991628973933,9.31262930544491,7.51913153882451,2.40193309365354,12.4211718815035,2.03013484097406,11.9639323829533,4.22951770035036,0,9.20838729476962,3.60818620672061,5.20806398959582,15.2100225160003,7.59262838289064,8.28666326689203
10.2474808944354,11.1640593895979,12.086422679636,12.3447773394066,12.8301634994913,6.60543283574482,12.8046374242395,7.40482653262072,7.37093941188259,7.56898185947844,9.60442282350598,8.26860875927509,5.03193164129241,3.0422607633742,11.1317214777048,11.2853429980153,9.3988094060669,6.1017174818967,8.30112469879396,12.5073519821255,8.19759790480514,12.0501124835753,9.36035028216748,9.20838729476962,0,9.50737781186103,10.3388965714129,15.2962026166223,12.7234609647078,13.4174958487092
10.4602913109048,11.3768698060673,12.2992330961055,12.557587755876,13.0429739159607,6.81824325221424,13.0174478407089,7.61763694909013,7.583749828352,7.78179227594785,9.81723323997539,8.4814191757445,6.74833621531162,6.59455648831778,11.3445318941742,11.4981534144847,9.61161982253632,7.81812205591592,1.83075547358708,12.7201623985949,2.59739681675613,12.2629229000447,4.52850821744176,3.60818620672061,9.50737781186103,0,5.50705450668722,15.5090130330917,7.89161889998205,8.58565378398343
11.2918100704567,12.2083885656192,13.1307518556574,13.3891065154279,13.8744926755126,7.64976201176616,13.8489666002608,8.44915570864205,8.41526858790392,8.61331103549977,10.6487519995273,9.31293793529642,7.57985497486354,7.4260752478697,12.1760506537262,12.3296721740367,10.4431385820882,8.64964081546784,4.30080139362015,13.5516811581468,4.19727459963133,13.0944416595966,2.04943373560644,5.20806398959582,10.3388965714129,5.50705450668722,0,16.3405317926436,7.12641450688801,7.82044939088939
11.6569147320124,12.5734932271749,13.4958565172131,13.7542111769836,14.2395973370683,9.69968948431201,14.2140712618165,10.4990831811879,10.4651960604498,10.6632385080456,6.87073396370298,11.3628654078423,12.5371610200729,12.383381293079,8.5219298021582,8.67555132246871,12.4930660546341,13.6069468606772,14.3027599200246,9.89756030657889,14.1992331260358,6.19971899010774,15.3619855033981,15.2100225160003,15.2962026166223,15.5090130330917,16.3405317926436,0,18.7250961859384,19.4191310699398
13.6763744637515,14.592952958914,15.5153162489522,15.7736709087228,16.2590570688074,10.034326405061,16.2335309935557,10.8337201019369,10.7998329811988,10.9978754287946,13.0333163928221,11.6975023285913,9.96441936815837,9.81063964116453,14.560615047021,14.7142365673315,12.8277029753831,11.0342052087627,6.68536578691498,15.9362455514417,6.58183899292616,15.4790060528915,6.14786821764255,7.59262838289064,12.7234609647078,7.89161889998205,7.12641450688801,18.7250961859384,0,1.03436212592309
14.3704093477529,15.2869878429154,16.2093511329536,16.4677057927242,16.9530919528088,10.7283612890624,16.927565877557,11.5277549859383,11.4938678652001,11.691910312796,13.7273512768235,12.3915372125926,10.6584542521597,10.5046745251659,15.2546499310224,15.4082714513329,13.5217378593844,11.728240092764,7.37940067091636,16.6302804354431,7.27587387692754,16.1730409368928,6.84190310164393,8.28666326689203,13.4174958487092,8.58565378398343,7.82044939088939,19.4191310699398,1.03436212592309,0
