1.32503116026439,1.19300701091276,1.09955854811153,0.0106460123447589,1.09349763492021,0.700668072880855,0.0598171080956185,0.91093106899695,0.0145072485870674,1.56667404360711e-05,0.0801538208773964,0.020360106666236,0.0970753651812362,0.0113908831097849,0.353741119732395,0.426272530601432,0.593750613288233,0.574515968784675,0.619641643952705,0.586484725069067,0.20980716844827,0.114503843717681,0.130896253261129,0.738270507688152,0.623048009549957,0.878476202966206,0.357060243883824,0.144000586818573,0.280695010499691,0.366735133792505
1.19300701091276,1.47634030924747,0.970127678811901,0.0360919086381696,1.36987600293497,0.969143323958369,0.153747116025279,1.19425412859418,0.0707196921229518,0.0223101486646415,0.193548026195334,1.6316710430786e-05,0.220118580461401,0.00114387202769128,0.554378958149971,0.301695576239625,0.461739608146999,0.442921400898898,0.487654800048182,0.454468385983877,0.111367267807185,0.0426244018047335,0.0532649264658862,0.610150288029236,0.491404712346132,0.758229020949511,0.235600880929917,0.0613352524736657,0.168394685948718,0.243777579881447
1.09955854811153,0.970127678811901,1.21135786076531,0.000674191242605815,0.868028892855568,0.501812010897562,0.0141390768140992,0.690095558280258,8.01459166144269e-06,0.0139728656297926,0.0224921519811105,0.066696654817052,0.0315496638631392,0.0502265650050107,0.216943810347811,0.537888654941851,0.701004830898538,0.683706669608832,0.725515251290261,0.69366214908485,0.310511063165159,0.198672104160355,0.218956731166045,0.832889625809525,0.726952047976727,0.957855294167763,0.468100957003829,0.235681476401272,0.388506949470726,0.478135277559435
0.0106460123447589,0.0360919086381696,0.000674191242605815,0.525207223083697,0.10333064644466,0.268826891316992,0.520927383153191,0.194815268499871,0.523912141139707,0.509210886399297,0.518356113379505,0.469695897419819,0.51445069589163,0.481507914305596,0.404102749877814,0.211992954300561,0.154607046526857,0.15241010067914,0.143422050607654,0.161663138865697,0.339940913925581,0.395528433782462,0.386026511530762,0.106745212021463,0.154209496987697,0.0562947358479886,0.267937076297069,0.382546409902214,0.308093970785499,0.267467723687062
1.09349763492021,1.36987600293497,0.868028892855568,0.10333064644466,2.70573082971662,2.03732007347113,0.491623796102207,2.47209842727259,0.307605761072823,0.18173592883182,0.627877103344414,0.0564495194747172,0.687500912268362,0.08097355614361,1.23777134716759,0.195619403271496,0.377909855251762,0.351216543017915,0.408374242428383,0.371485422492985,0.0263718961503496,8.00266971534569e-06,0.00103002181225342,0.567670029981187,0.42152692757917,0.745490560131598,0.129232369778818,0.0023975269262051,0.0675685481989641,0.137319727943083
0.700668072880855,0.969143323958369,0.501812010897562,0.268826891316992,2.03732007347113,3.642441823597,1.37274934907238,3.26936328069185,1.06067637766244,0.849267491163355,1.74955737156162,0.516872168663253,1.85455424456786,0.593466524905779,2.43629323160096,0.000482501144221992,0.0393397195036336,0.0357971269554063,0.0525259394376247,0.0340356752755859,0.108299204021711,0.24224616690997,0.217261178908078,0.126063193149127,0.0479104527593126,0.254115135300217,0.0141816371800134,0.217985448519384,0.0568329902511575,0.013586024759304
0.0598171080956185,0.153747116025279,0.0141390768140992,0.520927383153191,0.491623796102207,1.37274934907238,3.38490404826254,1.04563328608431,3.01914397061377,2.80217919480576,3.37869993255128,2.27764373280714,3.35884123023023,2.41304745856837,2.03584779335194,0.71165221730192,0.509927499866147,0.470431188392026,0.457916844667222,0.556408753624495,1.52663073441116,1.84532557551966,1.80572355226405,0.321782737746282,0.547780318495161,0.126827142413503,1.13898139757954,1.86704130739908,1.40001932961143,1.17058559610504
0.91093106899695,1.19425412859418,0.690095558280258,0.194815268499871,2.47209842727259,3.26936328069185,1.04563328608431,4.15323573966279,0.757153687975667,0.560055204142587,1.38024595794571,0.286995736899988,1.48268192256483,0.347226253405418,2.07760020693784,0.0539834428431449,0.179881387555921,0.163255933399435,0.205596991909609,0.172567430778748,0.0120469095486966,0.0816362662456642,0.0655085328915517,0.3432068841014,0.210571855048459,0.515218671016819,0.0130573770137836,0.0618176119420371,3.8272098742631e-05,0.0150181517454051
0.0145072485870674,0.0707196921229518,8.01459166144269e-06,0.523912141139707,0.307605761072823,1.06067637766244,3.01914397061377,0.757153687975667,3.565253035278,3.34188197532565,3.33282752266058,2.80754737161214,3.26230286900817,2.95235901187472,1.69832731418528,1.04120829166125,0.810588473477397,0.746065206088048,0.741775473777888,0.87644250463428,2.02466421030811,2.36642175804289,2.32708272525847,0.569441281839517,0.876447283176205,0.279976824234488,1.59327290614327,2.40182388299489,1.89551755226566,1.63750985937036
1.56667404360711e-05,0.0223101486646415,0.0139728656297926,0.509210886399297,0.18173592883182,0.849267491163355,2.80217919480576,0.560055204142587,3.34188197532565,4.30645641382773,3.4077493846979,3.60583765313181,3.3062804644415,3.79047144128929,1.4763229019834,1.49956852496613,1.24466971415213,1.13254403899122,1.14984307418347,1.34502347495762,2.80979886392172,3.1989453868706,3.16499410649723,0.93289569151876,1.36760105940349,0.507909396109553,2.29719277323238,3.28982811085321,2.68661063152443,2.37233158723515
0.0801538208773964,0.193548026195334,0.0224921519811105,0.518356113379505,0.627877103344414,1.74955737156162,3.37869993255128,1.38024595794571,3.33282752266058,3.4077493846979,5.23425728847165,2.71661106862978,5.1244878376677,2.8953915231358,2.4168543425495,0.809215048929479,0.581867728814777,0.524407986457481,0.517102831466882,0.6447564897777,1.91161204657631,2.30183573820156,2.26962094823563,0.357221478604437,0.644100869988474,0.126958631586285,1.41776946365292,2.42518801741882,1.78790485109675,1.48136456849659
0.020360106666236,1.6316710430786e-05,0.066696654817052,0.469695897419819,0.0564495194747172,0.516872168663253,2.27764373280714,0.286995736899988,2.80754737161214,3.60583765313181,2.71661106862978,4.14957489197086,2.61890954744141,4.02813426285075,1.06341976181822,1.95414895125459,1.69733815566829,1.54832642883142,1.58611445145737,1.81963039535398,3.34063379184842,3.70632574742624,3.66752690396089,1.34515289600313,1.85777392210714,0.807891259888986,2.84088591368775,3.73866973700465,3.21315899290821,2.91329480520235
0.0970753651812362,0.220118580461401,0.0315496638631392,0.51445069589163,0.687500912268362,1.85455424456786,3.35884123023023,1.48268192256483,3.26230286900817,3.3062804644415,5.1244878376677,2.61890954744141,5.32073172800338,2.79601935959283,2.50782977777535,0.744644824245755,0.522844773872627,0.470940748193238,0.461754738812644,0.581382119318826,1.81185275540951,2.19913541332926,2.16618107858307,0.309876368721032,0.578495156232679,0.100827296111879,1.32549099879188,2.31750222977933,1.68700041218377,1.38575777037738
0.0113908831097849,0.00114387202769128,0.0502265650050107,0.481507914305596,0.08097355614361,0.593466524905779,2.41304745856837,0.347226253405418,2.95235901187472,3.79047144128929,2.8953915231358,4.02813426285075,2.79601935959283,4.21704683750786,1.16347254877481,1.84476513959555,1.58754237464075,1.44639025647321,1.47955713871333,1.70564199558767,3.23288004709617,3.61145184189075,3.57439656169538,1.24309993773232,1.74097786202309,0.730753121606856,2.72290281974333,3.66593905407369,3.10737316847014,2.79880559796452
0.353741119732395,0.554378958149971,0.216943810347811,0.404102749877814,1.23777134716759,2.43629323160096,2.03584779335194,2.07760020693784,1.69832731418528,1.4763229019834,2.4168543425495,1.06341976181822,2.50782977777535,1.16347254877481,3.1209065073569,0.113506169839498,0.0336754591353579,0.0313058878092032,0.022674930705143,0.0418617762521976,0.486263427478567,0.706023395801908,0.671703712358366,0.00117836325109977,0.0335152000938548,0.0191380106388164,0.259348902020958,0.689710685303289,0.390815726355546,0.264628551589872
0.426272530601432,0.301695576239625,0.537888654941851,0.211992954300561,0.195619403271496,0.000482501144221992,0.71165221730192,0.0539834428431449,1.04120829166125,1.49956852496613,0.809215048929479,1.95414895125459,0.744644824245755,1.84476513959555,0.113506169839498,3.88235226055811,3.62506956829186,3.40530392573437,3.50678623713604,3.71713520145552,3.41750293548519,2.91279570777218,3.03957975365032,3.23945900608407,3.7159225036148,2.3420789064352,3.80718052443525,3.20489596653175,3.67367744889783,3.82166572144533
0.593750613288233,0.461739608146999,0.701004830898538,0.154607046526857,0.377909855251762,0.0393397195036336,0.509927499866147,0.179881387555921,0.810588473477397,1.24466971415213,0.581867728814777,1.69733815566829,0.522844773872627,1.58754237464075,0.0336754591353579,3.62506956829186,4.68294384576975,3.87353578631101,4.43942065657431,4.67558677717725,3.41299999123296,2.74624488900304,2.90922590809113,4.20385171272262,4.68205984734314,2.92176334364104,4.14375722697459,3.17254942356074,3.89907599405086,4.23317107476036
0.574515968784675,0.442921400898898,0.683706669608832,0.15241010067914,0.351216543017915,0.0357971269554063,0.470431188392026,0.163255933399435,0.746065206088048,1.13254403899122,0.524407986457481,1.54832642883142,0.470940748193238,1.44639025647321,0.0313058878092032,3.40530392573437,3.87353578631101,3.87354100168023,3.85808434627622,3.87134234213778,2.96977927911205,2.43602857233662,2.56356209485408,3.67023731232708,3.87300928749547,2.75767949465076,3.51253428573609,2.74500278050736,3.31433121764344,3.56072590866305
0.619641643952705,0.487654800048182,0.725515251290261,0.143422050607654,0.408374242428383,0.0525259394376247,0.457916844667222,0.205596991909609,0.741775473777888,1.14984307418347,0.517102831466882,1.58611445145737,0.461754738812644,1.47955713871333,0.022674930705143,3.50678623713604,4.43942065657431,3.85808434627622,4.48562869970948,4.44596868655141,3.20807433171287,2.57690292807171,2.72918746828661,4.20145537778063,4.48090596450308,2.96793689048392,3.90514872106877,2.96942497536561,3.66553250741499,3.99056156116953
0.586484725069067,0.454468385983877,0.69366214908485,0.161663138865697,0.371485422492985,0.0340356752755859,0.556408753624495,0.172567430778748,0.87644250463428,1.34502347495762,0.6447564897777,1.81963039535398,0.581382119318826,1.70564199558767,0.0418617762521976,3.71713520145552,4.67558677717725,3.87134234213778,4.44596868655141,5.19170167701234,3.71614759701108,2.9691906084491,3.15510168893338,4.33249020713259,5.17880234084653,2.94370685781808,4.56410228040926,3.47718853320493,4.29884764647223,4.68655060017084
0.20980716844827,0.111367267807185,0.310511063165159,0.339940913925581,0.0263718961503496,0.108299204021711,1.52663073441116,0.0120469095486966,2.02466421030811,2.80979886392172,1.91161204657631,3.34063379184842,1.81185275540951,3.23288004709617,0.486263427478567,3.41750293548519,3.41299999123296,2.96977927911205,3.20807433171287,3.71614759701108,6.19539768537859,5.09200725765252,5.42392023076691,2.93420278717855,3.95250152211478,1.87731106244822,5.5628592025654,5.95442443015327,6.06608557527714,5.72950987153897
0.114503843717681,0.0426244018047335,0.198672104160355,0.395528433782462,8.00266971534569e-06,0.24224616690997,1.84532557551966,0.0816362662456642,2.36642175804289,3.1989453868706,2.30183573820156,3.70632574742624,2.19913541332926,3.61145184189075,0.706023395801908,2.91279570777218,2.74624488900304,2.43602857233662,2.57690292807171,2.9691906084491,5.09200725765252,5.50875072956685,5.46914058172139,2.29355752964976,3.10648602936046,1.44101415838202,4.48776420939191,5.48448150964757,4.98931816396894,4.62638621271986
0.130896253261129,0.0532649264658862,0.218956731166045,0.386026511530762,0.00103002181225342,0.217261178908078,1.80572355226405,0.0655085328915517,2.32708272525847,3.16499410649723,2.26962094823563,3.66752690396089,2.16618107858307,3.57439656169538,0.671703712358366,3.03957975365032,2.90922590809113,2.56356209485408,2.72918746828661,3.15510168893338,5.42392023076691,5.46914058172139,5.84481513622026,2.44506720643095,3.32078559018491,1.53669637422007,4.7970189208695,5.84099346331021,5.34815325656851,4.96304280945116
0.738270507688152,0.610150288029236,0.832889625809525,0.106745212021463,0.567670029981187,0.126063193149127,0.321782737746282,0.3432068841014,0.569441281839517,0.93289569151876,0.357221478604437,1.34515289600313,0.309876368721032,1.24309993773232,0.00117836325109977,3.23945900608407,4.20385171272262,3.67023731232708,4.20145537778063,4.33249020713259,2.93420278717855,2.29355752964976,2.44506720643095,4.75600733920712,4.55545784867784,3.2571300293304,3.70601798161868,2.69399708362085,3.44536072886012,3.83124035157524
0.623048009549957,0.491404712346132,0.726952047976727,0.154209496987697,0.42152692757917,0.0479104527593126,0.547780318495161,0.210571855048459,0.876447283176205,1.36760105940349,0.644100869988474,1.85777392210714,0.578495156232679,1.74097786202309,0.0335152000938548,3.7159225036148,4.68205984734314,3.87300928749547,4.48090596450308,5.17880234084653,3.95250152211478,3.10648602936046,3.32078559018491,4.55545784867784,6.06546814185424,3.06895969533162,4.99287601248949,3.73369858076096,4.71215280779428,5.21862668928132
0.878476202966206,0.758229020949511,0.957855294167763,0.0562947358479886,0.745490560131598,0.254115135300217,0.126827142413503,0.515218671016819,0.279976824234488,0.507909396109553,0.126958631586285,0.807891259888986,0.100827296111879,0.730753121606856,0.0191380106388164,2.3420789064352,2.92176334364104,2.75767949465076,2.96793689048392,2.94370685781808,1.87731106244822,1.44101415838202,1.53669637422007,3.2571300293304,3.06895969533162,3.45001297168921,2.41142879260552,1.66812646170451,2.20008323293576,2.47884893819962
0.357060243883824,0.235600880929917,0.468100957003829,0.267937076297069,0.129232369778818,0.0141816371800134,1.13898139757954,0.0130573770137836,1.59327290614327,2.29719277323238,1.41776946365292,2.84088591368775,1.32549099879188,2.72290281974333,0.259348902020958,3.80718052443525,4.14375722697459,3.51253428573609,3.90514872106877,4.56410228040926,5.5628592025654,4.48776420939191,4.7970189208695,3.70601798161868,4.99287601248949,2.41142879260552,6.88837987238814,5.48887558503395,6.60726081421719,6.8877839789481
0.144000586818573,0.0613352524736657,0.235681476401272,0.382546409902214,0.0023975269262051,0.217985448519384,1.86704130739908,0.0618176119420371,2.40182388299489,3.28982811085321,2.42518801741882,3.73866973700465,2.31750222977933,3.66593905407369,0.689710685303289,3.20489596653175,3.17254942356074,2.74500278050736,2.96942497536561,3.47718853320493,5.95442443015327,5.48448150964757,5.84099346331021,2.69399708362085,3.73369858076096,1.66812646170451,5.48887558503395,7.25326813703147,6.32660691492335,5.83534546076398
0.280695010499691,0.168394685948718,0.388506949470726,0.308093970785499,0.0675685481989641,0.0568329902511575,1.40001932961143,3.8272098742631e-05,1.89551755226566,2.68661063152443,1.78790485109675,3.21315899290821,1.68700041218377,3.10737316847014,0.390815726355546,3.67367744889783,3.89907599405086,3.31433121764344,3.66553250741499,4.29884764647223,6.06608557527714,4.98931816396894,5.34815325656851,3.44536072886012,4.71215280779428,2.20008323293576,6.60726081421719,6.32660691492335,7.65401587848074,7.15360791773855
0.366735133792505,0.243777579881447,0.478135277559435,0.267467723687062,0.137319727943083,0.013586024759304,1.17058559610504,0.0150181517454051,1.63750985937036,2.37233158723515,1.48136456849659,2.91329480520235,1.38575777037738,2.79880559796452,0.264628551589872,3.82166572144533,4.23317107476036,3.56072590866305,3.99056156116953,4.68655060017084,5.72950987153897,4.62638621271986,4.96304280945116,3.83124035157524,5.21862668928132,2.47884893819962,6.8877839789481,5.83534546076398,7.15360791773855,7.88781390863263
