1.02641845334142,1.0163937248143,0.671827583976558,0.916980820330092,0.147503193077478,0.0629111905133646,1.02541169842271,0.0459827379452555,0.301057167194815,0.457348551677078,0.877921862159724,0.486490435516129,0.549261145708828,0.253534705482935,0.619009310454724,0.897545823683062,0.0386886526528674,0.138600471191025,0.155291189040584,0.174238708646736,0.191682107003206,0.00732893762376285,0.0121836783412186,0.252874172282906,0.470679062502244,0.0180689448109703,0.344264727336363,0.51943139995424,0.396580867713117,0.100189260395695
1.0163937248143,1.17510180322185,0.724406538917545,1.05479271710374,0.184954273861623,0.0850725341953373,1.16365987941629,0.0658227006785395,0.365894325687843,0.468045191462908,1.02941314908334,0.586364173050588,0.574262340236058,0.317959742888462,0.654075000509493,0.987645036891544,0.0299572262461747,0.129703858443944,0.147139354094199,0.167057091439025,0.185453806369463,0.00306577330833768,0.00664078750714392,0.250795762509754,0.48958524839638,0.0113253985991824,0.349963688042815,0.543819357529175,0.407636461537739,0.0903609942909354
0.671827583976558,0.724406538917545,0.831679013672092,0.819328105163953,0.29130134475684,0.178789933047052,0.721942360073909,0.157245418205833,0.460818590238507,0.193639453432512,0.826938141099708,0.618451552727876,0.249687549960421,0.413381885239908,0.300008046714425,0.544271853755487,0.00133708510499497,0.0153421754199456,0.0205628018867041,0.0272993339595788,0.0342927168460538,0.0194696315519147,0.0138243730708951,0.0618946511984797,0.190194149639548,0.0100774216285662,0.110921244585666,0.224196598991887,0.141870349455047,0.00437127304395979
0.916980820330092,1.05479271710374,0.819328105163953,1.34039263154271,0.325109036770063,0.184559351396548,1.16862609301035,0.162061025053593,0.569797304744843,0.349758443195257,1.29393304329153,0.850271183336504,0.454534694241941,0.527673041110845,0.538109635611481,0.934478337674948,0.00106582890820306,0.0528453743554431,0.0648297750182407,0.0793582223285658,0.0935232545471254,0.0085314698105079,0.00428339412665313,0.146789361834486,0.369278160545981,0.00187870351530695,0.234878870310579,0.424062014909881,0.289022899248467,0.0264023372455915
0.147503193077478,0.184954273861623,0.29130134475684,0.325109036770063,1.74359245918842,1.45819508275213,0.182961479020812,1.50221421687014,1.54163212294203,0.067822299260488,0.669163066047449,1.3985731861851,0.0442376899361139,1.71969393203549,0.0199465650629969,0.0335983873460037,0.844080040775788,0.571791864131817,0.546038178976228,0.511847698360912,0.47557911626342,1.06457725171929,1.02410523827703,0.370342958447849,0.114836305895406,1.0273041998461,0.242478307157884,0.0768830398348537,0.1867287527123,0.7153372658804
0.0629111905133646,0.0850725341953373,0.178789933047052,0.184559351396548,1.45819508275213,1.77086675768349,0.0743286019352072,1.74835918016452,1.26171948765756,0.187815968598221,0.432117234872445,1.1210296874697,0.155900582955698,1.58000018775339,0.107354071324577,1.67712571115253e-05,1.15479191399191,0.863282222718852,0.835414916191048,0.796969425717818,0.754647885227239,1.37350260823333,1.33476603469765,0.628714880271465,0.282752207434635,1.33552381095426,0.465043442292727,0.220630383451652,0.389514622271817,1.02374959263142
1.02541169842271,1.16365987941629,0.721942360073909,1.16862609301035,0.182961479020812,0.0743286019352072,1.72317176017822,0.0546459369466197,0.399305114924303,0.693231840024349,1.35964157542439,0.702459295098384,0.871139917329644,0.356041855703294,0.990387939156933,1.48632655101793,0.068607017678453,0.233106000334214,0.26172127674183,0.293375411233757,0.321381452228913,0.0160761254457871,0.0247649990263707,0.420755704432083,0.770587559425084,0.0359496896345295,0.567910599798165,0.846469181769925,0.653719768933914,0.175210952671724
0.0459827379452555,0.0658227006785395,0.157245418205833,0.162061025053593,1.50221421687014,1.74835918016452,0.0546459369466197,2.40067954823235,1.36774286889148,0.286688276063883,0.431442471132742,1.26370887713793,0.254398102855844,1.94961213253196,0.186366570353991,0.00581638885130076,1.61373031761247,1.24190886681695,1.20977784275658,1.16029279791609,1.1018519246467,1.91722317242916,1.8673155932006,0.93016483754112,0.446356147176163,1.88851792307968,0.703300972753903,0.356169058848403,0.599206020536368,1.47904843936221
0.301057167194815,0.365894325687843,0.460818590238507,0.569797304744843,1.54163212294203,1.26171948765756,0.399305114924303,1.36774286889148,2.22572465816077,0.00531688502019101,1.15494725110243,2.08264020693082,3.18357089112986e-05,2.17767820880966,0.00504799241942377,0.178541827755352,0.645810186752589,0.372281708265477,0.347477756631391,0.315344462583289,0.282345338704854,0.89082640733637,0.845344505106006,0.191091375950418,0.0180433973553642,0.857820782929159,0.0929470226782936,0.00464711336464951,0.0559472219527422,0.514833079759586
0.457348551677078,0.468045191462908,0.193639453432512,0.349758443195257,0.067822299260488,0.187815968598221,0.693231840024349,0.286688276063883,0.00531688502019101,2.54861000439577,0.342959848494313,0.0127670116258076,2.51565102860332,0.0439257679812863,2.43145368064115,1.7648251951151,1.32926360383242,1.89789238859983,1.97332159706084,2.04238253966703,2.09334403951757,1.04995341610984,1.12410217624412,2.25270428182892,2.54100964729986,1.26646384525759,2.42212434751979,2.54786381209848,2.48780993222283,1.80237879044221
0.877921862159724,1.02941314908334,0.826938141099708,1.29393304329153,0.669163066047449,0.432117234872445,1.35964157542439,0.431442471132742,1.15494725110243,0.342959848494313,2.96391017189716,1.90228200035616,0.508669481284802,1.28383490521494,0.639152047708146,1.34806946021358,0.0204818651309249,0.0129515970287937,0.0215597386924244,0.0337812751164721,0.0471086099814801,0.0951502010613003,0.0755207929755581,0.105107168864012,0.407415639435678,0.0661884071389167,0.217040226727046,0.486613770616263,0.292889546421927,0.000319019536769716
0.486490435516129,0.586364173050588,0.618451552727876,0.850271183336504,1.3985731861851,1.1210296874697,0.702459295098384,1.26370887713793,2.08264020693082,0.0127670116258076,1.90228200035616,3.44913618582102,0.0423832341087969,2.74859180468224,0.0868116665540333,0.47994915846017,0.507783253987423,0.231442930392864,0.207739867917175,0.178010887473784,0.148850360796513,0.780962729779685,0.730345323211581,0.0747493489416673,0.00602995798596329,0.757625258277976,0.0139597902048401,0.022711466111315,0.0014331760518802,0.374390339610502
0.549261145708828,0.574262340236058,0.249687549960421,0.454534694241941,0.0442376899361139,0.155900582955698,0.871139917329644,0.254398102855844,3.18357089112986e-05,2.51565102860332,0.508669481284802,0.0423832341087969,3.5822708304209,0.0211937597337735,3.40983888776585,2.4146891654554,1.46477253044318,2.27176338224363,2.40177071568055,2.51676068955687,2.59379526885851,1.12997979608071,1.22322148856265,2.85870016553993,3.48002764873749,1.43373457813796,3.17153020796719,3.55179585797146,3.32531678823004,2.19065430271433
0.253534705482935,0.317959742888462,0.413381885239908,0.527673041110845,1.71969393203549,1.58000018775339,0.356041855703294,1.94961213253196,2.17767820880966,0.0439257679812863,1.28383490521494,2.74859180468224,0.0211937597337735,4.08735875906265,0.00319072897090056,0.13080475528916,1.21933914460845,0.802967813367249,0.770065835069876,0.716770499406052,0.653712076608712,1.63830234494312,1.57471336284972,0.480463798725883,0.100306818446263,1.68625737717157,0.279645377902196,0.0544177192044772,0.198770618025435,1.11208918299308
0.619009310454724,0.654075000509493,0.300008046714425,0.538109635611481,0.0199465650629969,0.107354071324577,0.990387939156933,0.186366570353991,0.00504799241942377,2.43145368064115,0.639152047708146,0.0868116665540333,3.40983888776585,0.00319072897090056,3.73723470054635,2.70618392837663,1.3030870636404,2.1022898645147,2.23739994910781,2.3582632568529,2.43868636374762,0.979246092631715,1.06776824516513,2.7224101033646,3.45648364856013,1.26644037968506,3.07087607301261,3.56809545767617,3.25838716803109,2.02419095819204
0.897545823683062,0.987645036891544,0.544271853755487,0.934478337674948,0.0335983873460037,1.67712571115253e-05,1.48632655101793,0.00581638885130076,0.178541827755352,1.7648251951151,1.34806946021358,0.47994915846017,2.4146891654554,0.13080475528916,2.70618392837663,3.9219370014541,0.571502467012775,1.15043263114057,1.25606153503012,1.35773622789035,1.43036804487631,0.348258836026468,0.401015880175043,1.69389137082987,2.48388959134262,0.501306186128181,2.04568884054599,2.61446286280083,2.2560248782595,1.05700951499528
0.0386886526528674,0.0299572262461747,0.00133708510499497,0.00106582890820306,0.844080040775788,1.15479191399191,0.068607017678453,1.61373031761247,0.645810186752589,1.32926360383242,0.0204818651309249,0.507783253987423,1.46477253044318,1.21933914460845,1.3030870636404,0.571502467012775,4.33255197756936,3.84708488520603,3.82189507791056,3.75290853187431,3.64777909533079,3.87574215263584,4.04206396726539,3.33013303635297,2.19836102240038,4.26107364681193,2.8420044922946,1.92567160870057,2.61513489794676,4.19621186893505
0.138600471191025,0.129703858443944,0.0153421754199456,0.0528453743554431,0.571791864131817,0.863282222718852,0.233106000334214,1.24190886681695,0.372281708265477,1.89789238859983,0.0129515970287937,0.231442930392864,2.27176338224363,0.802967813367249,2.1022898645147,1.15043263114057,3.84708488520603,5.63336964878761,5.60033254571141,5.53786250688992,5.42728282198459,3.42878040705668,3.63668701760261,5.03386347728651,3.46968863621508,4.38973513762165,4.37048167044538,3.06439655480521,4.07982573649856,5.53732842391436
0.155291189040584,0.147139354094199,0.0205628018867041,0.0648297750182407,0.546038178976228,0.835414916191048,0.26172127674183,1.20977784275658,0.347477756631391,1.97332159706084,0.0215597386924244,0.207739867917175,2.40177071568055,0.770065835069876,2.23739994910781,1.25606153503012,3.82189507791056,5.60033254571141,6.11832973551602,6.04581526178555,5.89246693570282,3.4158496665216,3.62870730304279,5.43401206305692,3.72058053094208,4.4685812711689,4.69607442786802,3.27967598298616,4.39120212690383,5.90036016426741
0.174238708646736,0.167057091439025,0.0272993339595788,0.0793582223285658,0.511847698360912,0.796969425717818,0.293375411233757,1.16029279791609,0.315344462583289,2.04238253966703,0.0337812751164721,0.178010887473784,2.51676068955687,0.716770499406052,2.3582632568529,1.35773622789035,3.75290853187431,5.53786250688992,6.04581526178555,6.39126234250935,6.19033278492616,3.34362636019854,3.55621584693423,5.71785157399537,3.92435473207742,4.41542724844476,4.94327964811745,3.45937441991419,4.63387831444811,5.99989107319114
0.191682107003206,0.185453806369463,0.0342927168460538,0.0935232545471254,0.47557911626342,0.754647885227239,0.321381452228913,1.1018519246467,0.282345338704854,2.09334403951757,0.0471086099814801,0.148850360796513,2.59379526885851,0.653712076608712,2.43868636374762,1.43036804487631,3.64777909533079,5.42728282198459,5.89246693570282,6.19033278492616,6.30371748611798,3.22309370154968,3.43061024902012,5.82909585897896,4.03247725338053,4.24276242183956,5.05653255812724,3.56165667309243,4.74703913064095,5.80329499655465
0.00732893762376285,0.00306577330833768,0.0194696315519147,0.0085314698105079,1.06457725171929,1.37350260823333,0.0160761254457871,1.91722317242916,0.89082640733637,1.04995341610984,0.0951502010613003,0.780962729779685,1.12997979608071,1.63830234494312,0.979246092631715,0.348258836026468,3.87574215263584,3.42878040705668,3.4158496665216,3.34362636019854,3.22309370154968,4.52322261293388,4.45776214543364,2.88195876474096,1.76901510068803,4.48494822339824,2.38593008884371,1.51985157191475,2.16318322886395,3.9811877151253
0.0121836783412186,0.00664078750714392,0.0138243730708951,0.00428339412665313,1.02410523827703,1.33476603469765,0.0247649990263707,1.8673155932006,0.845344505106006,1.12410217624412,0.0755207929755581,0.730345323211581,1.22322148856265,1.57471336284972,1.06776824516513,0.401015880175043,4.04206396726539,3.63668701760261,3.62870730304279,3.55621584693423,3.43061024902012,4.45776214543364,4.68998446330016,3.07665496832415,1.91002238344967,4.68054131814299,2.55826698243317,1.64576043319106,2.32652176911668,4.21341003012845
0.252874172282906,0.250795762509754,0.0618946511984797,0.146789361834486,0.370342958447849,0.628714880271465,0.420755704432083,0.93016483754112,0.191091375950418,2.25270428182892,0.105107168864012,0.0747493489416673,2.85870016553993,0.480463798725883,2.7224101033646,1.69389137082987,3.33013303635297,5.03386347728651,5.43401206305692,5.71785157399537,5.82909585897896,2.88195876474096,3.07665496832415,6.31127719504357,4.44904845385286,3.79851480934547,5.51616873884272,3.94493462749773,5.20777081223588,5.3573320935109
0.470679062502244,0.48958524839638,0.190194149639548,0.369278160545981,0.114836305895406,0.282752207434635,0.770587559425084,0.446356147176163,0.0180433973553642,2.54100964729986,0.407415639435678,0.00602995798596329,3.48002764873749,0.100306818446263,3.45648364856013,2.48388959134262,2.19836102240038,3.46968863621508,3.72058053094208,3.92435473207742,4.03247725338053,1.76901510068803,1.91002238344967,4.44904845385286,5.46909448583487,2.32566500363793,4.93640477798873,4.90260426608635,5.2239219089693,3.53298635625648
0.0180689448109703,0.0113253985991824,0.0100774216285662,0.00187870351530695,1.0273041998461,1.33552381095426,0.0359496896345295,1.88851792307968,0.857820782929159,1.26646384525759,0.0661884071389167,0.757625258277976,1.43373457813796,1.68625737717157,1.26644037968506,0.501306186128181,4.26107364681193,4.38973513762165,4.4685812711689,4.41542724844476,4.24276242183956,4.48494822339824,4.68054131814299,3.79851480934547,2.32566500363793,6.32917932104178,3.13785723102528,1.99140038659516,2.86008941155664,5.51047757247652
0.344264727336363,0.349963688042815,0.110921244585666,0.234878870310579,0.242478307157884,0.465043442292727,0.567910599798165,0.703300972753903,0.0929470226782936,2.42212434751979,0.217040226727046,0.0139597902048401,3.17153020796719,0.279645377902196,3.07087607301261,2.04568884054599,2.8420044922946,4.37048167044538,4.69607442786802,4.94327964811745,5.05653255812724,2.38593008884371,2.55826698243317,5.51616873884272,4.93640477798873,3.13785723102528,6.02788873712678,4.40135737547725,5.71801800901766,4.5650575663568
0.51943139995424,0.543819357529175,0.224196598991887,0.424062014909881,0.0768830398348537,0.220630383451652,0.846469181769925,0.356169058848403,0.00464711336464951,2.54786381209848,0.486613770616263,0.022711466111315,3.55179585797146,0.0544177192044772,3.56809545767617,2.61446286280083,1.92567160870057,3.06439655480521,3.27967598298616,3.45937441991419,3.56165667309243,1.51985157191475,1.64576043319106,3.94493462749773,4.90260426608635,1.99140038659516,4.40135737547725,5.03386240691011,4.66278906253692,3.07258329726693
0.396580867713117,0.407636461537739,0.141870349455047,0.289022899248467,0.1867287527123,0.389514622271817,0.653719768933914,0.599206020536368,0.0559472219527422,2.48780993222283,0.292889546421927,0.0014331760518802,3.32531678823004,0.198770618025435,3.25838716803109,2.2560248782595,2.61513489794676,4.07982573649856,4.39120212690383,4.63387831444811,4.74703913064095,2.16318322886395,2.32652176911668,5.20777081223588,5.2239219089693,2.86008941155664,5.71801800901766,4.66278906253692,6.06508940674584,4.25538566082324
0.100189260395695,0.0903609942909354,0.00437127304395979,0.0264023372455915,0.7153372658804,1.02374959263142,0.175210952671724,1.47904843936221,0.514833079759586,1.80237879044221,0.000319019536769716,0.374390339610502,2.19065430271433,1.11208918299308,2.02419095819204,1.05700951499528,4.19621186893505,5.53732842391436,5.90036016426741,5.99989107319114,5.80329499655465,3.9811877151253,4.21341003012845,5.3573320935109,3.53298635625648,5.51047757247652,4.5650575663568,3.07258329726693,4.25538566082324,7.72037188305534
