1.34805657890188,1.27370723520279,0.886140626533674,0.804004388665847,0.950766664935008,0.690037001058364,1.1254658944066,0.985132544478488,1.31993790570727,1.1749659719813,0.78578025134188,0.138255909445757,0.34073629429892,0.373446609376005,0.384395487564071,0.081527299221253,0.00546464938570912,0.0761499827418328,0.41545340066166,0.512391274257698,0.325809433712994,0.438781557678706,0.00596240146083282,0.160366811802553,0.20836695065731,0.071447836164003,0.0403086863847162,0.0188176456374678,0.00281637845121319,0.0055602169505482
1.27370723520279,1.68937575508836,1.24281107446209,1.15195883236967,0.925611648292953,1.01384785208722,1.53636306672247,1.37177277437746,1.5052102282405,1.25528617443382,0.748505237345305,0.0789265033527582,0.266417255675109,0.299149660568278,0.310273918594788,0.0335136292940259,0.00243318403549164,0.0292893831151377,0.342566350310114,0.795881883393753,0.553857747948549,0.70495884354148,0.00228361126614418,0.319319214008039,0.390488624770492,0.0254057321802872,0.00730877617859615,0.0791057893190699,0.0372194263110277,0.00321563756692722
0.886140626533674,1.24281107446209,2.48406852897397,2.39151789782508,0.491170996031932,2.22950869498398,2.12476112150215,2.40989788650321,1.13686667114514,0.830157596966625,0.324122143460262,0.01597330851745,0.0202607572598525,0.0335454941069755,0.0367519878367975,0.0673813360342832,0.274769252937792,0.0800276297628404,0.0464381903005151,1.95605689466763,1.60909761087819,1.84161135557853,0.284248040730694,1.1976250221986,1.33510751938462,0.0973636523978136,0.158098460247779,0.626467528418689,0.501465289239543,0.330438140165505
0.804004388665847,1.15195883236967,2.39151789782508,2.94160744902301,0.406961626277814,2.75904057525594,2.08381392823354,2.42353170515627,1.04791860633894,0.737973876577942,0.245157204271033,0.0560552114889492,0.00190314310570949,0.00774369758737237,0.00919462120286285,0.147309785785815,0.438252753945378,0.169615252251877,0.0138257530971901,2.4659977977689,2.07960650174942,2.34702804164334,0.456392861171703,1.59777872600815,1.7626725899313,0.201063166751002,0.290426795796929,0.89623511920395,0.74785579190088,0.535710497328767
0.950766664935008,0.925611648292953,0.491170996031932,0.406961626277814,2.24849643968769,0.295931549385644,0.795466935012421,0.608055510405911,1.65359752875977,2.12235585978433,2.06789793225727,0.824834819030797,1.30646067963998,1.35699221990765,1.39162913559591,0.704976368355231,0.363679017539434,0.705608952426563,1.48781124271802,0.145277770420307,0.0321451422482459,0.0923925637685143,0.381609875944925,0.00207192963900926,0.000671665070862026,0.717968799159154,0.5988719843166,0.134939527488016,0.230071664399183,0.417783433980737
0.690037001058364,1.01384785208722,2.22950869498398,2.75904057525594,0.295931549385644,3.24176643265066,1.90169528170526,2.2409741377537,0.884092691719392,0.585629585240705,0.149536385984827,0.133635069602303,0.00644519516444486,0.00106483214889197,0.000681915583252035,0.275391810594228,0.655044401191609,0.310874850395016,7.68723578365993e-05,2.94742364956935,2.5479320657163,2.82831092815531,0.684889950763719,2.02421676023559,2.20765378793894,0.362041651935394,0.482385725463706,1.21691748779069,1.05152619421086,0.805997841794753
1.1254658944066,1.53636306672247,2.12476112150215,2.08381392823354,0.795466935012421,1.90169528170526,2.68045753214185,2.40278559271628,1.58887976440181,1.25470913273124,0.614868428082397,0.0069249542243921,0.128820688494958,0.157391930021383,0.166454985888015,0.0017220413192085,0.0989546193570128,0.00365015682587266,0.193783892922875,1.61213216008091,1.25085009416818,1.49440183720014,0.101975079791994,0.847490422944213,0.978280011119476,0.00678423319023924,0.0292183078996846,0.350266723100225,0.248449576324495,0.122410794915395
0.985132544478488,1.37177277437746,2.40989788650321,2.42353170515627,0.608055510405911,2.2409741377537,2.40278559271628,2.74387218237027,1.33391061499136,1.00836539928481,0.431303174333535,0.00312780613810748,0.0489052575057016,0.0684723329117971,0.0736961588032674,0.0359802379273155,0.215364913219308,0.0450944641401638,0.0894887383763732,1.94894847959922,1.57492699163715,1.83035317750728,0.223230271499474,1.13660552396979,1.28218560943258,0.0577627659669755,0.108538089502334,0.552659934861255,0.429257719883744,0.263930614147487
1.31993790570727,1.5052102282405,1.13686667114514,1.04791860633894,1.65359752875977,0.884092691719392,1.58887976440181,1.33391061499136,2.664147033467,2.3250225114112,1.53307881490177,0.343019019258668,0.72955228833896,0.778205304705989,0.807073048298444,0.243531969717091,0.0516772828250325,0.237863248658536,0.893522526054644,0.63518224113709,0.371110304790437,0.535282418670193,0.0555210637726531,0.147092668648501,0.209873887293972,0.236924723341261,0.161090077201942,0.00154828198678469,0.00521453798449567,0.059924249112786
1.1749659719813,1.25528617443382,0.830157596966625,0.737973876577942,2.12235585978433,0.585629585240705,1.25470913273124,1.00836539928481,2.3250225114112,3.17399576502972,2.24116847260131,0.707408846034447,1.24905587301912,1.29949379006437,1.34763311924916,0.585414031968193,0.241877212373607,0.588268820065476,1.49254466458187,0.362714189642614,0.152722470497495,0.276668711149868,0.257912054655104,0.0206466630282085,0.0501067052810278,0.605911717748851,0.47723094047046,0.0487224278106906,0.120171506897665,0.291694693900401
0.78578025134188,0.748505237345305,0.324122143460262,0.245157204271033,2.06789793225727,0.149536385984827,0.614868428082397,0.431303174333535,1.53307881490177,2.24116847260131,3.27787976781984,1.4713498623656,2.17722639991385,2.21525598931719,2.29060017199693,1.36153756488068,0.826933057328323,1.38871572693443,2.50006214330032,0.0383046665313,0.00171854007368122,0.0105241380950671,0.875471411114712,0.0901375754845786,0.0482187322180039,1.44782973996153,1.26097871299709,0.434253637434158,0.632307447700306,0.99384582714104
0.138255909445757,0.0789265033527582,0.01597330851745,0.0560552114889492,0.824834819030797,0.133635069602303,0.0069249542243921,0.00312780613810748,0.343019019258668,0.707408846034447,1.4713498623656,3.35358343408539,2.66895334316142,2.46029511897593,2.50968430562067,3.23001592908224,2.62744702955072,3.23422542034247,2.64367310043855,0.356704799514281,0.747453632339437,0.512776962519086,2.71887764380729,1.25489240208739,1.09531962075866,3.24324187073342,3.11940150002251,2.0473720390245,2.41426116458933,2.87589480592649
0.34073629429892,0.266417255675109,0.0202607572598525,0.00190314310570949,1.30646067963998,0.00644519516444486,0.128820688494958,0.0489052575057016,0.72955228833896,1.24905587301912,2.17722639991385,2.66895334316142,3.51852423324862,3.22220845919519,3.33827929887556,2.63809453247283,1.94303443096144,2.69461763880386,3.45239836601018,0.0912880559631941,0.32058623847522,0.171986982232212,2.04330565896219,0.693146021679568,0.56784854981371,2.78179570293326,2.57096850912827,1.37911529048378,1.73045286254627,2.2692476992764
0.373446609376005,0.299149660568278,0.0335454941069755,0.00774369758737237,1.35699221990765,0.00106483214889197,0.157391930021383,0.0684723329117971,0.778205304705989,1.29949379006437,2.21525598931719,2.46029511897593,3.22220845919519,3.27324836573797,3.27146707392764,2.39060987527136,1.74061227489649,2.43366240199308,3.26751582055596,0.0613500609561393,0.253777147760318,0.126716602489272,1.82558933300884,0.583223558501852,0.470749603140062,2.50513342106185,2.30684749331099,1.21023725836738,1.52667955857883,2.01660519240469
0.384395487564071,0.310273918594788,0.0367519878367975,0.00919462120286285,1.39162913559591,0.000681915583252035,0.166454985888015,0.0736961588032674,0.807073048298444,1.34763311924916,2.29060017199693,2.50968430562067,3.33827929887556,3.27146707392764,3.45506124848095,2.46200781550355,1.784587837996,2.51533023607126,3.45109026292591,0.0595690499016421,0.254567741971846,0.125419039442919,1.87757142255817,0.592294347440334,0.476818582558287,2.60184030286442,2.3911285927063,1.23863806217166,1.5708640078211,2.09123703360517
0.081527299221253,0.0335136292940259,0.0673813360342832,0.147309785785815,0.704976368355231,0.275391810594228,0.0017220413192085,0.0359802379273155,0.243531969717091,0.585414031968193,1.36153756488068,3.23001592908224,2.63809453247283,2.39060987527136,2.46200781550355,4.43740930639364,3.57897580319698,4.43099448828637,2.68781527039583,0.613797659207636,1.17512447983784,0.847804061100325,3.7772636563536,1.86821893005883,1.65752923285367,4.42642892853409,4.32674755431541,2.8943616209496,3.43412665607671,4.06309868343715
0.00546464938570912,0.00243318403549164,0.274769252937792,0.438252753945378,0.363679017539434,0.655044401191609,0.0989546193570128,0.215364913219308,0.0516772828250325,0.241877212373607,0.826933057328323,2.62744702955072,1.94303443096144,1.74061227489649,1.784587837996,3.57897580319698,4.61790008182544,3.8727258029595,1.93140287628715,1.17341617251598,1.94611409296875,1.5168687023107,4.61773672407658,2.80006855728827,2.5537850965625,4.18357949215237,4.41984702031503,3.92855625827265,4.40392688708416,4.61779043691815
0.0761499827418328,0.0292893831151377,0.0800276297628404,0.169615252251877,0.705608952426563,0.310874850395016,0.00365015682587266,0.0450944641401638,0.237863248658536,0.588268820065476,1.38871572693443,3.23422542034247,2.69461763880386,2.43366240199308,2.51533023607126,4.43099448828637,3.8727258029595,5.07269573471176,2.78307019864394,0.684224339872859,1.30614657670838,0.945677749308903,4.17623305752982,2.07276916720821,1.84199304091618,5.0678334822378,4.94487272941912,3.19384513666457,3.84869373772039,4.64266977185309
0.41545340066166,0.342566350310114,0.0464381903005151,0.0138257530971901,1.48781124271802,7.68723578365993e-05,0.193783892922875,0.0894887383763732,0.893522526054644,1.49254466458187,2.50006214330032,2.64367310043855,3.45239836601018,3.26751582055596,3.45109026292591,2.68781527039583,1.93140287628715,2.78307019864394,4.12274317160264,0.0557004819327744,0.260820942834606,0.123852426089933,2.05364861783209,0.627583627781101,0.501763377832074,2.9336653775273,2.68116507059182,1.33855165576601,1.72574975911876,2.35595791158922
0.512391274257698,0.795881883393753,1.95605689466763,2.4659977977689,0.145277770420307,2.94742364956935,1.61213216008091,1.94894847959922,0.63518224113709,0.362714189642614,0.0383046665313,0.356704799514281,0.0912880559631941,0.0613500609561393,0.0595690499016421,0.613797659207636,1.17341617251598,0.684224339872859,0.0557004819327744,4.0647225634803,3.63650994616681,3.94560690346156,1.23851238240971,3.01436960708462,3.24295784696291,0.790396865799797,0.975668089307165,1.96564865779994,1.77920176195927,1.48107454514129
0.325809433712994,0.553857747948549,1.60909761087819,2.07960650174942,0.0321451422482459,2.5479320657163,1.25085009416818,1.57492699163715,0.371110304790437,0.152722470497495,0.00171854007368122,0.747453632339437,0.32058623847522,0.253777147760318,0.254567741971846,1.17512447983784,1.94611409296875,1.30614657670838,0.260820942834606,3.63650994616681,5.10031691042191,4.41294746675195,2.07889709584281,4.37608427883118,4.66140328404206,1.51219121556448,1.77915434537636,3.03370920004474,2.86248881685442,2.5429444941915
0.438781557678706,0.70495884354148,1.84161135557853,2.34702804164334,0.0923925637685143,2.82831092815531,1.49440183720014,1.83035317750728,0.535282418670193,0.276668711149868,0.0105241380950671,0.512776962519086,0.171986982232212,0.126716602489272,0.125419039442919,0.847804061100325,1.5168687023107,0.945677749308903,0.123852426089933,3.94560690346156,4.41294746675195,4.78786328040748,1.6138903999882,3.70503687162524,3.97656030235837,1.09768168227669,1.32540067799502,2.46995419113574,2.28542894247905,1.96827087702851
0.00596240146083282,0.00228361126614418,0.284248040730694,0.456392861171703,0.381609875944925,0.684889950763719,0.101975079791994,0.223230271499474,0.0555210637726531,0.257912054655104,0.875471411114712,2.71887764380729,2.04330565896219,1.82558933300884,1.87757142255817,3.7772636563536,4.61773672407658,4.17623305752982,2.05364861783209,1.23851238240971,2.07889709584281,1.6138903999882,5.29580621825444,3.01842942462874,2.74994037297058,4.67365594749988,4.99514137016303,4.26023865570298,4.95218499275937,5.29540132137026
0.160366811802553,0.319319214008039,1.1976250221986,1.59777872600815,0.00207192963900926,2.02421676023559,0.847490422944213,1.13660552396979,0.147092668648501,0.0206466630282085,0.0901375754845786,1.25489240208739,0.693146021679568,0.583223558501852,0.592294347440334,1.86821893005883,2.80006855728827,2.07276916720821,0.627583627781101,3.01436960708462,4.37608427883118,3.70503687162524,3.01842942462874,5.6446162146795,5.33160509207238,2.39960569772616,2.73358481376248,4.12603353411669,4.01428397386694,3.71438890032996
0.20836695065731,0.390488624770492,1.33510751938462,1.7626725899313,0.000671665070862026,2.20765378793894,0.978280011119476,1.28218560943258,0.209873887293972,0.0501067052810278,0.0482187322180039,1.09531962075866,0.56784854981371,0.470749603140062,0.476818582558287,1.65752923285367,2.5537850965625,1.84199304091618,0.501763377832074,3.24295784696291,4.66140328404206,3.97656030235837,2.74994037297058,5.33160509207238,5.6548667725747,2.13760051300848,2.4575088192049,3.8307559598939,3.70578624878731,3.40261705820843
0.071447836164003,0.0254057321802872,0.0973636523978136,0.201063166751002,0.717968799159154,0.362041651935394,0.00678423319023924,0.0577627659669755,0.236924723341261,0.605911717748851,1.44782973996153,3.24324187073342,2.78179570293326,2.50513342106185,2.60184030286442,4.42642892853409,4.18357949215237,5.0678334822378,2.9336653775273,0.790396865799797,1.51219121556448,1.09768168227669,4.67365594749988,2.39960569772616,2.13760051300848,6.43372398827742,6.06707782681928,3.64559069299557,4.52611272970322,5.77840785416115
0.0403086863847162,0.00730877617859615,0.158098460247779,0.290426795796929,0.5988719843166,0.482385725463706,0.0292183078996846,0.108538089502334,0.161090077201942,0.47723094047046,1.26097871299709,3.11940150002251,2.57096850912827,2.30684749331099,2.3911285927063,4.32674755431541,4.41984702031503,4.94487272941912,2.68116507059182,0.975668089307165,1.77915434537636,1.32540067799502,4.99514137016303,2.73358481376248,2.4575088192049,6.06707782681928,6.53937391361057,4.01490123667764,4.96640977113865,6.20321393473152
0.0188176456374678,0.0791057893190699,0.626467528418689,0.89623511920395,0.134939527488016,1.21691748779069,0.350266723100225,0.552659934861255,0.00154828198678469,0.0487224278106906,0.434253637434158,2.0473720390245,1.37911529048378,1.21023725836738,1.23863806217166,2.8943616209496,3.92855625827265,3.19384513666457,1.33855165576601,1.96564865779994,3.03370920004474,2.46995419113574,4.26023865570298,4.12603353411669,3.8307559598939,3.64559069299557,4.01490123667764,5.43021948883596,5.24256838010021,4.9285354379521
0.00281637845121319,0.0372194263110277,0.501465289239543,0.74785579190088,0.230071664399183,1.05152619421086,0.248449576324495,0.429257719883744,0.00521453798449567,0.120171506897665,0.632307447700306,2.41426116458933,1.73045286254627,1.52667955857883,1.5708640078211,3.43412665607671,4.40392688708416,3.84869373772039,1.72574975911876,1.77920176195927,2.86248881685442,2.28542894247905,4.95218499275937,4.01428397386694,3.70578624878731,4.52611272970322,4.96640977113865,5.24256838010021,6.50440928597131,6.1844794909285
0.0055602169505482,0.00321563756692722,0.330438140165505,0.535710497328767,0.417783433980737,0.805997841794753,0.122410794915395,0.263930614147487,0.059924249112786,0.291694693900401,0.99384582714104,2.87589480592649,2.2692476992764,2.01660519240469,2.09123703360517,4.06309868343715,4.61779043691815,4.64266977185309,2.35595791158922,1.48107454514129,2.5429444941915,1.96827087702851,5.29540132137026,3.71438890032996,3.40261705820843,5.77840785416115,6.20321393473152,4.9285354379521,6.1844794909285,8.68571995823683
