2.53985300326204,0.294484500124133,0.267310524570772,2.46555803135536,0.416613796598624,2.40063289805501,0.589149085430734,2.37359623107835,0.0459618429881412,0.891966355539101,0.0242359738846281,0.0624034910551527,0.357228950255359,1.98872833696282,0.237742100499871,0.253590682670312,0.699871128343333,0.0514730910556565,0.313945353759693,0.681939909427232,0.0146987675134094,0.177757408402216,0.179262283020529,0.00312930641097164,0.193015628209172,0.000655891592639346,0.208176077988117,0.0192661296159518,0.174940614304855,0.0624758827724383
0.294484500124133,2.1164089950694,2.08464961526852,0.231290912287219,1.81398267421949,0.466586897009412,1.64464595159577,0.166556734732229,0.956275197429281,1.6102219485493,1.09173003593688,0.893104183689899,0.381501348150354,0.0321909976829611,0.531035026520719,0.514138243002906,0.139962937622597,1.0015544623136,0.48003806376414,0.194349236585754,1.62474073409898,1.99832905471432,2.00021963580688,1.52355272898622,2.01493345727285,1.47068669493938,2.02950481631196,1.65695014279497,1.99659573600115,1.82405526200905
0.267310524570772,2.08464961526852,2.23927298569882,0.20538156633172,1.78516037811146,0.435589722678594,1.62063738957634,0.142865573136315,1.06071468193829,1.60243922727683,1.20776678528837,0.992865638793711,0.440703359566147,0.0205561435736938,0.603493571100642,0.585472595268302,0.173475236397932,1.11340749262389,0.550692926949801,0.236696633859326,1.77474864295542,2.14945765245176,2.15111641515039,1.66945767111967,2.16438415446646,1.6138807379325,2.17784291493821,1.80829991628634,2.1468922710277,1.97867753332412
2.46555803135536,0.231290912287219,0.20538156633172,3.13650586123195,0.347994667630662,2.52268106148673,0.515788180464758,3.04141571638895,0.10842165582825,0.822580385125978,0.0730812744064648,0.134061699914135,0.531494422211867,2.59344418687125,0.378440793434494,0.400031795832299,0.953473318106674,0.12116577921297,0.486122360974497,0.955260842833803,0.000311533743118098,0.117561707315391,0.118747916480251,0.00272950779552872,0.130508685301881,0.00709093855053933,0.14439567257467,0.00127988076155017,0.113767429827245,0.0233432927351043
0.416613796598624,1.81398267421949,1.78516037811146,0.347994667630662,1.98514143380104,0.613916985703217,1.8102737442843,0.273892468870138,0.714437432514129,1.74683777846755,0.830104120186791,0.660037150985972,0.236627153973359,0.0935481984112498,0.355432772704996,0.341258327366577,0.0605081095941706,0.747848357859155,0.310127677203831,0.0937553044997701,1.32233189739151,1.72784748934083,1.73088851746347,1.22295994373806,1.751994434767,1.17228679066713,1.77027557860582,1.35466480118661,1.73123639308851,1.53153479026545
2.40063289805501,0.466586897009412,0.435589722678594,2.52268106148673,0.613916985703217,3.08073344395569,0.828717902471366,2.47221700317523,0.00717947663384289,1.23808969907077,0.00037588522518428,0.0150667080123164,0.244788740097519,1.98113192645115,0.141735624880387,0.154667894410916,0.564699593447576,0.00864230679723965,0.204028425387666,0.545029291802358,0.0809215459738875,0.356681620527539,0.359875714932623,0.0461241046029341,0.383284431264094,0.0330167334930893,0.403251500228053,0.0927077961324532,0.36194999626865,0.184032771402117
0.589149085430734,1.64464595159577,1.62063738957634,0.515788180464758,1.8102737442843,0.828717902471366,2.10108914172949,0.431365448632905,0.554965004132846,2.01935729197376,0.662162853454167,0.504977998464906,0.139046275474962,0.196223782434334,0.235810285780195,0.223658262673976,0.0161217757455585,0.58347882643042,0.195741496588278,0.0337205473103674,1.15672462469756,1.61584564122227,1.6206107664011,1.05188037609269,1.65031333446634,0.999257111366027,1.67178682246392,1.19206925433295,1.62886578039374,1.39312408251618
2.37359623107835,0.166556734732229,0.142865573136315,3.04141571638895,0.273892468870138,2.47221700317523,0.431365448632905,3.85743599152455,0.207151777989843,0.727625359031291,0.157895332252058,0.243117796418149,0.752106223839901,3.32659535628205,0.564269261073535,0.592615376115205,1.25241843251704,0.232383314737358,0.711849510804384,1.29130597628363,0.0105238814538238,0.0610747528182545,0.0618178695258189,0.0312277632406843,0.0704538433209576,0.0440759564903956,0.0819465181002217,0.00711474788067434,0.0564929657337432,0.0013209450967393
0.0459618429881412,0.956275197429281,1.06071468193829,0.10842165582825,0.714437432514129,0.00717947663384289,0.554965004132846,0.207151777989843,3.58746143497398,0.477046790369874,3.51248013011631,3.44528466228544,2.2978028773055,0.575137877381416,2.67945178881985,2.65624085143961,1.58637532392646,3.58722119201327,2.69469193396479,1.92921822031516,3.04444562484192,2.12185586653109,2.13617888334674,3.1948355682861,2.14965046625359,3.25063449236584,2.05867929671419,3.02665285263118,2.31539739178452,2.86795039236817
0.891966355539101,1.6102219485493,1.60243922727683,0.822580385125978,1.74683777846755,1.23808969907077,2.01935729197376,0.727625359031291,0.477046790369874,2.85385207041481,0.592991203026924,0.424928689457493,0.0765886515414853,0.396027908073854,0.160639271147158,0.149480441976808,6.68459265495969e-05,0.509570455625279,0.12355691537058,0.00419752875724866,1.18458549421622,1.78187703004289,1.79200599656709,1.05424779796038,1.84530158164308,0.988940827521323,1.86945919353124,1.23245541868337,1.83160291239181,1.5147565763664
0.0242359738846281,1.09173003593688,1.20776678528837,0.0730812744064648,0.830104120186791,0.00037588522518428,0.662162853454167,0.157895332252058,3.51248013011631,0.592991203026924,4.01441503521055,3.37892026218179,2.23354417614829,0.504055545875494,2.62365211146868,2.60248401976805,1.5129489539148,3.898658610205,2.66536321351005,1.8695959280806,3.5235766613389,2.47515058461289,2.49408819026672,3.68794307313912,2.51772658433735,3.74694800893339,2.4095618220592,3.50730048478539,2.71845148161321,3.34561418127646
0.0624034910551527,0.893104183689899,0.992865638793711,0.134061699914135,0.660037150985972,0.0150667080123164,0.504977998464906,0.243117796418149,3.44528466228544,0.424928689457493,3.37892026218179,3.52500435095896,2.37596915780174,0.632506316815039,2.7590727813967,2.73593506555785,1.65879339659043,3.51209871759031,2.77250670150329,2.0081845936695,2.90281178934082,1.99470061599536,2.00813578169349,3.05571125152318,2.01980018001438,3.11276936652805,1.93230569557349,2.88512494462194,2.17949244910996,2.7260720284363
0.357228950255359,0.381501348150354,0.440703359566147,0.531494422211867,0.236627153973359,0.244788740097519,0.139046275474962,0.752106223839901,2.2978028773055,0.0765886515414853,2.23354417614829,2.37596915780174,3.24781053240737,1.34912598884254,2.98305535311653,3.03724899084684,2.48060478841422,2.47184416408992,3.20237632173296,2.87613662648917,1.75583948981452,1.0090802839719,1.01613636952358,1.90742863761884,1.01586401928192,1.96618335104942,0.956759597820434,1.7377595744475,1.1239299365073,1.58107373186472
1.98872833696282,0.0321909976829611,0.0205561435736938,2.59344418687125,0.0935481984112498,1.98113192645115,0.196223782434334,3.32659535628205,0.575137877381416,0.396027908073854,0.504055545875494,0.632506316815039,1.34912598884254,4.71622934922449,1.1055982616915,1.14841095527988,1.95159560787423,0.647342293183939,1.34807726976673,2.111621751502,0.187062262790459,0.00288437136509145,0.00287292683330609,0.259392738055586,0.0016234332470102,0.293540347780914,0.000215112402274009,0.173730299802305,0.00622435456542547,0.0930136731160838
0.237742100499871,0.531035026520719,0.603493571100642,0.378440793434494,0.355432772704996,0.141735624880387,0.235810285780195,0.564269261073535,2.67945178881985,0.160639271147158,2.62365211146868,2.7590727813967,2.98305535311653,1.1055982616915,3.38476560910739,3.35881825637543,2.22122743523579,2.87334449400194,3.32937112605615,2.63058982819243,2.13750245552972,1.31075129674065,1.32004068171965,2.29755933831394,1.32369401890721,2.35827415796047,1.25384133916871,2.12008641161574,1.45239135539958,1.96033443350825
0.253590682670312,0.514138243002906,0.585472595268302,0.400031795832299,0.341258327366577,0.154667894410916,0.223658262673976,0.592615376115205,2.65624085143961,0.149480441976808,2.60248401976805,2.73593506555785,3.03724899084684,1.14841095527988,3.35881825637543,3.42804965426838,2.27129092088884,2.85882307062753,3.39298827350357,2.69412672882891,2.11510277359375,1.28492711532939,1.29418372603546,2.27689287420904,1.29778912522248,2.33813100353125,1.22808546879802,2.09782731793242,1.42652148590459,1.93769928878936
0.699871128343333,0.139962937622597,0.173475236397932,0.953473318106674,0.0605081095941706,0.564699593447576,0.0161217757455585,1.25241843251704,1.58637532392646,6.68459265495969e-05,1.5129489539148,1.65879339659043,2.48060478841422,1.95159560787423,2.22122743523579,2.27129092088884,3.09523812148986,1.71876215914081,2.4916198070944,3.06764174964635,1.06950728171854,0.498353993547137,0.501761093287128,1.19838110057298,0.49650503466109,1.25094806295478,0.458092637585861,1.05099709389948,0.565354742749235,0.907608170927184
0.0514730910556565,1.0015544623136,1.11340749262389,0.12116577921297,0.747848357859155,0.00864230679723965,0.58347882643042,0.232383314737358,3.58722119201327,0.509570455625279,3.898658610205,3.51209871759031,2.47184416408992,0.647342293183939,2.87334449400194,2.85882307062753,1.71876215914081,4.34704791729996,2.97228530727296,2.13361290080359,3.52192563245296,2.37284985524972,2.39348691352279,3.71928663732654,2.42154126962523,3.78721550006875,2.30693634668759,3.51154670122301,2.64136593747314,3.35302612818433
0.313945353759693,0.48003806376414,0.550692926949801,0.486122360974497,0.310127677203831,0.204028425387666,0.195741496588278,0.711849510804384,2.69469193396479,0.12355691537058,2.66536321351005,2.77250670150329,3.20237632173296,1.34807726976673,3.32937112605615,3.39298827350357,2.4916198070944,2.97228530727296,3.89278892289491,3.03153004319218,2.17592165930376,1.2753836494502,1.28580349143462,2.35451119562937,1.2917259216401,2.41993123134147,1.21673521240117,2.16069209035198,1.43327470909416,1.99858718379359
0.681939909427232,0.194349236585754,0.236696633859326,0.955260842833803,0.0937553044997701,0.545029291802358,0.0337205473103674,1.29130597628363,1.92921822031516,0.00419752875724866,1.8695959280806,2.0081845936695,2.87613662648917,2.111621751502,2.63058982819243,2.69412672882891,3.06764174964635,2.13361290080359,3.03153004319218,3.90556087304932,1.3862499543836,0.670769384974215,0.67628703960032,1.54338565165552,0.673664647001141,1.60425677813581,0.622765894574055,1.36841047948215,0.768078925455189,1.21048729119666
0.0146987675134094,1.62474073409898,1.77474864295542,0.000311533743118098,1.32233189739151,0.0809215459738875,1.15672462469756,0.0105238814538238,3.04444562484192,1.18458549421622,3.5235766613389,2.90281178934082,1.75583948981452,0.187062262790459,2.13750245552972,2.11510277359375,1.06950728171854,3.52192563245296,2.17592165930376,1.3862499543836,5.66016586253197,4.00993484596973,4.0624397360999,5.34792949051011,4.17403349003963,5.13271959783171,3.97034435038285,5.64160399039302,4.58618089548369,5.48217805504055
0.177757408402216,1.99832905471432,2.14945765245176,0.117561707315391,1.72784748934083,0.356681620527539,1.61584564122227,0.0610747528182545,2.12185586653109,1.78187703004289,2.47515058461289,1.99470061599536,1.0090802839719,0.00288437136509145,1.31075129674065,1.28492711532939,0.498353993547137,2.37284985524972,1.2753836494502,0.670769384974215,4.00993484596973,4.93453655580073,4.93452234032613,3.749792666337,4.92958462445962,3.59495699976231,4.8685295628671,4.13406038767182,4.92992309409433,4.65599679005666
0.179262283020529,2.00021963580688,2.15111641515039,0.118747916480251,1.73088851746347,0.359875714932623,1.6206107664011,0.0618178695258189,2.13617888334674,1.79200599656709,2.49408819026672,2.00813578169349,1.01613636952358,0.00287292683330609,1.32004068171965,1.29418372603546,0.501761093287128,2.39348691352279,1.28580349143462,0.67628703960032,4.0624397360999,4.93452234032613,5.03978661618082,3.79635410108195,5.0335600870512,3.63727979097756,4.94393732060959,4.1927404871188,5.03445263801965,4.74483548761621
0.00312930641097164,1.52355272898622,1.66945767111967,0.00272950779552872,1.22295994373806,0.0461241046029341,1.05188037609269,0.0312277632406843,3.1948355682861,1.05424779796038,3.68794307313912,3.05571125152318,1.90742863761884,0.259392738055586,2.29755933831394,2.27689287420904,1.19838110057298,3.71928663732654,2.35451119562937,1.54338565165552,5.34792949051011,3.749792666337,3.79635410108195,5.59400364694486,3.89194750141803,5.36607776297727,3.70171181186498,5.36751632092024,4.27871669166634,5.22530044717678
0.193015628209172,2.01493345727285,2.16438415446646,0.130508685301881,1.751994434767,0.383284431264094,1.65031333446634,0.0704538433209576,2.14965046625359,1.84530158164308,2.51772658433735,2.01980018001438,1.01586401928192,0.0016234332470102,1.32369401890721,1.29778912522248,0.49650503466109,2.42154126962523,1.2917259216401,0.673664647001141,4.17403349003963,4.92958462445962,5.0335600870512,3.89194750141803,5.38044977372529,3.72095493060432,5.0873913926305,4.32391310705584,5.35894525976855,4.99015711334114
0.000655891592639346,1.47068669493938,1.6138807379325,0.00709093855053933,1.17228679066713,0.0330167334930893,0.999257111366027,0.0440759564903956,3.25063449236584,0.988940827521323,3.74694800893339,3.11276936652805,1.96618335104942,0.293540347780914,2.35827415796047,2.33813100353125,1.25094806295478,3.78721550006875,2.41993123134147,1.60425677813581,5.13271959783171,3.59495699976231,3.63727979097756,5.36607776297727,3.72095493060432,5.43581200751576,3.54165483871537,5.14193575242528,4.0815206344714,4.99760225029962
0.208176077988117,2.02950481631196,2.17784291493821,0.14439567257467,1.77027557860582,0.403251500228053,1.67178682246392,0.0819465181002217,2.05867929671419,1.86945919353124,2.4095618220592,1.93230569557349,0.956759597820434,0.000215112402274009,1.25384133916871,1.22808546879802,0.458092637585861,2.30693634668759,1.21673521240117,0.622765894574055,3.97034435038285,4.8685295628671,4.94393732060959,3.70171181186498,5.0873913926305,3.54165483871537,5.11156952421122,4.10495623189283,5.06808575669886,4.70768365688022
0.0192661296159518,1.65695014279497,1.80829991628634,0.00127988076155017,1.35466480118661,0.0927077961324532,1.19206925433295,0.00711474788067434,3.02665285263118,1.23245541868337,3.50730048478539,2.88512494462194,1.7377595744475,0.173730299802305,2.12008641161574,2.09782731793242,1.05099709389948,3.51154670122301,2.16069209035198,1.36841047948215,5.64160399039302,4.13406038767182,4.1927404871188,5.36751632092024,4.32391310705584,5.14193575242528,4.10495623189283,5.92653312521422,4.78179109387282,5.76442798905634
0.174940614304855,1.99659573600115,2.1468922710277,0.113767429827245,1.73123639308851,0.36194999626865,1.62886578039374,0.0564929657337432,2.31539739178452,1.83160291239181,2.71845148161321,2.17949244910996,1.1239299365073,0.00622435456542547,1.45239135539958,1.42652148590459,0.565354742749235,2.64136593747314,1.43327470909416,0.768078925455189,4.58618089548369,4.92992309409433,5.03445263801965,4.27871669166634,5.35894525976855,4.0815206344714,5.06808575669886,4.78179109387282,6.16434561334382,5.70304720052953
0.0624758827724383,1.82405526200905,1.97867753332412,0.0233432927351043,1.53153479026545,0.184032771402117,1.39312408251618,0.0013209450967393,2.86795039236817,1.5147565763664,3.34561418127646,2.7260720284363,1.58107373186472,0.0930136731160838,1.96033443350825,1.93769928878936,0.907608170927184,3.35302612818433,1.99858718379359,1.21048729119666,5.48217805504055,4.65599679005666,4.74483548761621,5.22530044717678,4.99015711334114,4.99760225029962,4.70768365688022,5.76442798905634,5.70304720052953,7.40955520526454
