0,7.14009107077023,7.39477726222198,3.96320232809093,7.76208734764862,3.82032924840888,8.16194845840818,5.23664448518835,9.23525315577426,9.13967594230773,9.62549437864733,9.34309728267462,10.0406285577244,6.94599009265269,10.2807545886343,10.2802169477655,10.7814466365073,10.1821384405159,10.6938535768036,11.6217136749953,15.422448954856,15.2226435629191,15.3385373727659,15.6417471715218,15.623340967271,15.8885874143881,15.5455022625204,15.8357936881125,16.1737706172313,17.5023259557389
7.14009107077023,0,0.784685988354551,7.81174022340168,1.72550513353292,7.92344375398942,2.12536624429248,9.08518238049911,6.54051291489484,3.10309372819203,6.93075413776791,6.64835704179521,7.34588831684496,10.7945279879634,7.58601434775487,7.58547670688608,8.08670639562789,7.48739819963648,7.9991133359242,8.92697343411585,12.7277087139765,12.5279033220396,12.6437971318865,12.9470069306424,12.9286007263916,13.1938471735087,12.850762021641,13.141053447233,13.4790303763518,14.8075857148595
7.39477726222198,0.784685988354551,0,8.06642641485343,1.98019132498467,8.17812994544117,2.38005243574423,9.33986857195085,6.79519910634659,3.35777991964378,7.18544032921966,6.90304323324696,7.6005745082967,11.0492141794152,7.84070053920662,7.84016289833782,8.34139258707964,7.74208439108823,8.25379952737595,9.1816596255676,12.9823949054283,12.7825895134914,12.8984833233382,13.2016931220942,13.1832869178433,13.4485333649604,13.1054482130928,13.3957396386848,13.7337165678036,15.0622719063113
3.96320232809093,7.81174022340168,8.06642641485343,0,8.43373650028007,4.74655501131012,8.83359761103963,2.24943959287929,9.90690230840571,9.81132509493918,10.2971435312788,10.0147464353061,10.7122777103558,3.95878520034363,10.9524037412657,10.9518661003969,11.4530957891388,10.8537875931473,11.3655027294351,12.2933628276267,16.0940981074874,15.8942927155505,16.0101865253974,16.3133963241533,16.2949901199025,16.5602365670196,16.2171514151519,16.5074428407439,16.8454197698627,18.1739751083704
7.76208734764862,1.72550513353292,1.98019132498467,8.43373650028007,0,8.54544003086781,1.1432591335728,9.70717865737749,7.16250919177323,2.12098661747235,7.5527504146463,7.2703533186736,7.96788459372335,11.4165242648418,8.20801062463326,8.20747298376446,8.70870267250628,8.10939447651487,8.62110961280259,9.54896971099424,13.3497049908549,13.149899598918,13.2657934087649,13.5690032075208,13.55059700327,13.8158434503871,13.4727582985194,13.7630497241114,14.1010266532302,15.4295819917379
3.82032924840888,7.92344375398942,8.17812994544117,4.74655501131012,8.54544003086781,0,8.94530114162737,6.01999716840754,10.0186058389934,9.92302862552692,10.4088470618665,10.1264499658938,10.8239812409436,7.72934277587188,11.0641072718535,11.0635696309847,11.5647993197265,10.9654911237351,11.4772062600228,12.4050663582145,16.2058016380752,16.0059962461383,16.1218900559851,16.425099854741,16.4066936504902,16.6719400976073,16.3288549457396,16.6191463713317,16.9571233004505,18.2856786389581
8.16194845840818,2.12536624429248,2.38005243574423,8.83359761103963,1.1432591335728,8.94530114162737,0,10.1070397681371,7.56237030253279,1.24072733190825,7.95261152540586,7.67021442943316,8.36774570448291,11.8163853756014,8.60787173539282,8.60733409452402,9.10856378326584,8.50925558727443,9.02097072356215,9.9488308217538,13.7495661016145,13.5497607096776,13.6656545195244,13.9688643182804,13.9504581140295,14.2157045611466,13.872619409279,14.162910834871,14.5008877639898,15.8294431024975
5.23664448518835,9.08518238049911,9.33986857195085,2.24943959287929,9.70717865737749,6.01999716840754,10.1070397681371,0,11.1803444655031,11.0847672520366,11.5705856883762,11.2881885924035,11.9857198674532,2.78436584921072,12.2258458983632,12.2253082574944,12.7265379462362,12.1272297502448,12.6389448865325,13.5668049847241,17.3675402645848,17.1677348726479,17.2836286824948,17.5868384812507,17.5684322769999,17.833678724117,17.4905935722493,17.7808849978413,18.1188619269601,19.4474172654678
9.23525315577426,6.54051291489484,6.79519910634659,9.90690230840571,7.16250919177323,10.0186058389934,7.56237030253279,11.1803444655031,0,8.54009778643234,1.25996421258018,0.396335057218421,4.78385831767708,12.8896900729675,5.02398434858699,5.0234467077182,5.52467639646001,1.81660827444875,5.43708333675632,6.36494343494798,7.82026490234973,7.62045951041283,7.73635332025968,8.03956311901562,8.02115691476479,8.28640336188187,7.94331821001422,8.23360963560623,8.57158656472503,9.90014190323269
9.13967594230773,3.10309372819203,3.35777991964378,9.81132509493918,2.12098661747235,9.92302862552692,1.24072733190825,11.0847672520366,8.54009778643234,0,8.93033900930541,8.64794191333271,9.34547318838245,12.7941128595009,9.58559921929237,9.58506157842357,10.0862912671654,9.48698307117398,9.9986982074617,10.9265583056534,14.727293585514,14.5274881935771,14.643382003424,14.9465918021799,14.9281855979291,15.1934320450462,14.8503468931785,15.1406383187705,15.4786152478893,16.807170586397
9.62549437864733,6.93075413776791,7.18544032921966,10.2971435312788,7.5527504146463,10.4088470618665,7.95261152540586,11.5705856883762,1.25996421258018,8.93033900930541,0,1.36780833948055,5.17409954055015,13.2799312958405,5.41422557146006,5.41368793059127,5.91491761933308,1.70897774517881,5.82732455962939,6.75518465782105,8.2105061252228,8.0107007332859,8.12659454313275,8.42980434188869,8.41139813763786,8.67664458475494,8.33355943288729,8.6238508584793,8.9618277875981,10.2903831261058
9.34309728267462,6.64835704179521,6.90304323324696,10.0147464353061,7.2703533186736,10.1264499658938,7.67021442943316,11.2881885924035,0.396335057218421,8.64794191333271,1.36780833948055,0,4.89170244457745,12.9975341998678,5.13182847548736,5.13129083461857,5.63252052336038,1.92445240134912,5.54492746365669,6.47278756184835,7.9281090292501,7.7283036373132,7.84419744716005,8.14740724591598,8.12900104166516,8.39424748878224,8.05116233691459,8.3414537625066,8.6794306916254,10.0079860301331
10.0406285577244,7.34588831684496,7.6005745082967,10.7122777103558,7.96788459372335,10.8239812409436,8.36774570448291,11.9857198674532,4.78385831767708,9.34547318838245,5.17409954055015,4.89170244457745,0,13.6950654749176,1.55139805217928,1.55086041131049,3.07990562544303,5.73074360241872,1.0794544011692,3.920172663931,10.9710541167588,10.7712487248219,10.8871425346687,11.1903523334247,11.1719461291738,11.4371925762909,11.0941074244233,11.3843988500153,11.7223757791341,13.0509311176417
6.94599009265269,10.7945279879634,11.0492141794152,3.95878520034363,11.4165242648418,7.72934277587188,11.8163853756014,2.78436584921072,12.8896900729675,12.7941128595009,13.2799312958405,12.9975341998678,13.6950654749176,0,13.9351915058275,13.9346538649587,14.4358835537005,13.8365753577091,14.3482904939968,15.2761505921885,19.0768858720492,18.8770804801123,18.9929742899591,19.2961840887151,19.2777778844642,19.5430243315813,19.1999391797137,19.4902306053057,19.8282075344245,21.1567628729321
10.2807545886343,7.58601434775487,7.84070053920662,10.9524037412657,8.20801062463326,11.0641072718535,8.60787173539282,12.2258458983632,5.02398434858699,9.58559921929237,5.41422557146006,5.13182847548736,1.55139805217928,13.9351915058275,0,0.132897265148928,3.32003165635294,5.97086963332863,2.20462307125852,4.16029869484091,11.2111801476687,11.0113747557318,11.1272685655786,11.4304783643346,11.4120721600837,11.6773186072008,11.3342334553332,11.6245248809252,11.962501810044,13.2910571485517
10.2802169477655,7.58547670688608,7.84016289833782,10.9518661003969,8.20747298376446,11.0635696309847,8.60733409452402,12.2253082574944,5.0234467077182,9.58506157842357,5.41368793059127,5.13129083461857,1.55086041131049,13.9346538649587,0.132897265148928,0,3.31949401548415,5.97033199245984,2.20408543038973,4.15976105397212,11.2106425067999,11.010837114863,11.1267309247099,11.4299407234658,11.411534519215,11.676780966332,11.3336958144644,11.6239872400564,11.9619641691752,13.2905195076829
10.7814466365073,8.08670639562789,8.34139258707964,11.4530957891388,8.70870267250628,11.5647993197265,9.10856378326584,12.7265379462362,5.52467639646001,10.0862912671654,5.91491761933308,5.63252052336038,3.07990562544303,14.4358835537005,3.32003165635294,3.31949401548415,0,6.47156168120165,3.73313064452227,2.11189591580596,11.7118721955417,11.5120668036048,11.6279606134517,11.9311704122076,11.9127642079568,12.1780106550738,11.8349255032062,12.1252169287982,12.463193857917,13.7917491964247
10.1821384405159,7.48739819963648,7.74208439108823,10.8537875931473,8.10939447651487,10.9654911237351,8.50925558727443,12.1272297502448,1.81660827444875,9.48698307117398,1.70897774517881,1.92445240134912,5.73074360241872,13.8365753577091,5.97086963332863,5.97033199245984,6.47156168120165,0,6.38396862149796,7.31182871968961,8.76715018709137,8.56734479515447,8.68323860500132,8.98644840375725,8.96804219950642,9.2332886466235,8.89020349475586,9.18049492034787,9.51847184946667,10.8470271879743
10.6938535768036,7.9991133359242,8.25379952737595,11.3655027294351,8.62110961280259,11.4772062600228,9.02097072356215,12.6389448865325,5.43708333675632,9.9986982074617,5.82732455962939,5.54492746365669,1.0794544011692,14.3482904939968,2.20462307125852,2.20408543038973,3.73313064452227,6.38396862149796,0,4.57339768301024,11.624279135838,11.4244737439011,11.540367553748,11.8435773525039,11.8251711482531,12.0904175953702,11.7473324435025,12.0376238690945,12.3756007982133,13.704156136721
11.6217136749953,8.92697343411585,9.1816596255676,12.2933628276267,9.54896971099424,12.4050663582145,9.9488308217538,13.5668049847241,6.36494343494798,10.9265583056534,6.75518465782105,6.47278756184835,3.920172663931,15.2761505921885,4.16029869484091,4.15976105397212,2.11189591580596,7.31182871968961,4.57339768301024,0,12.5521392340297,12.3523338420928,12.4682276519396,12.7714374506956,12.7530312464447,13.0182776935618,12.6751925416942,12.9654839672862,13.303460896405,14.6320162349126
15.422448954856,12.7277087139765,12.9823949054283,16.0940981074874,13.3497049908549,16.2058016380752,13.7495661016145,17.3675402645848,7.82026490234973,14.727293585514,8.2105061252228,7.9281090292501,10.9710541167588,19.0768858720492,11.2111801476687,11.2106425067999,11.7118721955417,8.76715018709137,11.624279135838,12.5521392340297,0,3.71399395745491,3.82988776730176,1.41738890901115,4.11469136180686,1.6642291518774,4.03685265705629,1.0094931838963,4.6651210117671,2.67602545152277
15.2226435629191,12.5279033220396,12.7825895134914,15.8942927155505,13.149899598918,16.0059962461383,13.5497607096776,17.1677348726479,7.62045951041283,14.5274881935771,8.0107007332859,7.7283036373132,10.7712487248219,18.8770804801123,11.0113747557318,11.010837114863,11.5120668036048,8.56734479515447,11.4244737439011,12.3523338420928,3.71399395745491,0,0.580123369388751,3.93329217412079,2.13820197308435,4.18013241698704,0.498644565102535,4.1273386907114,2.68863162304459,5.79387095833787
15.3385373727659,12.6437971318865,12.8984833233382,16.0101865253974,13.2657934087649,16.1218900559851,13.6656545195244,17.2836286824948,7.73635332025968,14.643382003424,8.12659454313275,7.84419744716005,10.8871425346687,18.9929742899591,11.1272685655786,11.1267309247099,11.6279606134517,8.68323860500132,11.540367553748,12.4682276519396,3.82988776730176,0.580123369388751,0,4.04918598396764,2.2540957829312,4.29602622683389,0.902982068990138,4.24323250055825,2.80452543289144,5.90976476818472
15.6417471715218,12.9470069306424,13.2016931220942,16.3133963241533,13.5690032075208,16.425099854741,13.9688643182804,17.5868384812507,8.03956311901562,14.9465918021799,8.42980434188869,8.14740724591598,11.1903523334247,19.2961840887151,11.4304783643346,11.4299407234658,11.9311704122076,8.98644840375725,11.8435773525039,12.7714374506956,1.41738890901115,3.93329217412079,4.04918598396764,0,4.33398957847274,0.847518744762242,4.25615087372217,1.83073364226765,4.88441922843298,3.49726590989411
15.623340967271,12.9286007263916,13.1832869178433,16.2949901199025,13.55059700327,16.4066936504902,13.9504581140295,17.5684322769999,8.02115691476479,14.9281855979291,8.41139813763786,8.12900104166516,11.1719461291738,19.2777778844642,11.4120721600837,11.411534519215,11.9127642079568,8.96804219950642,11.8251711482531,12.7530312464447,4.11469136180686,2.13820197308435,2.2540957829312,4.33398957847274,0,4.58082982133899,2.46106067268574,4.52803609506336,2.11028399019464,6.19456836268982
15.8885874143881,13.1938471735087,13.4485333649604,16.5602365670196,13.8158434503871,16.6719400976073,14.2157045611466,17.833678724117,8.28640336188187,15.1934320450462,8.67664458475494,8.39424748878224,11.4371925762909,19.5430243315813,11.6773186072008,11.676780966332,12.1780106550738,9.2332886466235,12.0904175953702,13.0182776935618,1.6642291518774,4.18013241698704,4.29602622683389,0.847518744762242,4.58082982133899,0,4.50299111658842,2.0775738851339,5.13125947129923,3.74410615276036
15.5455022625204,12.850762021641,13.1054482130928,16.2171514151519,13.4727582985194,16.3288549457396,13.872619409279,17.4905935722493,7.94331821001422,14.8503468931785,8.33355943288729,8.05116233691459,11.0941074244233,19.1999391797137,11.3342334553332,11.3336958144644,11.8349255032062,8.89020349475586,11.7473324435025,12.6751925416942,4.03685265705629,0.498644565102535,0.902982068990138,4.25615087372217,2.46106067268574,4.50299111658842,0,4.45019739031279,3.01149032264598,6.11672965793925
15.8357936881125,13.141053447233,13.3957396386848,16.5074428407439,13.7630497241114,16.6191463713317,14.162910834871,17.7808849978413,8.23360963560623,15.1406383187705,8.6238508584793,8.3414537625066,11.3843988500153,19.4902306053057,11.6245248809252,11.6239872400564,12.1252169287982,9.18049492034787,12.0376238690945,12.9654839672862,1.0094931838963,4.1273386907114,4.24323250055825,1.83073364226765,4.52803609506336,2.0775738851339,4.45019739031279,0,5.0784657450236,2.57129114538659
16.1737706172313,13.4790303763518,13.7337165678036,16.8454197698627,14.1010266532302,16.9571233004505,14.5008877639898,18.1188619269601,8.57158656472503,15.4786152478893,8.9618277875981,8.6794306916254,11.7223757791341,19.8282075344245,11.962501810044,11.9619641691752,12.463193857917,9.51847184946667,12.3756007982133,13.303460896405,4.6651210117671,2.68863162304459,2.80452543289144,4.88441922843298,2.11028399019464,5.13125947129923,3.01149032264598,5.0784657450236,0,6.74499801265006
17.5023259557389,14.8075857148595,15.0622719063113,18.1739751083704,15.4295819917379,18.2856786389581,15.8294431024975,19.4474172654678,9.90014190323269,16.807170586397,10.2903831261058,10.0079860301331,13.0509311176417,21.1567628729321,13.2910571485517,13.2905195076829,13.7917491964247,10.8470271879743,13.704156136721,14.6320162349126,2.67602545152277,5.79387095833787,5.90976476818472,3.49726590989411,6.19456836268982,3.74410615276036,6.11672965793925,2.57129114538659,6.74499801265006,0
