0,6.74341384478291,0.570176566494091,2.34243209112007,7.19119916020752,7.5455138509863,7.6852408691067,3.44160160677014,7.88596244195865,8.14978153332876,2.46137953698022,8.59219274198709,4.36605122094232,9.30715402826197,3.06438942385148,8.88863150372105,9.58939149924719,9.15446423906747,9.48930887903188,3.70721046557733,9.85167428382796,7.68874933755949,3.73470013366083,7.98983570934696,5.56061757172026,10.3912790697621,8.63984802048486,11.2425331013258,8.33029153569968,12.0823340107055
6.74341384478291,0,7.29608966376993,7.54674616366891,2.04762679170788,2.86263574228656,2.54166850060706,8.64591567931897,3.20308433325891,3.00620916482912,8.809526448685,1.93074811502694,9.57036529349116,4.62427591956223,9.41253633555626,4.2057533950213,4.90651339054745,4.47158613036772,4.80643077033213,10.0553573772821,5.16879617512822,10.5797831189853,10.0828470453656,10.8808694907728,10.7649316442691,5.70840096106236,11.5308818019107,6.55965499262604,11.2213253171255,7.39945590200571
0.570176566494091,7.29608966376993,0,2.89510791010709,7.74387497919454,8.09818966997332,8.23791668809372,3.99427742575716,8.43863826094567,8.70245735231579,3.01405535596724,9.14486856097411,4.91872703992934,9.85982984724899,3.6170652428385,9.44130732270807,10.1420673182342,9.70714005805449,10.0419846980189,4.25988628456435,10.404350102815,8.24142515654651,4.28737595264785,8.54251152833399,6.11329339070729,10.9439548887491,9.19252383947189,11.7952089203128,8.88296735468671,12.6350098296925
2.34243209112007,7.54674616366891,2.89510791010709,0,7.99453147909352,8.3488461698723,8.4885731879927,1.39712232641027,8.68929476084465,8.95311385221476,4.40854469502216,9.39552506087309,2.48055145652648,10.110486347148,5.01155458189342,9.69196382260704,10.3927238181332,9.95779655795346,10.2926411979179,5.65437562361927,10.655006602714,8.49208165644549,5.68186529170277,8.79316802823296,3.67511780730442,11.1946113886481,9.44318033937086,12.0458654202118,9.13362385458568,12.8856663295915
7.19119916020752,2.04762679170788,7.74387497919454,7.99453147909352,0,3.31042105771117,2.64166857561944,9.09370099474359,3.65086964868352,1.45763027719948,9.25731176410961,3.89640568891206,10.0181506089158,5.07206123498684,9.86032165098088,4.65353871044591,5.35429870597206,4.91937144579234,5.25421608575675,10.5031426927067,5.61658149055283,11.0275684344099,10.5306323607902,11.3286548061974,11.2127169596937,6.15618627648698,11.9786671173353,7.00744030805066,11.6691106325501,7.84724121743032
7.5455138509863,2.86263574228656,8.09818966997332,8.3488461698723,3.31042105771117,0,3.80446276661035,9.44801568552237,0.812665742161728,4.26900343083241,9.61162645488839,4.71141463949074,10.3724652996946,2.44556709071935,10.2146363417597,1.88369296916054,2.72780456170458,2.29287730152485,2.62772194148926,10.8574573834855,2.99008734628535,11.3818831251887,10.884947051569,11.6829694969762,11.5670316504725,3.3863405352016,12.3329818081141,4.38094616378317,12.0234253233289,5.22074707316284
7.6852408691067,2.54166850060706,8.23791668809372,8.4885731879927,2.64166857561944,3.80446276661035,0,9.58774270364276,4.1449113575827,3.60025094874068,9.75135347300879,4.39044739781124,10.512192317815,5.56610294388602,10.3543633598801,5.14758041934509,5.84834041487124,5.41341315469151,5.74825779465592,10.9971844016059,6.11062319945201,11.5216101433091,11.0246740696894,11.8226965150966,11.7067586685929,6.65022798538615,12.4727088262345,7.50148201694983,12.1631523414493,8.3412829263295
3.44160160677014,8.64591567931897,3.99427742575716,1.39712232641027,9.09370099474359,9.44801568552237,9.58774270364276,0,9.78846427649472,10.0522833678648,5.50771421067223,10.4946945765232,3.57972097217655,11.209655862798,6.11072409754349,10.7911333382571,11.4918933337833,11.0569660736035,11.3918107135679,6.75354513926934,11.754176118364,9.59125117209555,6.78103480735284,9.89233754388303,4.77428732295449,12.2937809042982,10.5423498550209,13.1450349358619,10.2327933702358,13.9848358452415
7.88596244195865,3.20308433325891,8.43863826094567,8.68929476084465,3.65086964868352,0.812665742161728,4.1449113575827,9.78846427649472,0,4.60945202180476,9.95207504586074,5.05186323046309,10.7129138906669,2.7860156816917,10.555084932732,2.22414156013289,3.06825315267693,2.6333258924972,2.96817053246161,11.1979059744579,3.3305359372577,11.722331716161,11.2253956425414,12.0234180879485,11.9074802414448,3.72678912617395,12.6734303990864,4.72139475475552,12.3638739143012,5.56119566413519
8.14978153332876,3.00620916482912,8.70245735231579,8.95311385221476,1.45763027719948,4.26900343083241,3.60025094874068,10.0522833678648,4.60945202180476,0,10.2158941372309,4.85498806203331,10.976732982037,6.03064360810808,10.8189040241021,5.61212108356716,6.3128810790933,5.87795381891358,6.21279845887799,11.461725065828,6.57516386367407,11.9861508075311,11.4892147339115,12.2872371793186,12.171299332815,7.11476864960822,12.9372494904565,7.9660226811719,12.6276930056713,8.80582359055157
2.46137953698022,8.809526448685,3.01405535596724,4.40854469502216,9.25731176410961,9.61162645488839,9.75135347300879,5.50771421067223,9.95207504586074,10.2158941372309,0,10.6583053458892,6.43216382484441,11.3732666321641,2.74455967314384,10.9547441076231,11.6555041031493,11.2205768429696,11.555421482934,2.27474936863823,11.9177868877301,9.75486194146158,3.41487038295319,10.0559483132491,7.62673017562236,12.4573916736642,10.705960624387,13.3086457052279,10.3964041396018,14.1484466146075
8.59219274198709,1.93074811502694,9.14486856097411,9.39552506087309,3.89640568891206,4.71141463949074,4.39044739781124,10.4946945765232,5.05186323046309,4.85498806203331,10.6583053458892,0,11.4191441906953,6.47305481676641,11.2613152327604,6.05453229222548,6.75529228775163,6.32036502757191,6.65520966753632,11.9041362744863,7.0175750723324,12.4285620161895,11.9316259425698,12.729648387977,12.6137105414733,7.55717985826655,13.3796606991149,8.40843388983023,13.0701042143297,9.24823479920989
4.36605122094232,9.57036529349116,4.91872703992934,2.48055145652648,10.0181506089158,10.3724652996946,10.512192317815,3.57972097217655,10.7129138906669,10.976732982037,6.43216382484441,11.4191441906953,0,12.1341054769702,7.03517371171568,11.7155829524293,12.4163429479554,11.9814156877757,12.3162603277401,7.67799475344152,12.6786257325362,10.5157007862677,7.70548442152502,10.8167871580552,1.81686008388835,13.2182305184704,11.4667994691931,14.069484550034,11.1572429844079,14.9092854594137
9.30715402826197,4.62427591956223,9.85982984724899,10.110486347148,5.07206123498684,2.44556709071935,5.56610294388602,11.209655862798,2.7860156816917,6.03064360810808,11.3732666321641,6.47305481676641,12.1341054769702,0,11.9762765190353,3.7886847434541,1.09476790372542,3.31760372297686,3.65244836294127,12.6190975607612,2.2053902313274,13.1435233024644,12.6465872288447,13.4446096742518,13.3286718277482,5.29133230949516,14.0946219853897,3.59624904882523,13.7850655006045,3.58771041518369
3.06438942385148,9.41253633555626,3.6170652428385,5.01155458189342,9.86032165098088,10.2146363417597,10.3543633598801,6.11072409754349,10.555084932732,10.8189040241021,2.74455967314384,11.2613152327604,7.03517371171568,11.9762765190353,0,11.5577539944944,12.2585139900205,11.8235867298408,12.1584313698052,3.99039060174095,12.5207967746013,10.3578718283328,3.56179662731107,10.6589582001203,8.22974006249362,13.0604015605355,11.3089705112582,13.9116555920991,10.999414026473,14.7514565014788
8.88863150372105,4.2057533950213,9.44130732270807,9.69196382260704,4.65353871044591,1.88369296916054,5.14758041934509,10.7911333382571,2.22414156013289,5.61212108356716,10.9547441076231,6.05453229222548,11.7155829524293,3.7886847434541,11.5577539944944,0,4.07092221443932,3.63599495425959,3.970839594224,12.2005750362202,4.33320499902009,12.7250007779234,12.2280647043037,13.0260871497109,12.9101493032072,2.19533741811175,13.6760994608488,5.72406381651791,13.3665429760636,6.56386472589758
9.58939149924719,4.90651339054745,10.1420673182342,10.3927238181332,5.35429870597206,2.72780456170458,5.84834041487124,11.4918933337833,3.06825315267693,6.3128810790933,11.6555041031493,6.75529228775163,12.4163429479554,1.09476790372542,12.2585139900205,4.07092221443932,0,3.59984119396208,3.93468583392649,12.9013350317464,2.48762770231263,13.4257607734496,12.9288246998299,13.7268471452371,13.6109092987334,5.57356978048038,14.3768594563749,3.87848651981045,14.0673029715898,3.49374223760274
9.15446423906747,4.47158613036772,9.70714005805449,9.95779655795346,4.91937144579234,2.29287730152485,5.41341315469151,11.0569660736035,2.6333258924972,5.87795381891358,11.2205768429696,6.32036502757191,11.9814156877757,3.31760372297686,11.8235867298408,3.63599495425959,3.59984119396208,0,0.356846363961799,12.4664077715667,3.86212397854285,12.9908335132699,12.4938974396502,13.2919198850573,13.1759820385537,5.13864252030066,13.9419321961952,5.25298279604067,13.63237571141,6.09278370542034
9.48930887903188,4.80643077033213,10.0419846980189,10.2926411979179,5.25421608575675,2.62772194148926,5.74825779465592,11.3918107135679,2.96817053246161,6.21279845887799,11.555421482934,6.65520966753632,12.3162603277401,3.65244836294127,12.1584313698052,3.970839594224,3.93468583392649,0.356846363961799,0,12.8012524115311,4.19696861850726,13.3256781532343,12.8287420796146,13.6267645250217,13.5108266785181,5.47348716026507,14.2767768361596,5.58782743600509,13.9672203513745,6.42762834538475
3.70721046557733,10.0553573772821,4.25988628456435,5.65437562361927,10.5031426927067,10.8574573834855,10.9971844016059,6.75354513926934,11.1979059744579,11.461725065828,2.27474936863823,11.9041362744863,7.67799475344152,12.6190975607612,3.99039060174095,12.2005750362202,12.9013350317464,12.4664077715667,12.8012524115311,0,13.1636178163272,11.0006928700587,4.6607013115503,11.3017792418462,8.87256110421947,13.7032226022613,11.9517915529841,14.554476633825,11.6422350681989,15.3942775432047
9.85167428382796,5.16879617512822,10.404350102815,10.655006602714,5.61658149055283,2.99008734628535,6.11062319945201,11.754176118364,3.3305359372577,6.57516386367407,11.9177868877301,7.0175750723324,12.6786257325362,2.2053902313274,12.5207967746013,4.33320499902009,2.48762770231263,3.86212397854285,4.19696861850726,13.1636178163272,0,13.6880435580303,13.1911074844107,13.9891299298178,13.8731920833142,5.83585256506115,14.6391422409557,1.8864796915572,14.3295857561705,4.98057021377089
7.68874933755949,10.5797831189853,8.24142515654651,8.49208165644549,11.0275684344099,11.3818831251887,11.5216101433091,9.59125117209555,11.722331716161,11.9861508075311,9.75486194146158,12.4285620161895,10.5157007862677,13.1435233024644,10.3578718283328,12.7250007779234,13.4257607734496,12.9908335132699,13.3256781532343,11.0006928700587,13.6880435580303,0,11.0281825381422,6.38233446437003,11.7102671370457,14.2276483439645,1.28142887210717,15.0789023755282,6.72279029072275,15.9187032849078
3.73470013366083,10.0828470453656,4.28737595264785,5.68186529170277,10.5306323607902,10.884947051569,11.0246740696894,6.78103480735284,11.2253956425414,11.4892147339115,3.41487038295319,11.9316259425698,7.70548442152502,12.6465872288447,3.56179662731107,12.2280647043037,12.9288246998299,12.4938974396502,12.8287420796146,4.6607013115503,13.1911074844107,11.0281825381422,0,11.3292689099297,8.90005077230296,13.7307122703448,11.9792812210676,14.5819663019085,11.6697247362824,15.4217672112882
7.98983570934696,10.8808694907728,8.54251152833399,8.79316802823296,11.3286548061974,11.6829694969762,11.8226965150966,9.89233754388303,12.0234180879485,12.2872371793186,10.0559483132491,12.729648387977,10.8167871580552,13.4446096742518,10.6589582001203,13.0260871497109,13.7268471452371,13.2919198850573,13.6267645250217,11.3017792418462,13.9891299298178,6.38233446437003,11.3292689099297,0,12.0113535088332,14.528734715752,7.33343314729541,15.3799887473156,0.944233438879916,16.2197896566953
5.56061757172026,10.7649316442691,6.11329339070729,3.67511780730442,11.2127169596937,11.5670316504725,11.7067586685929,4.77428732295449,11.9074802414448,12.171299332815,7.62673017562236,12.6137105414733,1.81686008388835,13.3286718277482,8.22974006249362,12.9101493032072,13.6109092987334,13.1759820385537,13.5108266785181,8.87256110421947,13.8731920833142,11.7102671370457,8.90005077230296,12.0113535088332,0,14.4127968692483,12.6613658199711,15.264050900812,12.3518093351859,16.1038518101916
10.3912790697621,5.70840096106236,10.9439548887491,11.1946113886481,6.15618627648698,3.3863405352016,6.65022798538615,12.2937809042982,3.72678912617395,7.11476864960822,12.4573916736642,7.55717985826655,13.2182305184704,5.29133230949516,13.0604015605355,2.19533741811175,5.57356978048038,5.13864252030066,5.47348716026507,13.7032226022613,5.83585256506115,14.2276483439645,13.7307122703448,14.528734715752,14.4127968692483,0,15.1787470268899,7.22671138255898,14.8691905421047,8.06651229193864
8.63984802048486,11.5308818019107,9.19252383947189,9.44318033937086,11.9786671173353,12.3329818081141,12.4727088262345,10.5423498550209,12.6734303990864,12.9372494904565,10.705960624387,13.3796606991149,11.4667994691931,14.0946219853897,11.3089705112582,13.6760994608488,14.3768594563749,13.9419321961952,14.2767768361596,11.9517915529841,14.6391422409557,1.28142887210717,11.9792812210676,7.33343314729541,12.6613658199711,15.1787470268899,0,16.0300010584535,7.67388897364813,16.8698019678332
11.2425331013258,6.55965499262604,11.7952089203128,12.0458654202118,7.00744030805066,4.38094616378317,7.50148201694983,13.1450349358619,4.72139475475552,7.9660226811719,13.3086457052279,8.40843388983023,14.069484550034,3.59624904882523,13.9116555920991,5.72406381651791,3.87848651981045,5.25298279604067,5.58782743600509,14.554476633825,1.8864796915572,15.0789023755282,14.5819663019085,15.3799887473156,15.264050900812,7.22671138255898,16.0300010584535,0,15.7204445736684,6.37142903126871
8.33029153569968,11.2213253171255,8.88296735468671,9.13362385458568,11.6691106325501,12.0234253233289,12.1631523414493,10.2327933702358,12.3638739143012,12.6276930056713,10.3964041396018,13.0701042143297,11.1572429844079,13.7850655006045,10.999414026473,13.3665429760636,14.0673029715898,13.63237571141,13.9672203513745,11.6422350681989,14.3295857561705,6.72279029072275,11.6697247362824,0.944233438879916,12.3518093351859,14.8691905421047,7.67388897364813,15.7204445736684,0,16.560245483048
12.0823340107055,7.39945590200571,12.6350098296925,12.8856663295915,7.84724121743032,5.22074707316284,8.3412829263295,13.9848358452415,5.56119566413519,8.80582359055157,14.1484466146075,9.24823479920989,14.9092854594137,3.58771041518369,14.7514565014788,6.56386472589758,3.49374223760274,6.09278370542034,6.42762834538475,15.3942775432047,4.98057021377089,15.9187032849078,15.4217672112882,16.2197896566953,16.1038518101916,8.06651229193864,16.8698019678332,6.37142903126871,16.560245483048,0
