0,1.24377467028819,0.32570319057112,0.678915155397055,0.408669400233292,2.16677068666016,0.962289754660901,2.58881102184601,2.55526542479373,2.082629306498,2.25281727017601,2.95169181063409,2.40215224750943,1.85909607823532,3.54001297638098,1.97623818994552,3.91767031782463,2.00599814037837,2.77734730342973,3.00280408870623,3.78163469106156,3.8724587146807,5.58926858861456,3.67195103639883,4.94773466858119,3.92089391750719,3.67046165773609,6.10059858868313,6.34560456474185,5.49800133644631
1.24377467028819,0,1.0183779616481,0.719118749871129,1.01337725562751,0.923966453903338,2.19554504204182,1.37773342641113,3.70122486080795,3.32638977673894,1.05034503877653,3.898029802715,3.6448962964824,1.14219278387826,4.33653198904261,1.07508493668202,4.56978125362829,3.1484042728553,4.02112194339099,4.18325441587232,3.97925656426687,4.11149352920792,6.40282221309194,2.81360172682203,4.82082276039242,2.93514612969996,2.56487201925289,6.15694600768665,5.86577104524639,4.49936891055355
0.32570319057112,1.0183779616481,0,0.367718807809247,0.0940704784120702,1.93698524355433,1.19152157692335,2.39273902112074,2.87387787214436,2.34096725796921,1.97915556217525,3.27504595310136,2.64831972486777,1.5341810286485,3.85262711200693,1.65826778263761,4.21435820450548,2.13914384090741,3.03230536938724,3.31292564283908,4.00055792090499,4.10018564024349,5.906712763796,3.62597376012118,5.10594770501517,3.83352933504672,3.53414321984971,6.30320265211109,6.42414008998057,5.41198975467903
0.678915155397055,0.719118749871129,0.367718807809247,0,0.323586495547597,1.61098613521125,1.54849157378756,2.09202281046577,3.23417634239585,2.70230599394726,1.62093113366076,3.59802537511916,3.00499337942145,1.19288593104777,4.14437789986433,1.29749431898597,4.47339919923283,2.43840203365266,3.39160716680494,3.67844205846751,4.1434454296792,4.25441892744987,6.20761931373584,3.46208314123513,5.16460509188575,3.6254965964787,3.28011463877586,6.41497264751446,6.38234971814071,5.19803001086346
0.408669400233292,1.01337725562751,0.0940704784120702,0.323586495547597,0,1.92329252015053,1.22508193239336,2.391046424971,2.94328233628442,2.37956747953258,1.94450234192943,3.36035670050869,2.6814290565983,1.4593186787078,3.94305092825124,1.59371809970474,4.30744987564535,2.13526201735312,3.06829134985554,3.37573511386415,4.09181399215888,4.19218345111802,5.99561473297714,3.66851671143901,5.18955161967341,3.86452355293753,3.55077738096661,6.39244886877188,6.49344251784545,5.44202123070458
2.16677068666016,0.923966453903338,1.93698524355433,1.61098613521125,1.92329252015053,0,3.11930197258076,0.537542755756317,4.56980561410501,4.24886209491489,0.449972432660956,4.6645287127928,4.56858479386143,1.35450018771814,5.01245209191102,1.10678907710807,5.15638943300523,4.04847192497285,4.94372151344347,5.06615812923501,4.30696908352296,4.45958453027381,7.05175229504299,2.35199497657411,4.87681422031825,2.31835756568349,1.81967200842129,6.30399100614066,5.60687377240876,3.80942198543052
0.962289754660901,2.19554504204182,1.19152157692335,1.54849157378756,1.22508193239336,3.11930197258076,0,3.55077375436613,1.90742214940544,1.15650363379611,3.16878746678245,2.59178768492388,1.45703950640501,2.6015442263182,3.31609537319299,2.78024731800244,3.8203572467132,1.13293410450364,1.8432441175899,2.25841561717385,4.08183555505491,4.13587199291075,5.25706551957174,4.54689795858312,5.41625859739492,4.83479311193086,4.61839976378649,6.40995031361114,6.99450087709092,6.40439991691038
2.58881102184601,1.37773342641113,2.39273902112074,2.09202281046577,2.391046424971,0.537542755756317,3.55077375436613,0,4.87342464899055,4.65427763944637,0.885556081671885,4.8651323461556,4.9825367228286,1.87716935041025,5.13552500033213,1.61608727355768,5.21235847847004,4.52613367060739,5.34766224835383,5.38507906814592,4.21082419597766,4.37261898247026,7.13598296593494,1.89919397817417,4.61813878554206,1.80660075954239,1.28366774884457,6.07749114346788,5.19213074230566,3.27490617388893
2.55526542479373,3.70122486080795,2.87387787214436,3.23417634239585,2.94328233628442,4.56980561410501,1.90742214940544,4.87342464899055,0,1.192483852482,4.75039333048862,1.03148312347228,1.31948765416075,4.40082007894139,1.83082444542241,4.53122960926641,2.47190143899901,2.24071142093661,1.29972973193662,0.533450911975748,3.44104544485749,3.41247639434959,3.47830667943081,5.23937567319814,4.95855620526342,5.66536305087158,5.65733446039327,5.54845666642308,6.84832282564345,7.11796040053633
2.082629306498,3.32638977673894,2.34096725796921,2.70230599394726,2.37956747953258,4.24886209491489,1.15650363379611,4.65427763944637,1.192483852482,0,4.32010878397248,2.17516342861153,0.343348679189939,3.74361481942774,2.97980274765217,3.93210344221165,3.59421385230407,1.05682605471304,0.694883456698626,1.30871407890528,4.30873228282352,4.31632905653443,4.66027446706643,5.44739769007937,5.77601243279723,5.79357751504517,5.6486841734291,6.54486261633339,7.54085240697964,7.33471823726649
2.25281727017601,1.05034503877653,1.97915556217525,1.62093113366076,1.94450234192943,0.449972432660956,3.16878746678245,0.885556081671885,4.75039333048862,4.32010878397248,0,4.92951186295013,4.62567648988298,1.03011536707698,5.32675385735157,0.751945460926328,5.50746501769466,4.00874091504996,5.01119190053309,5.22836347243458,4.72331064145814,4.87259240327093,7.38148650960963,2.76948694413797,5.32476857413859,2.69098770108197,2.14139469079704,6.7474669967526,6.0425799256639,4.12881910780169
2.95169181063409,3.898029802715,3.27504595310136,3.59802537511916,3.36035670050869,4.6645287127928,2.59178768492388,4.8651323461556,1.03148312347228,2.17516342861153,4.92951186295013,0,2.3430099529828,4.79025669448338,0.805654749985928,4.86506098866817,1.44042239034473,3.18343262954063,2.32575277601977,1.33913972829497,2.55046201069836,2.49343647885472,2.6721220491233,4.84516220758595,4.07096424364818,5.32428061355745,5.43426986909468,4.54669122481393,6.02488283050249,6.66406831959429
2.40215224750943,3.6448962964824,2.64831972486777,3.00499337942145,2.6814290565983,4.56858479386143,1.45703950640501,4.9825367228286,1.31948765416075,0.343348679189939,4.62567648988298,2.3430099529828,0,4.01149105169568,3.14702362824006,4.2109976817205,3.77986470062335,1.08715119862925,0.396702631250666,1.29503077098875,4.58339356141872,4.58269447747925,4.7182496728186,5.79053458668608,6.06518800418537,6.13669988450039,5.98841089132229,6.79016866801957,7.8532180204148,7.67802883238632
1.85909607823532,1.14219278387826,1.5341810286485,1.19288593104777,1.4593186787078,1.35450018771814,2.6015442263182,1.87716935041025,4.40082007894139,3.74361481942774,1.03011536707698,4.79025669448338,4.01149105169568,0,5.32026707625818,0.286495956181942,5.61697052976376,3.23461518433037,4.40763414605006,4.82209482525128,5.11683208116611,5.24611710457209,7.38772915976731,3.68460132024749,5.94657863177162,3.67284671061426,3.15626967745051,7.29692313813891,6.88309065691524,5.14775901816116
3.54001297638098,4.33653198904261,3.85262711200693,4.14437789986433,3.94305092825124,5.01245209191102,3.31609537319299,5.13552500033213,1.83082444542241,2.97980274765217,5.32675385735157,0.805654749985928,3.14702362824006,5.32026707625818,0,5.36074090310358,0.658682133093286,3.97877975171344,3.11363541267397,2.07196033476791,2.06465650996067,1.96448965557703,2.06953895084259,4.80881206181521,3.53285919269627,5.32103374807622,5.5262376952405,3.83051304247716,5.53527517165432,6.53562488072073
1.97623818994552,1.07508493668202,1.65826778263761,1.29749431898597,1.59371809970474,1.10678907710807,2.78024731800244,1.61608727355768,4.53122960926641,3.93210344221165,0.751945460926328,4.86506098866817,4.2109976817205,0.286495956181942,5.36074090310358,0,5.62642090204302,3.47266543240525,4.60567590661658,4.96943003955662,5.04483025918248,5.18025764395646,7.43027978116589,3.45437779304561,5.81125544447583,3.41950872264168,2.88852801621252,7.18546391858633,6.68194356201815,4.87836791927717
3.91767031782463,4.56978125362829,4.21435820450548,4.47339919923283,4.30744987564535,5.15638943300523,3.8203572467132,5.21235847847004,2.47190143899901,3.59421385230407,5.50746501769466,1.44042239034473,3.77986470062335,5.61697052976376,0.658682133093286,5.62642090204302,0,4.56584702424971,3.76329073776467,2.73048599223693,1.62168695047224,1.48734948176292,1.9382030756501,4.64045456044714,2.99427653505907,5.16999983178491,5.44922390911927,3.1817344936151,5.00978980239392,6.26899400484098
2.00599814037837,3.1484042728553,2.13914384090741,2.43840203365266,2.13526201735312,4.04847192497285,1.13293410450364,4.52613367060739,2.24071142093661,1.05682605471304,4.00874091504996,3.18343262954063,1.08715119862925,3.23461518433037,3.97877975171344,3.47266543240525,4.56584702424971,0,1.42891035562068,2.34807465278283,5.08165551320207,5.11535394887739,5.71552202573025,5.66083787782458,6.47662035886581,5.9260147270816,5.66643545188815,7.38175289444661,8.10970223770666,7.50199449305257
2.77734730342973,4.02112194339099,3.03230536938724,3.39160716680494,3.06829134985554,4.94372151344347,1.8432441175899,5.34766224835383,1.29972973193662,0.694883456698626,5.01119190053309,2.32575277601977,0.396702631250666,4.40763414605006,3.11363541267397,4.60567590661658,3.76329073776467,1.42891035562068,0,1.11556348824217,4.69569970695845,4.68061433509862,4.54191940126392,6.08978561793303,6.19867690122869,6.45258314777989,6.32740665334823,6.84485613193153,8.03287706411125,7.98085330338877
3.00280408870623,4.18325441587232,3.31292564283908,3.67844205846751,3.37573511386415,5.06615812923501,2.25841561717385,5.38507906814592,0.533450911975748,1.30871407890528,5.22836347243458,1.33913972829497,1.29503077098875,4.82209482525128,2.07196033476791,4.96943003955662,2.73048599223693,2.34807465278283,1.11556348824217,0,3.8621220915186,3.81768452339502,3.43458658611183,5.77167502517764,5.38509799258443,6.19879708017169,6.18794180231369,5.87995137288587,7.30704596490929,7.64863733473875
3.78163469106156,3.97925656426687,4.00055792090499,4.1434454296792,4.09181399215888,4.30696908352296,4.08183555505491,4.21082419597766,3.44104544485749,4.30873228282352,4.72331064145814,2.55046201069836,4.58339356141872,5.11683208116611,2.06465650996067,5.04483025918248,1.62168695047224,5.08165551320207,4.69569970695845,3.8621220915186,0,0.174509746185988,3.38496920786695,3.21458574891733,1.523064184928,3.75370591545518,4.14149821761384,2.33398431877045,3.48614589264849,4.7029583845557
3.8724587146807,4.11149352920792,4.10018564024349,4.25441892744987,4.19218345111802,4.45958453027381,4.13587199291075,4.37261898247026,3.41247639434959,4.31632905653443,4.87259240327093,2.49343647885472,4.58269447747925,5.24611710457209,1.96448965557703,5.18025764395646,1.48734948176292,5.11535394887739,4.68061433509862,3.81768452339502,0.174509746185988,0,3.21933184448173,3.38887758820208,1.58216816111501,3.92799491129415,4.31542276302657,2.27445569046399,3.57183760785786,4.86708971596597
5.58926858861456,6.40282221309194,5.906712763796,6.20761931373584,5.99561473297714,7.05175229504299,5.25706551957174,7.13598296593494,3.47830667943081,4.66027446706643,7.38148650960963,2.6721220491233,4.7182496728186,7.38772915976731,2.06953895084259,7.43027978116589,1.9382030756501,5.71552202573025,4.54191940126392,3.43458658611183,3.38496920786695,3.21933184448173,0,6.54359978461038,4.43113117987404,7.07833662484574,7.38116952669397,3.97207782252873,6.37191628972215,8.08628662379832
3.67195103639883,2.81360172682203,3.62597376012118,3.46208314123513,3.66851671143901,2.35199497657411,4.54689795858312,1.89919397817417,5.23937567319814,5.44739769007937,2.76948694413797,4.84516220758595,5.79053458668608,3.68460132024749,4.80881206181521,3.45437779304561,4.64045456044714,5.66083787782458,6.08978561793303,5.77167502517764,3.21458574891733,3.38887758820208,6.54359978461038,0,3.05879064406123,0.539120393856881,1.04939054723325,4.54689457583593,3.30259767909972,1.89197189189481
4.94773466858119,4.82082276039242,5.10594770501517,5.16460509188575,5.18955161967341,4.87681422031825,5.41625859739492,4.61813878554206,4.95855620526342,5.77601243279723,5.32476857413859,4.07096424364818,6.06518800418537,5.94657863177162,3.53285919269627,5.81125544447583,2.99427653505907,6.47662035886581,6.19867690122869,5.38509799258443,1.523064184928,1.58216816111501,4.43113117987404,3.05879064406123,0,3.54379119241486,4.10617229849305,1.48973027357942,2.01601889836215,3.97809636350725
3.92089391750719,2.93514612969996,3.83352933504672,3.6254965964787,3.86452355293753,2.31835756568349,4.83479311193086,1.80660075954239,5.66536305087158,5.79357751504517,2.69098770108197,5.32428061355745,6.13669988450039,3.67284671061426,5.32103374807622,3.41950872264168,5.16999983178491,5.9260147270816,6.45258314777989,6.19879708017169,3.75370591545518,3.92799491129415,7.07833662484574,0.539120393856881,3.54379119241486,0,0.658504458235058,5.02486602728305,3.5663256500866,1.57882835829745
3.67046165773609,2.56487201925289,3.53414321984971,3.28011463877586,3.55077738096661,1.81967200842129,4.61839976378649,1.28366774884457,5.65733446039327,5.6486841734291,2.14139469079704,5.43426986909468,5.98841089132229,3.15626967745051,5.5262376952405,2.88852801621252,5.44922390911927,5.66643545188815,6.32740665334823,6.18794180231369,4.14149821761384,4.31542276302657,7.38116952669397,1.04939054723325,4.10617229849305,0.658504458235058,0,5.59508529451328,4.22473239730577,1.99186740857564
6.10059858868313,6.15694600768665,6.30320265211109,6.41497264751446,6.39244886877188,6.30399100614066,6.40995031361114,6.07749114346788,5.54845666642308,6.54486261633339,6.7474669967526,4.54669122481393,6.79016866801957,7.29692313813891,3.83051304247716,7.18546391858633,3.1817344936151,7.38175289444661,6.84485613193153,5.87995137288587,2.33398431877045,2.27445569046399,3.97207782252873,4.54689457583593,1.48973027357942,5.02486602728305,5.59508529451328,0,2.67783971110028,5.31388884579269
6.34560456474185,5.86577104524639,6.42414008998057,6.38234971814071,6.49344251784545,5.60687377240876,6.99450087709092,5.19213074230566,6.84832282564345,7.54085240697964,6.0425799256639,6.02488283050249,7.8532180204148,6.88309065691524,5.53527517165432,6.68194356201815,5.00978980239392,8.10970223770666,8.03287706411125,7.30704596490929,3.48614589264849,3.57183760785786,6.37191628972215,3.30259767909972,2.01601889836215,3.5663256500866,4.22473239730577,2.67783971110028,0,3.12348450340467
5.49800133644631,4.49936891055355,5.41198975467903,5.19803001086346,5.44202123070458,3.80942198543052,6.40439991691038,3.27490617388893,7.11796040053633,7.33471823726649,4.12881910780169,6.66406831959429,7.67802883238632,5.14775901816116,6.53562488072073,4.87836791927717,6.26899400484098,7.50199449305257,7.98085330338877,7.64863733473875,4.7029583845557,4.86708971596597,8.08628662379832,1.89197189189481,3.97809636350725,1.57882835829745,1.99186740857564,5.31388884579269,3.12348450340467,0
