0,10.2988129060319,4.4978704172084,11.7135207426341,11.4426480977855,5.33100128780134,11.7669942378015,5.03296773010594,5.31899561226668,11.4521132688818,3.3212881780524,5.97209644880479,6.16324980567195,12.0643584664581,12.0108280150203,12.4074633027615,12.2530032790387,12.2551283863944,6.60494292824798,6.95984406739373,12.7675722478754,7.02345236033112,7.18166543863019,7.86896071180696,7.82002070750033,8.57075604964395,8.55692091026159,15.350534897689,9.61391427284552,10.0550704596452
10.2988129060319,0,10.4610631143439,5.23968243253747,10.3747877813759,11.2941939849369,5.29315592770488,10.9961604272415,11.2821883094022,4.97827495878518,11.6912979779168,11.9352891459403,12.1264425028075,3.37103457664263,5.53698970492367,11.3396029863519,3.55967938922328,2.09188590789652,12.5681356253835,12.9230367645292,11.6997119314658,12.9866450574666,13.1448581357657,13.8321534089425,13.7832134046358,14.5339487467795,14.5201136073971,14.2826745812794,15.577106969981,16.0182631567807
4.4978704172084,10.4610631143439,0,11.8757709509462,11.6048983060976,2.10559637240427,11.9292444461136,1.13230791542662,2.09359069686961,11.6143634771939,5.89035548909335,2.07143663412547,4.38678825403607,12.2266086747701,12.1730782233323,12.5697135110735,12.4152534873507,12.4173785947065,4.8284813766121,5.18338251575785,12.9298224561874,5.24699080869524,5.4052038869943,6.09249916017108,6.04355915586444,6.79429449800807,6.78045935862571,15.5127851060011,7.83745272120964,8.27860890800928
11.7135207426341,5.23968243253747,11.8757709509462,0,11.7894956179782,12.7089018215391,2.49832909699186,12.4108682638437,12.6968961460044,4.96904622101078,13.1060058145191,13.3499969825425,13.5411503394097,7.00522799296366,5.52776096714927,12.7543108229541,7.19387280554431,7.19599791290002,13.9828434619857,14.3377446011315,13.114419768068,14.4013528940689,14.5595659723679,15.2468612455447,15.1979212412381,15.9486565833817,15.9348214439993,15.6973824178817,16.9918148065833,17.4329709933829
11.4426480977855,10.3747877813759,11.6048983060976,11.7894956179782,0,12.4380291766905,11.8429691131456,12.1399956189951,12.4260235011558,11.5280881442259,12.8351331696705,13.079124337694,13.2702776945611,12.1403333418021,12.0868028903643,5.42495143150548,12.3289781543828,12.3311032617385,13.7119708171371,14.0668719562829,1.65780687492809,14.1304802492203,14.2886933275193,14.9759886006961,14.9270485963895,15.6777839385331,15.6639487991507,8.36802302643299,16.7209421617347,17.1620983485343
5.33100128780134,11.2941939849369,2.10559637240427,12.7089018215391,12.4380291766905,0,12.7623753167065,2.64069368530181,1.64151060190769,12.4474943477868,6.72348635968629,3.57982240400066,5.21991912462901,13.059739545363,13.0062090939253,13.4028443816665,13.2483843579437,13.2505094652994,5.66161224720504,6.01651338635079,13.7629533267804,6.08012167928818,6.23833475758724,6.92563003076402,6.87669002645738,7.62742536860101,7.61359022921865,16.345915976594,8.67058359180258,9.11173977860222
11.7669942378015,5.29315592770488,11.9292444461136,2.49832909699186,11.8429691131456,12.7623753167065,0,12.4643417590111,12.7503696411718,5.02251971617818,13.1594793096865,13.4034704777099,13.5946238345771,7.05870148813106,5.58123446231667,12.8077843181215,7.24734630071171,7.24947140806742,14.0363169571531,14.3912180962989,13.1678932632354,14.4548263892363,14.6130394675353,15.3003347407121,15.2513947364055,16.0021300785491,15.9882949391667,15.7508559130491,17.0452883017507,17.4864444885503
5.03296773010594,10.9961604272415,1.13230791542662,12.4108682638437,12.1399956189951,2.64069368530181,12.4643417590111,0,2.62868800976715,12.1494607900914,6.42545280199089,2.18559699909195,4.92188556693362,12.7617059876676,12.7081755362299,13.1048108239711,12.9503508002483,12.952475907604,5.36357868950964,5.71847982865539,13.464919769085,5.78208812159278,5.94030119989185,6.62759647306862,6.57865646876199,7.32939181090562,7.31555667152325,16.0478824188986,8.37255003410718,8.81370622090682
5.31899561226668,11.2821883094022,2.09359069686961,12.6968961460044,12.4260235011558,1.64151060190769,12.7503696411718,2.62868800976715,0,12.4354886722521,6.71148068415163,3.567816728466,5.20791344909435,13.0477338698284,12.9942034183906,13.3908387061318,13.236378682409,13.2385037897647,5.64960657167038,6.00450771081613,13.7509476512457,6.06811600375352,6.22632908205258,6.91362435522936,6.86468435092273,7.61541969306636,7.60158455368399,16.3339103010593,8.65857791626792,9.09973410306756
11.4521132688818,4.97827495878518,11.6143634771939,4.96904622101078,11.5280881442259,12.4474943477868,5.02251971617818,12.1494607900914,12.4354886722521,0,12.8445983407668,13.0885895087902,13.2797428656574,6.74382051921136,1.87616902173305,12.4929033492018,6.93246533179202,6.93459043914772,13.7214359882334,14.0763371273792,12.8530122943157,14.1399454203166,14.2981584986156,14.9854537717924,14.9365137674858,15.6872491096294,15.673413970247,15.4359749441294,16.730407332831,17.1715635196306
3.3212881780524,11.6912979779168,5.89035548909335,13.1060058145191,12.8351331696705,6.72348635968629,13.1594793096865,6.42545280199089,6.71148068415163,12.8445983407668,0,7.36458152068974,7.5557348775569,13.456843538343,13.4033130869053,13.7999483746464,13.6454883509237,13.6476134582794,7.99742800013293,8.35232913927868,14.1600573197603,8.41593743221607,8.57415051051513,9.26144578369191,9.21250577938527,9.9632411215289,9.94940598214654,16.743019969574,11.0063993447305,11.4475555315301
5.97209644880479,11.9352891459403,2.07143663412547,13.3499969825425,13.079124337694,3.57982240400066,13.4034704777099,2.18559699909195,3.567816728466,13.0885895087902,7.36458152068974,0,5.86101428563247,13.7008347063665,13.6473042549287,14.0439395426699,13.8894795189471,13.8916046263029,6.30270740820849,6.65760854735424,14.4040484877838,6.72121684029163,6.8794299185907,7.56672519176747,7.51778518746084,8.26852052960447,8.2546853902221,16.9870111375974,9.31167875280603,9.75283493960567
6.16324980567195,12.1264425028075,4.38678825403607,13.5411503394097,13.2702776945611,5.21991912462901,13.5946238345771,4.92188556693362,5.20791344909435,13.2797428656574,7.5557348775569,5.86101428563247,0,13.8919880632336,13.8384576117959,14.2350928995371,14.0806328758143,14.08275798317,0.717518457988104,3.70738071649093,14.595201844651,3.77098900942832,3.92920208772739,4.61649736090416,5.26452882380998,6.01526416595361,6.00142902657125,17.1781644944646,7.05842238915518,7.49957857595482
12.0643584664581,3.37103457664263,12.2266086747701,7.00522799296366,12.1403333418021,13.059739545363,7.05870148813106,12.7617059876676,13.0477338698284,6.74382051921136,13.456843538343,13.7008347063665,13.8919880632336,0,7.30253526534985,13.1051485467781,1.0469467762949,5.32735005700517,14.3336811858097,14.6885823249554,13.465257491892,14.7521906178928,14.9104036961919,15.5976989693686,15.548758965062,16.2994943072056,16.2856591678233,16.0482201417056,17.3426525304072,17.7838087172068
12.0108280150203,5.53698970492367,12.1730782233323,5.52776096714927,12.0868028903643,13.0062090939253,5.58123446231667,12.7081755362299,12.9942034183906,1.87616902173305,13.4033130869053,13.6473042549287,13.8384576117959,7.30253526534985,0,13.0516180953403,7.4911800779305,7.49330518528621,14.2801507343719,14.6350518735177,13.4117270404542,14.6986601664551,14.8568732447541,15.5441685179309,15.4952285136243,16.2459638557679,16.2321287163855,15.9946896902678,17.2891220789695,17.7302782657691
12.4074633027615,11.3396029863519,12.5697135110735,12.7543108229541,5.42495143150548,13.4028443816665,12.8077843181215,13.1048108239711,13.3908387061318,12.4929033492018,13.7999483746464,14.0439395426699,14.2350928995371,13.1051485467781,13.0516180953403,0,13.2937933593587,13.2959184667144,14.6767860221131,15.0316871612589,6.74987558159533,15.0952954541963,15.2535085324953,15.9408038056721,15.8918638013655,16.6425991435091,16.6287640041267,4.97271736886709,17.6857573667107,18.1269135535103
12.2530032790387,3.55967938922328,12.4152534873507,7.19387280554431,12.3289781543828,13.2483843579437,7.24734630071171,12.9503508002483,13.236378682409,6.93246533179202,13.6454883509237,13.8894795189471,14.0806328758143,1.0469467762949,7.4911800779305,13.2937933593587,0,5.51599486958582,14.5223259983903,14.8772271375361,13.6539023044726,14.9408354304735,15.0990485087725,15.7863437819493,15.7374037776427,16.4881391197863,16.4743039804039,16.2368649542862,17.5312973429879,17.9724535297875
12.2551283863944,2.09188590789652,12.4173785947065,7.19599791290002,12.3311032617385,13.2505094652994,7.24947140806742,12.952475907604,13.2385037897647,6.93459043914772,13.6476134582794,13.8916046263029,14.08275798317,5.32735005700517,7.49330518528621,13.2959184667144,5.51599486958582,0,14.524451105746,14.8793522448918,13.6560274118283,14.9429605378292,15.1011736161282,15.788468889305,15.7395288849984,16.490264227142,16.4764290877596,16.238990061642,17.5334224503436,17.9745786371432
6.60494292824798,12.5681356253835,4.8284813766121,13.9828434619857,13.7119708171371,5.66161224720504,14.0363169571531,5.36357868950964,5.64960657167038,13.7214359882334,7.99742800013293,6.30270740820849,0.717518457988104,14.3336811858097,14.2801507343719,14.6767860221131,14.5223259983903,14.524451105746,0,4.14907383906696,15.036894967227,4.21268213200435,4.37089521030341,5.05819048348019,5.70622194638601,6.45695728852964,6.44312214914727,17.6198576170406,7.5001155117312,7.94127169853084
6.95984406739373,12.9230367645292,5.18338251575785,14.3377446011315,14.0668719562829,6.01651338635079,14.3912180962989,5.71847982865539,6.00450771081613,14.0763371273792,8.35232913927868,6.65760854735424,3.70738071649093,14.6885823249554,14.6350518735177,15.0316871612589,14.8772271375361,14.8793522448918,4.14907383906696,0,15.3917961063727,2.22529794593027,2.38351102422933,2.38860279620312,6.06112308553176,6.81185842767539,6.79802328829302,17.9747587561864,7.85501665087695,8.29617283767659
12.7675722478754,11.6997119314658,12.9298224561874,13.114419768068,1.65780687492809,13.7629533267804,13.1678932632354,13.464919769085,13.7509476512457,12.8530122943157,14.1600573197603,14.4040484877838,14.595201844651,13.465257491892,13.4117270404542,6.74987558159533,13.6539023044726,13.6560274118283,15.036894967227,15.3917961063727,0,15.4554043993101,15.6136174776092,16.300912750786,16.2519727464793,17.002708088623,16.9888729492406,9.69294717652285,18.0458663118245,18.4870224986242
7.02345236033112,12.9866450574666,5.24699080869524,14.4013528940689,14.1304802492203,6.08012167928818,14.4548263892363,5.78208812159278,6.06811600375352,14.1399454203166,8.41593743221607,6.72121684029163,3.77098900942832,14.7521906178928,14.6986601664551,15.0952954541963,14.9408354304735,14.9429605378292,4.21268213200435,2.22529794593027,15.4554043993101,0,2.06720681736474,3.1344145903435,6.12473137846915,6.87546672061278,6.86163158123041,18.0383670491238,7.91862494381434,8.35978113061398
7.18166543863019,13.1448581357657,5.4052038869943,14.5595659723679,14.2886933275193,6.23833475758724,14.6130394675353,5.94030119989185,6.22632908205258,14.2981584986156,8.57415051051513,6.8794299185907,3.92920208772739,14.9104036961919,14.8568732447541,15.2535085324953,15.0990485087725,15.1011736161282,4.37089521030341,2.38351102422933,15.6136174776092,2.06720681736474,0,3.29262766864256,6.28294445676821,7.03367979891184,7.01984465952948,18.1965801274228,8.07683802211341,8.51799420891304
7.86896071180696,13.8321534089425,6.09249916017108,15.2468612455447,14.9759886006961,6.92563003076402,15.3003347407121,6.62759647306862,6.91362435522936,14.9854537717924,9.26144578369191,7.56672519176747,4.61649736090416,15.5976989693686,15.5441685179309,15.9408038056721,15.7863437819493,15.788468889305,5.05819048348019,2.38860279620312,16.300912750786,3.1344145903435,3.29262766864256,0,6.97023972994499,7.72097507208862,7.70713993270625,18.8838754005996,8.76413329529018,9.20528948208982
7.82002070750033,13.7832134046358,6.04355915586444,15.1979212412381,14.9270485963895,6.87669002645738,15.2513947364055,6.57865646876199,6.86468435092273,14.9365137674858,9.21250577938527,7.51778518746084,5.26452882380998,15.548758965062,15.4952285136243,15.8918638013655,15.7374037776427,15.7395288849984,5.70622194638601,6.06112308553176,16.2519727464793,6.12473137846915,6.28294445676821,6.97023972994499,0,3.27979772602929,1.49437778909319,18.834935396293,4.32295594923086,4.7641121360305
8.57075604964395,14.5339487467795,6.79429449800807,15.9486565833817,15.6777839385331,7.62742536860101,16.0021300785491,7.32939181090562,7.61541969306636,15.6872491096294,9.9632411215289,8.26852052960447,6.01526416595361,16.2994943072056,16.2459638557679,16.6425991435091,16.4881391197863,16.490264227142,6.45695728852964,6.81185842767539,17.002708088623,6.87546672061278,7.03367979891184,7.72097507208862,3.27979772602929,0,4.01669792879055,19.5856707384366,4.2835437695349,4.72469995633454
8.55692091026159,14.5201136073971,6.78045935862571,15.9348214439993,15.6639487991507,7.61359022921865,15.9882949391667,7.31555667152325,7.60158455368399,15.673413970247,9.94940598214654,8.2546853902221,6.00142902657125,16.2856591678233,16.2321287163855,16.6287640041267,16.4743039804039,16.4764290877596,6.44312214914727,6.79802328829302,16.9888729492406,6.86163158123041,7.01984465952948,7.70713993270625,1.49437778909319,4.01669792879055,0,19.5718355990542,5.05985615199212,5.50101233879176
15.350534897689,14.2826745812794,15.5127851060011,15.6973824178817,8.36802302643299,16.345915976594,15.7508559130491,16.0478824188986,16.3339103010593,15.4359749441294,16.743019969574,16.9870111375974,17.1781644944646,16.0482201417056,15.9946896902678,4.97271736886709,16.2368649542862,16.238990061642,17.6198576170406,17.9747587561864,9.69294717652285,18.0383670491238,18.1965801274228,18.8838754005996,18.834935396293,19.5856707384366,19.5718355990542,0,20.6288289616382,21.0699851484378
9.61391427284552,15.577106969981,7.83745272120964,16.9918148065833,16.7209421617347,8.67058359180258,17.0452883017507,8.37255003410718,8.65857791626792,16.730407332831,11.0063993447305,9.31167875280603,7.05842238915518,17.3426525304072,17.2891220789695,17.6857573667107,17.5312973429879,17.5334224503436,7.5001155117312,7.85501665087695,18.0458663118245,7.91862494381434,8.07683802211341,8.76413329529018,4.32295594923086,4.2835437695349,5.05985615199212,20.6288289616382,0,2.73943184273681
10.0550704596452,16.0182631567807,8.27860890800928,17.4329709933829,17.1620983485343,9.11173977860222,17.4864444885503,8.81370622090682,9.09973410306756,17.1715635196306,11.4475555315301,9.75283493960567,7.49957857595482,17.7838087172068,17.7302782657691,18.1269135535103,17.9724535297875,17.9745786371432,7.94127169853084,8.29617283767659,18.4870224986242,8.35978113061398,8.51799420891304,9.20528948208982,4.7641121360305,4.72469995633454,5.50101233879176,21.0699851484378,2.73943184273681,0
