0,3.65279433662274,1.57040875555499,5.27714500529559,5.37653086954037,0.579720259823152,5.65709984942288,1.92895425555075,0.782023063620811,5.4801454245747,0.867634560660049,1.59818585336848,3.56441865804574,3.09289889448767,6.11169606901171,5.66989770286876,3.58836607204249,4.65235888126817,3.94018555704425,4.07073994850184,6.68657283693009,4.08247728000199,4.22947492908905,4.50612088334697,4.24081431442927,5.29055753514606,3.57590314811776,8.5974535277344,6.07794738727969,6.37672798817547
3.65279433662274,0,5.1687761350037,1.73085382664251,4.7929385679409,4.22579952513448,2.36267419741449,5.56455971973283,4.42224562386261,2.79323048222644,2.96512338913858,5.20098242551635,6.37835673665028,1.89353432120982,3.10831384825503,6.66767299741332,1.91415879282955,1.74284307901676,6.70732322464101,6.00645656059255,6.03222261743458,6.53800927155974,6.59445783188958,6.55346418814462,7.81032797215202,8.76153222990714,7.21316311750188,8.66990794498488,9.37605479059166,9.37259215813467
1.57040875555499,5.1687761350037,0,6.72514828118046,5.88981294348306,1.08931519503864,7.01565027277644,0.443608663612902,0.968401647136417,6.67746880703676,2.41857605619039,0.960373264056193,2.51353415510836,4.63590249537023,7.36506019404494,5.43279567182917,5.13251071520033,6.22213699360828,2.86757733212971,3.55514204738333,7.08480760288199,3.21429673754621,3.40057132078405,3.84187777525291,2.67110677808403,3.73035649999337,2.05229779547372,8.55028160026445,4.57006368681199,5.00290081060466
5.27714500529559,1.73085382664251,6.72514828118046,0,4.73785330881734,5.85666489751435,0.852643250518857,7.14216130162833,6.05788044518714,1.83308983927059,4.65735841714606,6.85883973708036,7.56797771445549,3.47202739349435,1.73640380592836,7.09870057974993,3.32613454878598,2.45725734409172,7.85914079648097,6.89433685945757,5.74081160612131,7.57967595383117,7.59682027858379,7.43418466878726,9.30359786630515,10.1745160780608,8.77696472004684,8.50659550600135,10.6778649265387,10.5196367412112
5.37653086954037,4.7929385679409,5.88981294348306,4.73785330881734,0,5.75744252913895,4.2116401201993,6.30077290598457,5.91648742426093,3.11191758482164,5.50270835093603,6.62930510260898,4.95616498896132,6.28752772216641,3.74773169802041,2.68414544781473,6.52862747605797,6.50682243701109,5.04913406933363,3.5525292418143,1.34870955452656,4.49317317687426,4.39017218658928,3.9284460803794,7.54359259070103,7.91760886392739,7.48484106399413,3.87896967337596,7.92419332388865,7.27708882575722
0.579720259823152,4.22579952513448,1.08931519503864,5.85666489751435,5.75744252913895,0,6.23351778670321,1.39298839564594,0.20357858110518,6.03438637408691,1.35255183062628,1.02687532538862,3.3626645458687,3.55307444122766,6.6760665881687,5.80673861128461,4.04944534365247,5.16554215650628,3.73561944974599,4.08601981982978,7.04079640402684,3.96322300274798,4.12799774414982,4.47248174155551,3.72894765941062,4.81438764019143,3.02594458655334,8.81715428570252,5.65657977725984,6.04396841443304
5.65709984942288,2.36267419741449,7.01565027277644,0.852643250518857,4.2116401201993,6.23351778670321,0,7.44705759569286,6.43701652518418,1.12899893465438,5.13010329635116,7.25491950356223,7.5778134057332,4.20947194265834,0.884454454686735,6.71795279915485,4.11222282708428,3.30668276586484,7.84094873568378,6.74360962150792,5.09389328365381,7.50080259032636,7.49524720400573,7.26871975609448,9.51016007190868,10.3086754916267,9.05206152989892,7.86655063261509,10.7264185435494,10.4677134308272
1.92895425555075,5.56455971973283,0.443608663612902,7.14216130162833,6.30077290598457,1.39298839564594,7.44705759569286,0,1.22958513732285,7.11958268181994,2.74546497001333,0.874747473385355,2.6331068856501,4.93647263895012,7.80517847730883,5.72826361114578,5.43190812344299,6.55850441205474,2.96299793210568,3.81527841416548,7.47777232368996,3.37829936506521,3.57266570847095,4.05477844022174,2.33996670931028,3.45174346648826,1.64935867939066,8.86492352856973,4.3608367988206,4.89672401373199
0.782023063620811,4.42224562386261,0.968401647136417,6.05788044518714,5.91648742426093,0.20357858110518,6.43701652518418,1.22958513732285,0,6.23566451460664,1.52698860909108,0.824170531407343,3.33921509423047,3.70692440150503,6.87883997086864,5.89218475189788,4.20246377402856,5.33621224423739,3.70888452836707,4.13670729997047,7.1910573112085,3.96724556083715,4.13768598414148,4.50474884219811,3.5695482057982,4.6704868324259,2.84702685465942,8.92516111308278,5.53591896691334,5.9596446181517
5.4801454245747,2.79323048222644,6.67746880703676,1.83308983927059,3.11191758482164,6.03438637408691,1.12899893465438,7.11958268181994,6.23566451460664,0,5.10921595775584,7.05911370435089,6.88624992360837,4.6798620718612,0.754928768102805,5.68319824032902,4.69449032219716,4.1312222193007,7.11544446047846,5.89852240749541,3.9653505944258,6.71653254028268,6.68823216566253,6.40284340965462,9.02448925227703,9.72742913576537,8.65981072950176,6.73816862838844,10.0448949529729,9.68322183302019
0.867634560660049,2.96512338913858,2.41857605619039,4.65735841714606,5.50270835093603,1.35255183062628,5.13010329635116,2.74546497001333,1.52698860909108,5.10921595775584,0,2.25264010538421,4.37813873512652,2.22598686526192,5.67798361662915,6.17100746330597,2.72187616600479,3.81304760155984,4.75222411529297,4.72577012762646,6.84483820264424,4.84339716293015,4.97658007532642,5.19747110295581,5.07871735862269,6.14762971105659,4.373984656122,8.96005404868668,6.94543426263724,7.23225420967906
1.59818585336848,5.20098242551635,0.960373264056193,6.85883973708036,6.62930510260898,1.02687532538862,7.25491950356223,0.874747473385355,0.824170531407343,7.05911370435089,2.25264010538421,0,3.45401325579803,4.32209266597648,7.70291814595568,6.36342368628415,4.80917434469509,6.0042720184181,3.79850294978846,4.5071744052499,7.87312296150453,4.16994925593915,4.35795526713721,4.80206113433416,3.04787831892683,4.21125063607414,2.22685407791702,9.46052017875123,5.17897705049129,5.76348138570436
3.56441865804574,6.37835673665028,2.51353415510836,7.56797771445549,4.95616498896132,3.3626645458687,7.5778134057332,2.6331068856501,3.33921509423047,6.88624992360837,4.37813873512652,3.45401325579803,0,6.50546927299158,7.63917213430226,3.46379000817802,6.98101375181151,7.82489664251525,0.375878077468936,1.55378070186006,5.8275901807901,0.787508195900438,0.989539140573654,1.55639137942278,2.68828532569276,2.96635997956868,2.9207022016129,6.59601566096096,3.15934615722855,2.99460330410349
3.09289889448767,1.89353432120982,4.63590249537023,3.47202739349435,6.28752772216641,3.55307444122766,4.20947194265834,4.93647263895012,3.70692440150503,4.6798620718612,2.22598686526192,4.32209266597648,6.50546927299158,0,4.99298878158496,7.69018097800292,0.496611819038229,1.72839486424393,6.87240995883768,6.58545347802175,7.60279542926826,6.87681596946816,6.98404895598512,7.10381236565563,7.27642843605642,8.36597932226662,6.52737778822514,10.0883915826643,9.17061883637127,9.42250765502413
6.11169606901171,3.10831384825503,7.36506019404494,1.73640380592836,3.74773169802041,6.6760665881687,0.884454454686735,7.80517847730883,6.87883997086864,0.754928768102805,5.67798361662915,7.70291814595568,7.63917213430226,4.99298878158496,0,6.37190180516685,4.93539957052591,4.18511485683886,7.86997286339252,6.64928207620753,4.45782456661176,7.47101377412881,7.44167644239583,7.15054004941464,9.75149657793691,10.4709022074134,9.36547152780436,7.21281443786179,10.7981617584961,10.4371185930157
5.66989770286876,6.66767299741332,5.43279567182917,7.09870057974993,2.68414544781473,5.80673861128461,6.71795279915485,5.72826361114578,5.89218475189788,5.68319824032902,6.17100746330597,6.36342368628415,3.46379000817802,7.69018097800292,6.37190180516685,0,8.05496182889952,8.39913167842212,3.36018161860093,1.9524923914941,2.84284833632615,2.73112285998632,2.54887275890756,1.95215607879742,6.12046473610226,6.12748956922385,6.37463578127574,3.15532486053083,5.82746433716746,4.94351684034152
3.58836607204249,1.91415879282955,5.13251071520033,3.32613454878598,6.52862747605797,4.04944534365247,4.11222282708428,5.43190812344299,4.20246377402856,4.69449032219716,2.72187616600479,4.80917434469509,6.98101375181151,0.496611819038229,4.93539957052591,8.05496182889952,0,1.30848530303768,7.34615320476993,7.01586763375192,7.82265202769625,7.33549552897818,7.43800102156294,7.54000783896304,7.77178799938346,8.86256099615044,7.0188806740209,10.3648148492747,9.66560769060629,9.90808945659973
4.65235888126817,1.74284307901676,6.22213699360828,2.45725734409172,6.50682243701109,5.16554215650628,3.30668276586484,6.55850441205474,5.33621224423739,4.1312222193007,3.81304760155984,6.0042720184181,7.82489664251525,1.72839486424393,4.18511485683886,8.39913167842212,1.30848530303768,0,8.1749735349332,7.63113573706896,7.70948649388571,8.07934029677588,8.15650319695316,8.17331425873576,8.88963332544049,9.93801430691789,8.18073465671439,10.3855718262783,10.671321617904,10.8042469953634
3.94018555704425,6.70732322464101,2.86757733212971,7.85914079648097,5.04913406933363,3.73561944974599,7.84094873568378,2.96299793210568,3.70888452836707,7.11544446047846,4.75222411529297,3.79850294978846,0.375878077468936,6.87240995883768,7.86997286339252,3.36018161860093,7.34615320476993,8.1749735349332,0,1.54041636335569,5.84776489794548,0.630116616640795,0.813633200484575,1.4111535529881,2.76131629451376,2.88290558183264,3.10060094882131,6.454839200451,2.94398427594528,2.6708321527487
4.07073994850184,6.00645656059255,3.55514204738333,6.89433685945757,3.5525292418143,4.08601981982978,6.74360962150792,3.81527841416548,4.13670729997047,5.89852240749541,4.72577012762646,4.5071744052499,1.55378070186006,6.58545347802175,6.64928207620753,1.9524923914941,7.01586763375192,7.63113573706896,1.54041636335569,0,4.3073488847578,0.945469313046739,0.839807062654868,0.547757290471953,4.24163365223943,4.42054849746535,4.43298233780991,5.10732918534278,4.3722959565753,3.80944297969709
6.68657283693009,6.03222261743458,7.08480760288199,5.74081160612131,1.34870955452656,7.04079640402684,5.09389328365381,7.47777232368996,7.1910573112085,3.9653505944258,6.84483820264424,7.87312296150453,5.8275901807901,7.60279542926826,4.45782456661176,2.84284833632615,7.82265202769625,7.70948649388571,5.84776489794548,4.3073488847578,0,5.24123314025117,5.10025665941231,4.55584374841552,8.4954991347838,8.72525291904158,8.53929763043434,2.77287699477846,8.57418219759632,7.76645574902266
4.08247728000199,6.53800927155974,3.21429673754621,7.57967595383117,4.49317317687426,3.96322300274798,7.50080259032636,3.37829936506521,3.96724556083715,6.71653254028268,4.84339716293015,4.16994925593915,0.787508195900438,6.87681596946816,7.47101377412881,2.73112285998632,7.33549552897818,8.07934029677588,0.630116616640795,0.945469313046739,5.24123314025117,0,0.202032833718136,0.78704481240868,3.38939422407932,3.48426538376356,3.69327367835562,5.83656895511115,3.43845972188957,2.9702288748229
4.22947492908905,6.59445783188958,3.40057132078405,7.59682027858379,4.39017218658928,4.12799774414982,7.49524720400573,3.57266570847095,4.13768598414148,6.68823216566253,4.97658007532642,4.35795526713721,0.989539140573654,6.98404895598512,7.44167644239583,2.54887275890756,7.43800102156294,8.15650319695316,0.813633200484575,0.839807062654868,5.10025665941231,0.202032833718136,0,0.597739213652572,3.57468693513476,3.63212957982894,3.89227723290536,5.64326247788256,3.53402879149786,2.99651314084988
4.50612088334697,6.55346418814462,3.84187777525291,7.43418466878726,3.9284460803794,4.47248174155551,7.26871975609448,4.05477844022174,4.50474884219811,6.40284340965462,5.19747110295581,4.80206113433416,1.55639137942278,7.10381236565563,7.15054004941464,1.95215607879742,7.54000783896304,8.17331425873576,1.4111535529881,0.547757290471953,4.55584374841552,0.78704481240868,0.597739213652572,0,4.17238076477892,4.20393990736,4.47476751651179,5.04968835695535,4.02904878856277,3.35961522577883
4.24081431442927,7.81032797215202,2.67110677808403,9.30359786630515,7.54359259070103,3.72894765941062,9.51016007190868,2.33996670931028,3.5695482057982,9.02448925227703,5.07871735862269,3.04787831892683,2.68828532569276,7.27642843605642,9.75149657793691,6.12046473610226,7.77178799938346,8.88963332544049,2.76131629451376,4.24163365223943,8.4954991347838,3.38939422407932,3.57468693513476,4.17238076477892,0,1.19230398869169,0.91194960737223,9.20735871507292,2.28423188521548,3.21438612193494
5.29055753514606,8.76153222990714,3.73035649999337,10.1745160780608,7.91760886392739,4.81438764019143,10.3086754916267,3.45174346648826,4.6704868324259,9.72742913576537,6.14762971105659,4.21125063607414,2.96635997956868,8.36597932226662,10.4709022074134,6.12748956922385,8.86256099615044,9.93801430691789,2.88290558183264,4.42054849746535,8.72525291904158,3.48426538376356,3.63212957982894,4.20393990736,1.19230398869169,0,2.10053820582078,9.07159201108386,1.15332557893569,2.27915749910421
3.57590314811776,7.21316311750188,2.05229779547372,8.77696472004684,7.48484106399413,3.02594458655334,9.05206152989892,1.64935867939066,2.84702685465942,8.65981072950176,4.373984656122,2.22685407791702,2.9207022016129,6.52737778822514,9.36547152780436,6.37463578127574,7.0188806740209,8.18073465671439,3.10060094882131,4.43298233780991,8.53929763043434,3.69327367835562,3.89227723290536,4.47476751651179,0.91194960737223,2.10053820582078,0,9.51569432725104,3.19255436170053,4.06298024121789
8.5974535277344,8.66990794498488,8.55028160026445,8.50659550600135,3.87896967337596,8.81715428570252,7.86655063261509,8.86492352856973,8.92516111308278,6.73816862838844,8.96005404868668,9.46052017875123,6.59601566096096,10.0883915826643,7.21281443786179,3.15532486053083,10.3648148492747,10.3855718262783,6.454839200451,5.10732918534278,2.77287699477846,5.83656895511115,5.64326247788256,5.04968835695535,9.20735871507292,9.07159201108386,9.51569432725104,0,8.57034934685284,7.48094510255176
6.07794738727969,9.37605479059166,4.57006368681199,10.6778649265387,7.92419332388865,5.65657977725984,10.7264185435494,4.3608367988206,5.53591896691334,10.0448949529729,6.94543426263724,5.17897705049129,3.15934615722855,9.17061883637127,10.7981617584961,5.82746433716746,9.66560769060629,10.671321617904,2.94398427594528,4.3722959565753,8.57418219759632,3.43845972188957,3.53402879149786,4.02904878856277,2.28423188521548,1.15332557893569,3.19255436170053,8.57034934685284,0,1.26612551137923
6.37672798817547,9.37259215813467,5.00290081060466,10.5196367412112,7.27708882575722,6.04396841443304,10.4677134308272,4.89672401373199,5.9596446181517,9.68322183302019,7.23225420967906,5.76348138570436,2.99460330410349,9.42250765502413,10.4371185930157,4.94351684034152,9.90808945659973,10.8042469953634,2.6708321527487,3.80944297969709,7.76645574902266,2.9702288748229,2.99651314084988,3.35961522577883,3.21438612193494,2.27915749910421,4.06298024121789,7.48094510255176,1.26612551137923,0
