0,2.86222155479486,2.87923987061163,0.415004307566553,0.880430915081218,3.57189213352909,3.67378206528004,3.82248738511488,5.15817474985664,4.66087952339498,2.53436827106006,2.85542326462107,3.08011302159665,4.53368145447245,4.71253057616478,5.68160001989783,5.57752926738255,4.89814111268698,4.51232478201115,3.84461689530149,3.53840588418651,6.07599627329029,5.47313088811709,5.35131420607305,5.9202705668516,3.04498973342526,4.6992797640664,5.73174291638045,5.53178578753621,4.98547034415569
2.86222155479486,0,0.0236304208530351,3.26158018402936,3.74258151976547,0.714144499646363,0.811711387610743,1.35556885529532,5.45384898568846,6.73530632163312,5.25342483304716,5.5575815900796,3.46444333490775,2.19070353957544,2.15681318555835,6.32926580444695,5.17152543047374,6.47678837820264,2.48294015404564,6.47611784052727,3.71433981307061,5.33257059551601,7.75183387446538,7.13163509786673,3.13485174527233,4.30727669515966,7.32070398708834,3.63787040065377,4.18990953144092,4.25550655750041
2.87923987061163,0.0236304208530351,0,3.2779769941467,3.75964464100614,0.69960148731576,0.794547405230795,1.33228361422224,5.44472962752958,6.74008083274797,5.26649522124422,5.57025596362615,3.48745094260175,2.16735534338424,2.15478744773182,6.32202783768822,5.15744999339367,6.47714449195296,2.46088188933695,6.48738319672244,3.73662818843256,5.31599427253478,7.75823955309349,7.13335061438721,3.11357860838205,4.33090493284946,7.33154882915079,3.64237889149934,4.20262577673223,4.2729581864789
0.415004307566553,3.26158018402936,3.2779769941467,0,0.501242767927853,3.97344572013933,4.0721685141413,4.17481402965473,5.12404253278094,4.34015494769198,2.1263428788953,2.44823554593198,3.33910792756299,4.86087801318729,5.12752150447936,5.58043791628054,5.63805460907848,4.65863119827476,4.80597764058347,3.44264208252494,3.80177780107263,6.17402782720226,5.11287234911816,5.07107144278231,6.29443855498513,3.16629691409529,4.2959928276012,6.13324524201847,5.89137266230336,5.30314267486112
0.880430915081218,3.74258151976547,3.75964464100614,0.501242767927853,0,4.45177263730488,4.55417962932605,4.67580257278093,5.39133441362867,4.22429343056112,1.79828985728672,2.11885662070577,3.45453478170024,5.36093610133613,5.55577633247912,5.77304713582485,5.98974869714541,4.67771010624928,5.2990374033132,3.12609437172085,3.91634045610317,6.55420181836948,4.90723904237314,5.02172042522579,6.79171674407997,3.10397956104037,3.96819780685754,6.48877449842562,6.14841575847109,5.48780078971106
3.57189213352909,0.714144499646363,0.69960148731576,3.97344572013933,4.45177263730488,0,0.148407162911459,1.18678907892389,5.82798678197145,7.37782702038142,5.96492053019693,6.26777942969177,3.82663466363418,1.93612255669191,1.61032204674888,6.7480644937503,5.39599170111647,7.05343049683173,2.36432160437524,7.17977993272248,4.0071505626964,5.46127502044828,8.4134299090568,7.72968574092558,2.50951551366509,4.77977859341606,8.0217792893173,3.2207352224393,4.01650689931874,4.26849435878457
3.67378206528004,0.811711387610743,0.794547405230795,4.0721685141413,4.55417962932605,0.148407162911459,0,1.07640944365318,5.78234395095818,7.41039517352557,6.04514706703366,6.3456744556639,3.97498925931789,1.8032854302801,1.64489444519679,6.71158222865709,5.32044106463098,7.06108271047355,2.24540183616527,7.2493371867751,4.15423307812803,5.36881072938362,8.4544858455681,7.74429900812005,2.37121385526963,4.92679807647251,8.08857348053735,3.28041300650619,4.121135960594,4.39647979448029
3.82248738511488,1.35556885529532,1.33228361422224,4.17481402965473,4.67580257278093,1.18678907892389,1.07640944365318,0,4.86105453026837,6.91287237458099,5.93069916260955,6.20627890353453,4.81818567548146,0.835576600530833,2.63573390393006,5.82510728951493,4.2931986186137,6.40713087302208,1.18286499479431,7.02818753902899,5.05556302997126,4.30407054736288,8.0061097884728,7.12697974606478,2.177183180856,5.65030923279504,7.83606968965076,4.30482365711151,5.19754433446706,5.44488298918011
5.15817474985664,5.45384898568846,5.44472962752958,5.12404253278094,5.39133441362867,5.82798678197145,5.78234395095818,4.86105453026837,0,3.804120788718,5.05367913351169,5.09799609651746,7.99886746984744,4.69164618315042,7.42695070001224,1.00812071550279,1.31130541832693,2.63483679772024,4.14562762731675,5.23614324107054,8.41406561042604,2.04511280236165,4.86056312803338,3.34992673263477,6.42666736359423,8.19167854220614,5.66253309835902,9.04391588704767,9.61048252228518,9.48843101120844
4.66087952339498,6.73530632163312,6.74008083274797,4.34015494769198,4.22429343056112,7.37782702038142,7.41039517352557,6.91287237458099,3.804120788718,0,2.70367932864412,2.50092390724118,7.66333081572882,7.18159489765846,8.88216078895954,3.34898592111944,5.06916122965883,1.26966123190433,6.78887732996833,1.94939429917152,8.12660813236654,5.81679270588549,1.13962259212939,0.988296690971928,8.98701116333284,7.28472781197135,2.00288299542836,10.1937939629266,10.1751764974502,9.64100140087033
2.53436827106006,5.25342483304716,5.26649522124422,2.1263428788953,1.79828985728672,5.96492053019693,6.04514706703366,5.93069916260955,5.05367913351169,2.70367932864412,0,0.322613290550831,5.19660294691776,6.48076824143964,7.2259057787389,5.11669410095152,5.99015773474223,3.50591525922019,6.27964385090632,1.32803566194623,5.6521241108521,6.67019086853433,3.18650253891451,3.63058523822769,8.1064546036154,4.65905426487247,2.17462446659854,8.25788949754751,7.94567239881398,7.26109447030862
2.85542326462107,5.5575815900796,5.57025596362615,2.44823554593198,2.11885662070577,6.26777942969177,6.3456744556639,6.20627890353453,5.09799609651746,2.50092390724118,0.322613290550831,0,5.50321695869205,6.73810640499343,7.54184281082699,5.09720996716455,6.08516066380037,3.39150731427071,6.52020661382663,1.00745541196877,5.95709724664697,6.77933088422399,2.90587588329224,3.45384391060498,8.38328801306776,4.93830621558751,1.8521245489162,8.58028689950867,8.264701444912,7.57273175483429
3.08011302159665,3.46444333490775,3.48745094260175,3.33910792756299,3.45453478170024,3.82663466363418,3.97498925931789,4.81818567548146,7.99886746984744,7.66333081572882,5.19660294691776,5.50321695869205,0,5.65116859580201,3.81771646179496,8.64626693691537,8.13347018688276,7.97751863128948,5.93435631280617,6.49720778130445,0.463335167685511,8.46916438497636,8.35637494879677,8.4100356991517,6.22281594130626,1.18822288606989,7.30183680923663,3.86861328929409,2.96619795869212,2.09550893595484
4.53368145447245,2.19070353957544,2.16735534338424,4.86087801318729,5.36093610133613,1.93612255669191,1.8032854302801,0.835576600530833,4.69164618315042,7.18159489765846,6.48076824143964,6.73810640499343,5.65116859580201,0,3.16891833132534,5.68991514781194,3.92276074593403,6.53991396290937,0.572042298340372,7.49938271573247,5.88127301620968,3.80335070070163,8.30229389108436,7.28513127464321,1.81972596747946,6.48370752103463,8.27810078362807,4.83617730453265,5.86987125808987,6.19863670418613
4.71253057616478,2.15681318555835,2.15478744773182,5.12752150447936,5.55577633247912,1.61032204674888,1.64489444519679,2.63573390393006,7.42695070001224,8.88216078895954,7.2259057787389,7.54184281082699,3.81771646179496,3.16891833132534,0,8.35533552018296,6.92834922204052,8.62867516392271,3.7031284262322,8.50165557089293,3.80905997560065,6.92205389272608,9.88081401717383,9.28810771935276,2.74324083702373,4.96446820721396,9.35535657674026,1.6748064619914,2.81022847087966,3.41243372966566
5.68160001989783,6.32926580444695,6.32202783768822,5.58043791628054,5.77304713582485,6.7480644937503,6.71158222865709,5.82510728951493,1.00812071550279,3.34898592111944,5.11669410095152,5.09720996716455,8.64626693691537,5.68991514781194,8.35533552018296,0,2.19219193796517,2.08530614734898,5.14834270315616,5.03800742606147,9.07824037012759,2.86186565780445,4.28976055345136,2.6872484950314,7.43350806654198,8.72413437234354,5.32212591757614,9.94929760049078,10.4387633793652,10.2482009801
5.57752926738255,5.17152543047374,5.15744999339367,5.63805460907848,5.98974869714541,5.39599170111647,5.32044106463098,4.2931986186137,1.31130541832693,5.06916122965883,5.99015773474223,6.08516066380037,8.13347018688276,3.92276074593403,6.92834922204052,2.19219193796517,0,3.93601847188056,3.35114773676201,6.35796126248099,8.51106865910035,0.747675336387752,6.14932747755279,4.65941766443041,5.51487484798573,8.50787788765034,6.85758118703522,8.59308574361635,9.35508668750052,9.385325065102
4.89814111268698,6.47678837820264,6.47714449195296,4.65863119827476,4.67771010624928,7.05343049683173,7.06108271047355,6.40713087302208,2.63483679772024,1.26966123190433,3.50591525922019,3.39150731427071,7.97751863128948,6.53991396290937,8.62867516392271,2.08530614734898,3.93601847188056,0,6.0851136864905,3.0920387737678,8.43649313295913,4.67755001799865,2.23505425121609,0.763476442802801,8.35936725870976,7.77964250226148,3.26477652545604,10.0671697988276,10.2435172587293,9.83660056329549
4.51232478201115,2.48294015404564,2.46088188933695,4.80597764058347,5.2990374033132,2.36432160437524,2.24540183616527,1.18286499479431,4.14562762731675,6.78887732996833,6.27964385090632,6.52020661382663,5.93435631280617,0.572042298340372,3.7031284262322,5.14834270315616,3.35114773676201,6.0851136864905,0,7.23054394103217,6.19679905849339,3.23942921722565,7.91937941058508,6.83804531312029,2.30286846920251,6.69322937722927,7.98482086043983,5.37601761147344,6.35698560814233,6.62760782522664
3.84461689530149,6.47611784052727,6.48738319672244,3.44264208252494,3.12609437172085,7.17977993272248,7.2493371867751,7.02818753902899,5.23614324107054,1.94939429917152,1.32803566194623,1.00745541196877,6.49720778130445,7.49938271573247,8.50165557089293,5.03800742606147,6.35796126248099,3.0920387737678,7.23054394103217,0,6.94832932826475,7.08534573402843,2.02428381778204,2.93619151548878,9.20087607242185,5.88613466709946,0.855700962882776,9.57550027892768,9.27202344299389,8.57302349935502
3.53840588418651,3.71433981307061,3.73662818843256,3.80177780107263,3.91634045610317,4.0071505626964,4.15423307812803,5.05556302997126,8.41406561042604,8.12660813236654,5.6521241108521,5.95709724664697,0.463335167685511,5.88127301620968,3.80905997560065,9.07824037012759,8.51106865910035,8.43649313295913,6.19679905849339,6.94832932826475,0,8.82426239266907,8.81604003722824,8.87246064544465,6.32764506338194,1.42741800676473,7.7481381279158,3.6611611366417,2.6198156861986,1.67754450120514
6.07599627329029,5.33257059551601,5.31599427253478,6.17402782720226,6.55420181836948,5.46127502044828,5.36881072938362,4.30407054736288,2.04511280236165,5.81679270588549,6.67019086853433,6.77933088422399,8.46916438497636,3.80335070070163,6.92205389272608,2.86186565780445,0.747675336387752,4.67755001799865,3.23942921722565,7.08534573402843,8.82426239266907,0,6.89504351319166,5.39462677317613,5.23663372237205,8.92791586537614,7.59851700768813,8.59672393527987,9.46920053858183,9.58512444942618
5.47313088811709,7.75183387446538,7.75823955309349,5.11287234911816,4.90723904237314,8.4134299090568,8.4544858455681,8.0061097884728,4.86056312803338,1.13962259212939,3.18650253891451,2.90587588329224,8.35637494879677,8.30229389108436,9.88081401717383,4.28976055345136,6.14932747755279,2.23505425121609,7.91937941058508,2.02428381778204,8.81604003722824,6.89504351319166,0,1.62282657657216,10.1011725211665,7.84307579537784,1.58140263776464,11.1273022951429,11.0026239745081,10.3925876286703
5.35131420607305,7.13163509786673,7.13335061438721,5.07107144278231,5.02172042522579,7.72968574092558,7.74429900812005,7.12697974606478,3.34992673263477,0.988296690971928,3.63058523822769,3.45384391060498,8.4100356991517,7.28513127464321,9.28810771935276,2.6872484950314,4.65941766443041,0.763476442802801,6.83804531312029,2.93619151548878,8.87246064544465,5.39462677317613,1.62282657657216,0,9.10484267077114,8.11724487167459,2.90796967670364,10.6883619605986,10.7917737216226,10.3295133733405
5.9202705668516,3.13485174527233,3.11357860838205,6.29443855498513,6.79171674407997,2.50951551366509,2.37121385526963,2.177183180856,6.42666736359423,8.98701116333284,8.1064546036154,8.38328801306776,6.22281594130626,1.81972596747946,2.74324083702373,7.43350806654198,5.51487484798573,8.35936725870976,2.30286846920251,9.20087607242185,6.32764506338194,5.23663372237205,10.1011725211665,9.10484267077114,0,7.24904409721419,10.0026569358895,4.14691194878049,5.51811961078809,6.15123124339596
3.04498973342526,4.30727669515966,4.33090493284946,3.16629691409529,3.10397956104037,4.77977859341606,4.92679807647251,5.65030923279504,8.19167854220614,7.28472781197135,4.65905426487247,4.93830621558751,1.18822288606989,6.48370752103463,4.96446820721396,8.72413437234354,8.50787788765034,7.77964250226148,6.69322937722927,5.88613466709946,1.42741800676473,8.92791586537614,7.84307579537784,8.11724487167459,7.24904409721419,0,6.63702120501621,5.0484297399124,4.04269819155087,3.04949311683209
4.6992797640664,7.32070398708834,7.33154882915079,4.2959928276012,3.96819780685754,8.0217792893173,8.08857348053735,7.83606968965076,5.66253309835902,2.00288299542836,2.17462446659854,1.8521245489162,7.30183680923663,8.27810078362807,9.35535657674026,5.32212591757614,6.85758118703522,3.26477652545604,7.98482086043983,0.855700962882776,7.7481381279158,7.59851700768813,1.58140263776464,2.90796967670364,10.0026569358895,6.63702120501621,0,10.429231636075,10.1063799575622,9.38649934229955
5.73174291638045,3.63787040065377,3.64237889149934,6.13324524201847,6.48877449842562,3.2207352224393,3.28041300650619,4.30482365711151,9.04391588704767,10.1937939629266,8.25788949754751,8.58028689950867,3.86861328929409,4.83617730453265,1.6748064619914,9.94929760049078,8.59308574361635,10.0671697988276,5.37601761147344,9.57550027892768,3.6611611366417,8.59672393527987,11.1273022951429,10.6883619605986,4.14691194878049,5.0484297399124,10.429231636075,0,1.56405590493514,2.55209155331487
5.53178578753621,4.18990953144092,4.20262577673223,5.89137266230336,6.14841575847109,4.01650689931874,4.121135960594,5.19754433446706,9.61048252228518,10.1751764974502,7.94567239881398,8.264701444912,2.96619795869212,5.86987125808987,2.81022847087966,10.4387633793652,9.35508668750052,10.2435172587293,6.35698560814233,9.27202344299389,2.6198156861986,9.46920053858183,11.0026239745081,10.7917737216226,5.51811961078809,4.04269819155087,10.1063799575622,1.56405590493514,0,1.10997582265005
4.98547034415569,4.25550655750041,4.2729581864789,5.30314267486112,5.48780078971106,4.26849435878457,4.39647979448029,5.44488298918011,9.48843101120844,9.64100140087033,7.26109447030862,7.57273175483429,2.09550893595484,6.19863670418613,3.41243372966566,10.2482009801,9.385325065102,9.83660056329549,6.62760782522664,8.57302349935502,1.67754450120514,9.58512444942618,10.3925876286703,10.3295133733405,6.15123124339596,3.04949311683209,9.38649934229955,2.55209155331487,1.10997582265005,0
