0,3.12394149973397,3.15277193892398,0.428658079587819,2.92544726214656,4.06854561404028,4.17140037859541,4.670569298187,10.1836855019992,10.8753467841189,10.4270042944409,10.502958607391,6.25045483256027,5.81188645355997,6.19439116499008,11.0781719712429,11.1286445280742,11.0535597845361,6.01844110817988,11.2632142392041,7.06320406901373,11.8915226430287,12.3141568610097,11.8894202237259,6.87370223332556,5.88533437232636,12.0173342492179,8.00128485797308,9.71794096914318,10.2769508483906
3.12394149973397,0,0.383204832566362,3.44871619767427,4.20309922622034,1.40586350533918,1.50871826989431,2.0078871894859,10.0519602952366,10.7436215773564,10.2952790876784,10.3712334006285,4.56043180299403,3.14920434485887,4.50436813542385,10.9464467644804,10.9969193213116,10.9218345777735,3.35575899947877,11.1314890324415,5.37318103944749,11.7597974362662,12.1824316542472,11.7576950169634,4.21102012462445,7.16298633640014,11.8856090424554,6.31126182840685,8.02791793957694,8.58692781882439
3.15277193892398,0.383204832566362,0,3.47754663686427,4.23192966541034,1.43469394452919,1.53754870908431,2.03671762867591,10.0807907344266,10.7724520165464,10.3241095268684,10.4000638398185,4.58926224218404,3.17803478404888,4.53319857461385,10.9752772036704,11.0257497605016,10.9506650169635,3.38458943866878,11.1603194716315,5.4020114786375,11.7886278754562,12.2112620934372,11.7865254561534,4.23985056381446,7.19181677559014,11.9144394816454,6.34009226759685,8.05674837876695,8.6157582580144
0.428658079587819,3.44871619767427,3.47754663686427,0,3.25022196008685,4.39332031198057,4.4961750765357,4.99534399612729,10.5084601999394,11.2001214820592,10.7517789923812,10.8277333053313,6.57522953050056,6.13666115150027,6.51916586293037,11.4029466691832,11.4534192260144,11.3783344824764,6.34321580612017,11.5879889371444,7.38797876695402,12.216297340969,12.63893155895,12.2141949216662,7.19847693126585,6.21010907026665,12.3421089471582,8.32605955591337,10.0427156670835,10.6017255463309
2.92544726214656,4.20309922622034,4.23192966541034,3.25022196008685,0,5.14770334052665,5.25055810508177,5.74972702467337,11.2628432284855,11.9545045106053,11.5061620209273,11.5821163338774,7.32961255904663,6.89104418004634,7.27354889147645,12.1573296977293,12.2078022545605,12.1327175110224,7.09759883466624,12.3423719656904,8.1423617955001,12.9706803695151,13.3933145874961,12.9685779502123,7.95285995981192,6.24663288491616,13.0964919757043,9.08044258445945,10.7970986956295,11.356108574877
4.06854561404028,1.40586350533918,1.43469394452919,4.39332031198057,5.14770334052665,0,1.02242769423147,2.19175773779419,10.9965644095429,11.6882256916627,11.2398832019847,11.3158375149348,5.50503591730034,3.33307489316716,5.44897224973016,11.8910508787867,11.9415234356179,11.8664386920798,3.53962954778706,12.0760931467478,6.3177851537538,12.7044015505725,13.1270357685535,12.7022991312697,3.72472954896162,8.10759045070645,12.8302131567617,7.25586594271316,8.97252205388325,9.5315319331307
4.17140037859541,1.50871826989431,1.53754870908431,4.4961750765357,5.25055810508177,1.02242769423147,0,2.29461250234931,11.0994191740981,11.7910804562178,11.3427379665398,11.4186922794899,5.60789068185547,3.43592965772229,5.55182701428528,11.9939056433418,12.0443782001731,11.969293456635,3.64248431234219,12.178947911303,6.42063991830893,12.8072563151276,13.2298905331086,12.8051538958248,3.29804626626239,8.21044521526157,12.9330679213168,7.35872070726828,9.07537681843838,9.63438669768583
4.670569298187,2.0078871894859,2.03671762867591,4.99534399612729,5.74972702467337,2.19175773779419,2.29461250234931,0,11.5985880936896,12.2902493758094,11.8419068861314,11.9178611990815,6.10705960144706,1.7093608940292,6.05099593387688,12.4930745629334,12.5435471197646,12.4684623762266,1.9159155486491,12.6781168308946,6.91980883790052,13.3064252347192,13.7290594527002,13.3043228154164,4.99691435707946,8.70961413485317,13.4322368409084,7.85788962685988,9.57454573802997,10.1335556172774
10.1836855019992,10.0519602952366,10.0807907344266,10.5084601999394,11.2628432284855,10.9965644095429,11.0994191740981,11.5985880936896,0,7.23815456798213,6.78981207830411,6.8657663912542,13.1784736280629,12.7399052490626,13.1224099604927,2.12800415643544,3.43007055980161,7.41636756839925,12.9464599036825,7.62602202306727,13.9912228645164,4.19294867475616,8.67696464487293,8.25222800758909,13.8017210288282,14.2227303386653,8.38014203308108,14.9293036534757,16.6459597646458,17.2049696438933
10.8753467841189,10.7436215773564,10.7724520165464,11.2001214820592,11.9545045106053,11.6882256916627,11.7910804562178,12.2902493758094,7.23815456798213,0,4.5463230874813,4.62227740043139,13.8701349101827,13.4315665311824,13.8140712426125,8.13264103722592,8.18311359405713,3.84717547834333,13.6381211858023,5.38253303224445,14.6828841466362,8.94599170901169,1.7319401187478,4.68303591753316,14.493382310948,14.9143916207851,6.13665304225827,15.6209649355955,17.3376210467656,17.8966309260131
10.4270042944409,10.2952790876784,10.3241095268684,10.7517789923812,11.5061620209273,11.2398832019847,11.3427379665398,11.8419068861314,6.78981207830411,4.5463230874813,0,0.96944855962957,13.4217924205047,12.9832240415044,13.3657287529345,7.6842985475479,7.73477110437912,4.72453608789842,13.1897786961243,3.97352932048328,14.2345416569581,8.49764921933367,5.98513316437209,5.56039652708826,14.04503982127,14.4660491311071,4.7276493304971,15.1726224459175,16.8892785570876,17.448288436335
10.502958607391,10.3712334006285,10.4000638398185,10.8277333053313,11.5821163338774,11.3158375149348,11.4186922794899,11.9178611990815,6.8657663912542,4.62227740043139,0.96944855962957,0,13.4977467334548,13.0591783544545,13.4416830658846,7.760252860498,7.81072541732921,4.80049040084852,13.2657330090744,4.04948363343338,14.3104959699082,8.57360353228377,6.06108747732219,5.63635084003835,14.1209941342201,14.5420034440572,4.80360364344719,15.2485767588676,16.9652328700377,17.5242427492851
6.25045483256027,4.56043180299403,4.58926224218404,6.57522953050056,7.32961255904663,5.50503591730034,5.60789068185547,6.10705960144706,13.1784736280629,13.8701349101827,13.4217924205047,13.4977467334548,0,7.24837675682003,6.63700344041075,14.0729600973067,14.1234326541379,14.0483479105998,7.45493141143993,14.2580023652678,0.921577494838063,14.8863107690925,15.3089449870735,14.8842083497897,8.31019253658562,10.2894996692264,15.0121223752816,8.44389713339375,10.1605532445638,10.7195631238113
5.81188645355997,3.14920434485887,3.17803478404888,6.13666115150027,6.89104418004634,3.33307489316716,3.43592965772229,1.7093608940292,12.7399052490626,13.4315665311824,12.9832240415044,13.0591783544545,7.24837675682003,0,7.19231308924985,13.6343917183064,13.6848642751376,13.6097795315995,2.01064868687362,13.8194339862675,8.0611259932735,14.4477423900922,14.8703766080732,14.4456399707894,6.13823151245243,9.85093129022614,14.5735539962814,8.99920678223285,10.7158628934029,11.2748727726504
6.19439116499008,4.50436813542385,4.53319857461385,6.51916586293037,7.27354889147645,5.44897224973016,5.55182701428528,6.05099593387688,13.1224099604927,13.8140712426125,13.3657287529345,13.4416830658846,6.63700344041075,7.19231308924985,0,14.0168964297365,14.0673689865677,13.9922842430296,7.39886774386975,14.2019386976976,7.44975267686421,14.8302471015223,15.2528813195033,14.8281446822195,8.25412886901543,10.2334360016562,14.9560587077115,2.69016408127248,5.63987644527591,6.19888632452336
11.0781719712429,10.9464467644804,10.9752772036704,11.4029466691832,12.1573296977293,11.8910508787867,11.9939056433418,12.4930745629334,2.12800415643544,8.13264103722592,7.6842985475479,7.760252860498,14.0729600973067,13.6343917183064,14.0168964297365,0,4.32455702904539,8.31085403764304,13.8409463729263,8.52050849231106,14.8857093337602,5.08743514399995,9.57145111411672,9.14671447683288,14.696207498072,15.1172168079091,9.27462850232487,15.8237901227195,17.5404462338896,18.0994561131371
11.1286445280742,10.9969193213116,11.0257497605016,11.4534192260144,12.2078022545605,11.9415234356179,12.0443782001731,12.5435471197646,3.43007055980161,8.18311359405713,7.73477110437912,7.81072541732921,14.1234326541379,13.6848642751376,14.0673689865677,4.32455702904539,0,8.36132659447426,13.8914189297575,8.57098104914227,14.9361818905914,1.25096130424293,9.62192367094793,9.19718703366409,14.7466800549032,15.1676893647403,9.32510105915609,15.8742626795507,17.5909187907208,18.1499286699683
11.0535597845361,10.9218345777735,10.9506650169635,11.3783344824764,12.1327175110224,11.8664386920798,11.969293456635,12.4684623762266,7.41636756839925,3.84717547834333,4.72453608789842,4.80049040084852,14.0483479105998,13.6097795315995,13.9922842430296,8.31085403764304,8.36132659447426,0,13.8163341862194,5.56074603266158,14.8610971470533,9.12420470942882,5.28598555523412,1.67844083854746,14.6715953113651,15.0926046212022,6.31486604267539,15.7991779360126,17.5158340471827,18.0748439264302
6.01844110817988,3.35575899947877,3.38458943866878,6.34321580612017,7.09759883466624,3.53962954778706,3.64248431234219,1.9159155486491,12.9464599036825,13.6381211858023,13.1897786961243,13.2657330090744,7.45493141143993,2.01064868687362,7.39886774386975,13.8409463729263,13.8914189297575,13.8163341862194,0,14.0259886408874,8.2676806478934,14.6542970447121,15.0769312626931,14.6521946254093,6.34478616707233,10.057485944846,14.7801086509013,9.20576143685275,10.9224175480228,11.4814274272703
11.2632142392041,11.1314890324415,11.1603194716315,11.5879889371444,12.3423719656904,12.0760931467478,12.178947911303,12.6781168308946,7.62602202306727,5.38253303224445,3.97352932048328,4.04948363343338,14.2580023652678,13.8194339862675,14.2019386976976,8.52050849231106,8.57098104914227,5.56074603266158,14.0259886408874,0,15.0707516017213,9.33385916409683,6.82134310913525,6.39660647185141,14.8812497660331,15.3022590758702,1.84747097871063,16.0088323906806,17.7254885018507,18.2844983810982
7.06320406901373,5.37318103944749,5.4020114786375,7.38797876695402,8.1423617955001,6.3177851537538,6.42063991830893,6.91980883790052,13.9912228645164,14.6828841466362,14.2345416569581,14.3104959699082,0.921577494838063,8.0611259932735,7.44975267686421,14.8857093337602,14.9361818905914,14.8610971470533,8.2676806478934,15.0707516017213,0,15.6990600055459,16.121694223527,15.6969575862431,9.12294177303908,11.1022489056799,15.8248716117351,9.25664636984721,10.9733024810173,11.5323123602648
11.8915226430287,11.7597974362662,11.7886278754562,12.216297340969,12.9706803695151,12.7044015505725,12.8072563151276,13.3064252347192,4.19294867475616,8.94599170901169,8.49764921933367,8.57360353228377,14.8863107690925,14.4477423900922,14.8302471015223,5.08743514399995,1.25096130424293,9.12420470942882,14.6542970447121,9.33385916409683,15.6990600055459,0,10.3848017859025,9.96006514861865,15.5095581698578,15.9305674796949,10.0879791741106,16.6371407945053,18.3537969056754,18.9128067849228
12.3141568610097,12.1824316542472,12.2112620934372,12.63893155895,13.3933145874961,13.1270357685535,13.2298905331086,13.7290594527002,8.67696464487293,1.7319401187478,5.98513316437209,6.06108747732219,15.3089449870735,14.8703766080732,15.2528813195033,9.57145111411672,9.62192367094793,5.28598555523412,15.0769312626931,6.82134310913525,16.121694223527,10.3848017859025,0,6.12184599442396,15.9321923878388,16.3532016976759,7.57546311914906,17.0597750124863,18.7764311236564,19.3354410029039
11.8894202237259,11.7576950169634,11.7865254561534,12.2141949216662,12.9685779502123,12.7022991312697,12.8051538958248,13.3043228154164,8.25222800758909,4.68303591753316,5.56039652708826,5.63635084003835,14.8842083497897,14.4456399707894,14.8281446822195,9.14671447683288,9.19718703366409,1.67844083854746,14.6521946254093,6.39660647185141,15.6969575862431,9.96006514861865,6.12184599442396,0,15.5074557505549,15.9284650603921,7.15072648186523,16.6350383752025,18.3516944863726,18.91070436562
6.87370223332556,4.21102012462445,4.23985056381446,7.19847693126585,7.95285995981192,3.72472954896162,3.29804626626239,4.99691435707946,13.8017210288282,14.493382310948,14.04503982127,14.1209941342201,8.31019253658562,6.13823151245243,8.25412886901543,14.696207498072,14.7466800549032,14.6715953113651,6.34478616707233,14.8812497660331,9.12294177303908,15.5095581698578,15.9321923878388,15.5074557505549,0,10.9127470699917,15.6353697760469,10.0610225619984,11.7776786731685,12.336688552416
5.88533437232636,7.16298633640014,7.19181677559014,6.21010907026665,6.24663288491616,8.10759045070645,8.21044521526157,8.70961413485317,14.2227303386653,14.9143916207851,14.4660491311071,14.5420034440572,10.2894996692264,9.85093129022614,10.2334360016562,15.1172168079091,15.1676893647403,15.0926046212022,10.057485944846,15.3022590758702,11.1022489056799,15.9305674796949,16.3532016976759,15.9284650603921,10.9127470699917,0,16.056379085884,12.0403296946392,13.7569858058093,14.3159956850568
12.0173342492179,11.8856090424554,11.9144394816454,12.3421089471582,13.0964919757043,12.8302131567617,12.9330679213168,13.4322368409084,8.38014203308108,6.13665304225827,4.7276493304971,4.80360364344719,15.0121223752816,14.5735539962814,14.9560587077115,9.27462850232487,9.32510105915609,6.31486604267539,14.7801086509013,1.84747097871063,15.8248716117351,10.0879791741106,7.57546311914906,7.15072648186523,15.6353697760469,16.056379085884,0,16.7629524006945,18.4796085118646,19.038618391112
8.00128485797308,6.31126182840685,6.34009226759685,8.32605955591337,9.08044258445945,7.25586594271316,7.35872070726828,7.85788962685988,14.9293036534757,15.6209649355955,15.1726224459175,15.2485767588676,8.44389713339375,8.99920678223285,2.69016408127248,15.8237901227195,15.8742626795507,15.7991779360126,9.20576143685275,16.0088323906806,9.25664636984721,16.6371407945053,17.0597750124863,16.6350383752025,10.0610225619984,12.0403296946392,16.7629524006945,0,7.44677013825891,8.00578001750636
9.71794096914318,8.02791793957694,8.05674837876695,10.0427156670835,10.7970986956295,8.97252205388325,9.07537681843838,9.57454573802997,16.6459597646458,17.3376210467656,16.8892785570876,16.9652328700377,10.1605532445638,10.7158628934029,5.63987644527591,17.5404462338896,17.5909187907208,17.5158340471827,10.9224175480228,17.7254885018507,10.9733024810173,18.3537969056754,18.7764311236564,18.3516944863726,11.7776786731685,13.7569858058093,18.4796085118646,7.44677013825891,0,1.53022215107729
10.2769508483906,8.58692781882439,8.6157582580144,10.6017255463309,11.356108574877,9.5315319331307,9.63438669768583,10.1335556172774,17.2049696438933,17.8966309260131,17.448288436335,17.5242427492851,10.7195631238113,11.2748727726504,6.19888632452336,18.0994561131371,18.1499286699683,18.0748439264302,11.4814274272703,18.2844983810982,11.5323123602648,18.9128067849228,19.3354410029039,18.91070436562,12.336688552416,14.3159956850568,19.038618391112,8.00578001750636,1.53022215107729,0
