1.73726004436473,0.000134686454440036,1.6147141271219,1.73537193258606,1.12195716546581,0.000322982583494724,0.00359453308276869,0.00448858011808095,0.0973820027596686,0.873241441061238,0.104755267253616,0.00651276402160628,0.118780146252143,0.000967189858159134,0.103111999465402,0.0584447627385161,0.316902899083006,0.022282415676171,0.385556026117195,0.300072947586491,0.293348424085495,0.334699895736897,0.310232714410775,0.245390886073626,0.815013367619702,0.754947941888948,0.134938381076593,0.908240316936785,1.15029535180974,1.06407787186939
0.000134686454440036,2.14118034272289,0.0400142876002376,8.03995227545151e-05,0.216679692002698,2.13301530396121,2.08271781448896,2.09924449473967,1.33232545442369,0.486262739376891,1.80835528659199,2.12612717391183,1.79686229683623,2.14023694132012,1.83435880123874,1.93401524619045,1.38767725043331,2.06303862814563,1.24206228844774,1.46112339903482,1.47744246261287,1.47038498563212,1.51562907887812,1.63228646459277,0.578478724405529,0.672293649021514,1.85294155416971,0.503992448519878,0.275004355055961,0.416609172531041
1.6147141271219,0.0400142876002376,2.73728750721049,2.22271588357339,1.80431929932666,0.0322631633223702,0.0662377041413023,0.0727953008739397,0.270038900394529,1.56353031792874,0.0247430647568119,0.0994114725606985,0.0324963828305918,0.0685137208951647,0.0232460011697766,0.00378750389180427,0.195547762681673,0.00256885576354593,0.263038139292835,0.179149740211602,0.172773967341112,0.212195109875758,0.188210759770893,0.127819418804592,0.734970824987937,0.667587260733503,0.0398530084172286,0.851057441528929,1.14872444600625,1.06831949999158
1.73537193258606,8.03995227545151e-05,2.22271588357339,2.74949568666171,1.37985185662433,0.00192723002045181,0.00203068488188984,0.00279205285227979,0.105919016167882,1.11156937840855,0.162317752527625,0.00462951421192237,0.184543785172655,9.83397539378039e-05,0.161488085973452,0.0942280024654734,0.471772703167018,0.0404369831180151,0.566720094124882,0.453231790497756,0.443983741683151,0.515163267574953,0.479331322633806,0.382931204828905,1.15386392531143,1.07967961829132,0.218487607404203,1.29499745685219,1.62359743861449,1.5572101343486
1.12195716546581,0.216679692002698,1.80431929932666,1.37985185662433,2.25878499630065,0.213937007830654,0.273716353035345,0.291537781130913,0.563925141174127,1.98862210827918,0.0302698084780699,0.374967426081025,0.0247648264505185,0.322124512707147,0.0335443232533494,0.0689324541857101,0.00819555248148518,0.139532568415026,0.0263714575010514,0.00428456402124988,0.00330594191624689,0.00788995777258528,0.00390361282532226,0.000114704015500067,0.265092817806048,0.220317657327718,0.0265254827615502,0.332242903989265,0.540067010998046,0.456368400629187
0.000322982583494724,2.13301530396121,0.0322631633223702,0.00192723002045181,0.213937007830654,2.75071411629998,2.20930006077012,2.35381620123728,1.38127688990668,0.510222755228726,2.31028877892695,2.69417348571848,2.30468646589117,2.73790121242262,2.35496883367899,2.48209441465365,1.76676541413701,2.66826323459973,1.57335526665823,1.87403687576975,1.89643238835104,1.90477960019288,1.96459591195692,2.11745254400582,0.730601430429695,0.850136015569606,2.40873568549637,0.641949091207303,0.357315276335193,0.541583655895486
0.00359453308276869,2.08271781448896,0.0662377041413023,0.00203068488188984,0.273716353035345,2.20930006077012,2.27926839409788,2.27825129320743,1.4493587739818,0.580167448551526,1.8081483977342,2.27860247891018,1.79833150698903,2.27461296468998,1.84151257185208,1.95568787875893,1.34881565580044,2.12789175658082,1.19430364528563,1.42980010181095,1.4476710415676,1.44400094112896,1.49356414028132,1.62259986461638,0.522092187683032,0.614342059179326,1.87649833294246,0.449107466620057,0.230388749411946,0.363683851659537
0.00448858011808095,2.09924449473967,0.0727953008739397,0.00279205285227979,0.291537781130913,2.35381620123728,2.27825129320743,2.47378519438901,1.4927621192137,0.617554795882711,1.92076557170986,2.47358574831693,1.91325864026363,2.46617242700547,1.96114372240236,2.08546738129788,1.42208785050176,2.28805733581865,1.25414085449487,1.5130481875828,1.53279656255587,1.53385243466142,1.58821934712977,1.72981055315225,0.538969107420241,0.636460896169907,2.01211854579739,0.463048195573676,0.234857167321656,0.374852498846487
0.0973820027596686,1.33232545442369,0.270038900394529,0.105919016167882,0.563925141174127,1.38127688990668,1.4493587739818,1.4927621192137,1.80964880784133,0.934031371524545,1.00021497308451,1.61985092306567,0.988487670914371,1.567318277572,1.02551921041468,1.1296918090674,0.642380683591242,1.30713836327351,0.539619656035214,0.693858480341534,0.706340083864307,0.693892638604143,0.730569480628338,0.830875425676767,0.148610186356463,0.193384472803272,1.04888935776918,0.110715137040315,0.0252000048615364,0.0673648994454106
0.873241441061238,0.486262739376891,1.56353031792874,1.11156937840855,1.98862210827918,0.510222755228726,0.580167448551526,0.617554795882711,0.934031371524545,2.87726019966336,0.193046106355649,0.817570705753214,0.181724357945549,0.744033799499551,0.205680926715338,0.283412405874118,0.0256710827166149,0.431850085688907,0.00631623462447983,0.0371220322893473,0.0407420105732079,0.0312283989186888,0.0424579768994153,0.0819489531290101,0.0987858168081375,0.0684576442725469,0.206323360000479,0.144835885871445,0.312662392729022,0.236213265579903
0.104755267253616,1.80835528659199,0.0247430647568119,0.162317752527625,0.0302698084780699,2.31028877892695,1.8081483977342,1.92076557170986,1.00021497308451,0.193046106355649,4.28958540329691,2.79924883949642,4.27739889348522,3.10176554225382,4.28789433916333,3.92933162574794,3.50588277212277,3.76702278969054,3.15473189337512,3.73648803496696,3.7748855273271,3.8383267109711,3.91823784843044,4.09641868094878,1.68810644833687,1.91832719976054,4.28580850847979,1.56178681201916,1.02897141687083,1.45144285766778
0.00651276402160628,2.12612717391183,0.0994114725606985,0.00462951421192237,0.374967426081025,2.69417348571848,2.27860247891018,2.47358574831693,1.61985092306567,0.817570705753214,2.79924883949642,4.41999734328321,2.85447450278578,4.33376830329172,2.93618075525434,3.06992329049767,2.05068019133863,3.64257409888055,1.76970811291864,2.24665459529514,2.28455855281277,2.37148167492932,2.47178666486757,2.73099663738775,0.711846703760568,0.853763838862723,3.3072628522097,0.613930520086411,0.302723467459916,0.506902962644056
0.118780146252143,1.79686229683623,0.0324963828305918,0.184543785172655,0.0247648264505185,2.30468646589117,1.79833150698903,1.91325864026363,0.988487670914371,0.181724357945549,4.27739889348522,2.85447450278578,4.67541689134208,3.18500971233115,4.56352319220251,3.97757438344764,3.74828555019823,3.89241676721684,3.35581361274267,4.03883511254499,4.08538849954719,4.19073206500367,4.28217846355583,4.48340918639133,1.79486633077408,2.04151749848603,4.67523154143428,1.66696516435101,1.10360578202473,1.5625839947822
0.000967189858159134,2.14023694132012,0.0685137208951647,9.83397539378039e-05,0.322124512707147,2.73790121242262,2.27461296468998,2.46617242700547,1.567318277572,0.744033799499551,3.10176554225382,4.33376830329172,3.18500971233115,4.82977707584031,3.27041112919168,3.37411022588257,2.32553391949443,4.03111310525254,2.01375963064279,2.55483137596572,2.59778628214832,2.71975957022522,2.83143178968001,3.11714951447232,0.844603061830385,1.0051755996972,3.75522401823568,0.738604561529017,0.384541194385658,0.626122162690273
0.103111999465402,1.83435880123874,0.0232460011697766,0.161488085973452,0.0335443232533494,2.35496883367899,1.84151257185208,1.96114372240236,1.02551921041468,0.205680926715338,4.28789433916333,2.93618075525434,4.56352319220251,3.27041112919168,4.64995153258638,4.0502691707785,3.64161649425457,3.97880819517507,3.2564489716673,3.92694455774057,3.97357077924109,4.08501808225224,4.18020765789661,4.3955036286357,1.72353694824961,1.96378084044813,4.64234127529335,1.59614957763062,1.04679326708949,1.4890618515619
0.0584447627385161,1.93401524619045,0.00378750389180427,0.0942280024654734,0.0689324541857101,2.48209441465365,1.95568787875893,2.08546738129788,1.1296918090674,0.283412405874118,3.92933162574794,3.06992329049767,3.97757438344764,3.37411022588257,4.0502691707785,4.2026077828134,3.15181231506438,4.00610548196354,2.81924790193962,3.37690703195675,3.4163809862123,3.49495472979484,3.58435004406245,3.79701482657048,1.44981875390965,1.65876860379349,4.12139359316252,1.32744721342391,0.843353730772479,1.21232323387893
0.316902899083006,1.38767725043331,0.195547762681673,0.471772703167018,0.00819555248148518,1.76676541413701,1.34881565580044,1.42208785050176,0.642380683591242,0.0256710827166149,3.50588277212277,2.05068019133863,3.74828555019823,2.32553391949443,3.64161649425457,3.15181231506438,4.69098111961564,2.98728279670344,4.23000979175727,4.67242873687391,4.66275285241737,4.69059978313061,4.68111674407673,4.59638420600856,2.47305220635118,2.77477193851495,4.27234256159972,2.35127771026661,1.67468979639634,2.28776920252764
0.022282415676171,2.06303862814563,0.00256885576354593,0.0404369831180151,0.139532568415026,2.66826323459973,2.12789175658082,2.28805733581865,1.30713836327351,0.431850085688907,3.76702278969054,3.64257409888055,3.89241676721684,4.03111310525254,3.97880819517507,4.00610548196354,2.98728279670344,4.76188728097431,2.63378782696261,3.25590011410948,3.30336142350606,3.44808078108633,3.56192535293721,3.84376739589606,1.26590311495406,1.46770927305296,4.39426236400364,1.14567208828628,0.688159579067996,1.02960720974956
0.385556026117195,1.24206228844774,0.263038139292835,0.566720094124882,0.0263714575010514,1.57335526665823,1.19430364528563,1.25414085449487,0.539619656035214,0.00631623462447983,3.15473189337512,1.76970811291864,3.35581361274267,2.01375963064279,3.2564489716673,2.81924790193962,4.23000979175727,2.63378782696261,4.38937634914942,4.24257457836611,4.22886380234818,4.33619788173417,4.30148344145294,4.167093045005,2.62595361781278,2.93239920020956,3.81249218971469,2.506179373466,1.81739544889667,2.44663410095214
0.300072947586491,1.46112339903482,0.179149740211602,0.453231790497756,0.00428456402124988,1.87403687576975,1.42980010181095,1.5130481875828,0.693858480341534,0.0371220322893473,3.73648803496696,2.24665459529514,4.03883511254499,2.55483137596572,3.92694455774057,3.37690703195675,4.67242873687391,3.25590011410948,4.24257457836611,5.27679453721894,5.26255421703164,5.26978699117855,5.27640289668483,5.1974746429491,2.48081454062941,2.79320748289955,4.82349844899848,2.36301354976767,1.67088157244978,2.31446182114133
0.293348424085495,1.47744246261287,0.172773967341112,0.443983741683151,0.00330594191624689,1.89643238835104,1.4476710415676,1.53279656255587,0.706340083864307,0.0407420105732079,3.7748855273271,2.28455855281277,4.08538849954719,2.59778628214832,3.97357077924109,3.4163809862123,4.66275285241737,3.30336142350606,4.22886380234818,5.26255421703164,5.34411715258914,5.32974965205812,5.34396481781266,5.27673681429303,2.46677433285616,2.77898144350108,4.90430625258992,2.34886026307907,1.65741862584365,2.30025706715532
0.334699895736897,1.47038498563212,0.212195109875758,0.515163267574953,0.00788995777258528,1.90477960019288,1.44400094112896,1.53385243466142,0.693892638604143,0.0312283989186888,3.8383267109711,2.37148167492932,4.19073206500367,2.71975957022522,4.08501808225224,3.49495472979484,4.69059978313061,3.44808078108633,4.33619788173417,5.26978699117855,5.32974965205812,6.61281466067472,6.52161783099657,6.20268302311262,2.65538429762246,2.99116922427891,5.63755189696542,2.55488384006846,1.82094363075312,2.55879286212192
0.310232714410775,1.51562907887812,0.188210759770893,0.479331322633806,0.00390361282532226,1.96459591195692,1.49356414028132,1.58821934712977,0.730569480628338,0.0424579768994153,3.91823784843044,2.47178666486757,4.28217846355583,2.83143178968001,4.18020765789661,3.58435004406245,4.68111674407673,3.56192535293721,4.30148344145294,5.27640289668483,5.34396481781266,6.52161783099657,6.72496052264094,6.4011238072828,2.59535770799342,2.92807841031856,5.83569752459639,2.49148347178002,1.76363810997784,2.487213776765
0.245390886073626,1.63228646459277,0.127819418804592,0.382931204828905,0.000114704015500067,2.11745254400582,1.62259986461638,1.72981055315225,0.830875425676767,0.0819489531290101,4.09641868094878,2.73099663738775,4.48340918639133,3.11714951447232,4.3955036286357,3.79701482657048,4.59638420600856,3.84376739589606,4.167093045005,5.1974746429491,5.27673681429303,6.20268302311262,6.4011238072828,6.85119902080545,2.41454431448733,2.73598699949402,6.28563395922421,2.30144434910822,1.59625221095737,2.27202472919163
0.815013367619702,0.578478724405529,0.734970824987937,1.15386392531143,0.265092817806048,0.730601430429695,0.522092187683032,0.538969107420241,0.148610186356463,0.0987858168081375,1.68810644833687,0.711846703760568,1.79486633077408,0.844603061830385,1.72353694824961,1.44981875390965,2.47305220635118,1.26590311495406,2.62595361781278,2.48081454062941,2.46677433285616,2.65538429762246,2.59535770799342,2.41454431448733,3.43191796899832,3.35529518841766,2.05797439118203,3.30362845411797,2.5940007495964,3.19408324181735
0.754947941888948,0.672293649021514,0.667587260733503,1.07967961829132,0.220317657327718,0.850136015569606,0.614342059179326,0.636460896169907,0.193384472803272,0.0684576442725469,1.91832719976054,0.853763838862723,2.04151749848603,1.0051755996972,1.96378084044813,1.65876860379349,2.77477193851495,1.46770927305296,2.93239920020956,2.79320748289955,2.77898144350108,2.99116922427891,2.92807841031856,2.73598699949402,3.35529518841766,3.7053033633885,2.35613456892358,3.2687020983726,2.52194636645205,3.21459837134542
0.134938381076593,1.85294155416971,0.0398530084172286,0.218487607404203,0.0265254827615502,2.40873568549637,1.87649833294246,2.01211854579739,1.04888935776918,0.206323360000479,4.28580850847979,3.3072628522097,4.67523154143428,3.75522401823568,4.64234127529335,4.12139359316252,4.27234256159972,4.39426236400364,3.81249218971469,4.82349844899848,4.90430625258992,5.63755189696542,5.83569752459639,6.28563395922421,2.05797439118203,2.35613456892358,7.49221089929188,1.934383818515,1.27905555810172,1.8698912429443
0.908240316936785,0.503992448519878,0.851057441528929,1.29499745685219,0.332242903989265,0.641949091207303,0.449107466620057,0.463048195573676,0.110715137040315,0.144835885871445,1.56178681201916,0.613930520086411,1.66696516435101,0.738604561529017,1.59614957763062,1.32744721342391,2.35127771026661,1.14567208828628,2.506179373466,2.36301354976767,2.34886026307907,2.55488384006846,2.49148347178002,2.30144434910822,3.30362845411797,3.2687020983726,1.934383818515,3.55188567797045,2.78707632792828,3.43547573581858
1.15029535180974,0.275004355055961,1.14872444600625,1.62359743861449,0.540067010998046,0.357315276335193,0.230388749411946,0.234857167321656,0.0252000048615364,0.312662392729022,1.02897141687083,0.302723467459916,1.10360578202473,0.384541194385658,1.04679326708949,0.843353730772479,1.67468979639634,0.688159579067996,1.81739544889667,1.67088157244978,1.65741862584365,1.82094363075312,1.76363810997784,1.59625221095737,2.5940007495964,2.52194636645205,1.27905555810172,2.78707632792828,3.14499078980506,3.05789947638284
1.06407787186939,0.416609172531041,1.06831949999158,1.5572101343486,0.456368400629187,0.541583655895486,0.363683851659537,0.374852498846487,0.0673648994454106,0.236213265579903,1.45144285766778,0.506902962644056,1.5625839947822,0.626122162690273,1.4890618515619,1.21232323387893,2.28776920252764,1.02960720974956,2.44663410095214,2.31446182114133,2.30025706715532,2.55879286212192,2.487213776765,2.27202472919163,3.19408324181735,3.21459837134542,1.8698912429443,3.43547573581858,3.05789947638284,4.10321184260186
