0,1.74092428358221,2.6512165829811,1.24430469179866,1.84206576984269,1.76373931377582,3.660921082901,3.11160315588548,5.85887751701575,5.82583471365912,4.41565665061509,5.9224573145703,5.4964087970826,3.34931583829054,5.76619645344566,6.05418184031512,6.26793475407869,5.9783288599069,4.30010679949909,6.36660448133767,6.64919747803239,7.30639582909121,7.61943456077834,4.62270604984385,4.36230640773674,5.91913906649744,5.23407819876061,6.76011634115312,6.61311815732719,7.82572988792466
1.74092428358221,0,0.910642099127162,2.95999864948703,1.15893216501457,1.63642917396519,4.90382522295583,4.42127881312516,6.23914870395863,7.0470024262406,5.8022945438885,6.2592387150349,6.8017876446661,4.891241237714,6.59568828175103,6.48008631980956,6.8170223553753,6.2330472215639,5.91437822249977,6.56100456445384,6.67155299538209,8.01739142834937,8.53947456451068,4.14027646566489,3.81190058473863,5.37599540426666,4.57436591335896,6.3141006134129,5.98702459835675,7.54080245330157
2.6512165829811,0.910642099127162,0,3.86341773559232,1.61711806643676,2.18508245714231,5.6753052942097,5.22199990988547,6.64150401518029,7.78299477611193,6.60884992363264,6.64115129985815,7.57108934233846,5.7529938186125,7.1841832516855,6.89716157699829,7.28181285754611,6.57746361719476,6.79197592148165,6.86809584856043,6.89131876695003,8.53350909921731,9.13964310704431,4.19554007578899,3.85074560856594,5.33273874912255,4.49822120506439,6.29469692168956,5.87339166680627,7.58007972425689
1.24430469179866,2.95999864948703,3.86341773559232,0,2.7780386121695,2.47053159273885,3.40627995383864,2.84282878890693,6.21158347910501,5.44829290004554,3.91629546584378,6.30267947237729,5.03860996615135,2.7025852004779,5.77112604384522,6.36519904870543,6.47793554759489,6.41207202784175,3.46070716917765,6.82429608712917,7.20639658187098,7.34956753685988,7.4742262081756,5.5321208340399,5.31347263967975,6.80811028762982,6.19671868897322,7.5781121527345,7.52301098660563,8.5317878573066
1.84206576984269,1.15893216501457,1.61711806643676,2.7780386121695,0,0.571066200050989,5.45702120977909,4.92264703414106,7.22282700451024,7.62816736654244,6.25067129882378,7.25705859992504,7.31949649501203,5.18893680144328,7.40224251141998,7.45055399703955,7.74577689102067,7.25546295410965,6.11568643670066,7.60285934119897,7.75625415820487,8.88770758068782,9.31138288574096,5.28728205717752,4.96278218697721,6.53196065119509,5.73294055557111,7.46624668851792,7.14590532266024,8.68083943403185
1.76373931377582,1.63642917396519,2.18508245714231,2.47053159273885,0.571066200050989,0,5.42366238566692,4.87142704666507,7.43973281281792,7.58560411540503,6.1513932997557,7.48509312253618,7.24530169114905,5.03027785557308,7.49390711028509,7.65581041894243,7.91803032199882,7.50403664473894,5.89752508715419,7.86692686461812,8.06186231804658,9.01265611678076,9.36978442405763,5.68780027752406,5.37337297516833,6.95357882173573,6.17146745702764,7.87326090328759,7.58706840231756,9.05844553346025
3.660921082901,4.90382522295583,5.6753052942097,3.40627995383864,5.45702120977909,5.42366238566692,0,0.567702539671042,3.38466304982625,2.17116004099541,1.01768905373619,3.52167273737062,1.89855220244409,1.21953993173732,2.44668434122844,3.43810528023134,3.36736906035728,3.73343176888778,1.98058416187409,4.14874618212805,4.71979957834072,4.01318102828249,4.06802289352529,4.43415713595135,4.43225963755074,5.36857118796994,5.14847946296022,5.78443126474816,6.05515754868979,6.30321851291612
3.11160315588548,4.42127881312516,5.22199990988547,2.84282878890693,4.92264703414106,4.87142704666507,0.567702539671042,0,3.74599458989993,2.7143870732959,1.38699263223706,3.87179329866131,2.40026112105664,0.980889206926422,2.96789458142143,3.83091743838328,3.8175135918701,4.05784841555631,1.97466660572156,4.47953718054543,5.00938406426694,4.54386131082804,4.63309839387411,4.39466108512655,4.34846732402696,5.42716719126565,5.12101977130691,5.92739992437077,6.13311979454475,6.55095872683421
5.85887751701575,6.23914870395863,6.64150401518029,6.21158347910501,7.22282700451024,7.43973281281792,3.38466304982625,3.74599458989993,0,3.44658319469959,3.9214479137406,0.160545627522793,3.75643499261304,4.6037512507949,1.68801204941654,0.275659374140936,0.805057237563451,0.44927996458257,5.22655339730013,0.795813587565396,1.451389411243,2.11984454412563,3.10636269496974,3.06129343886788,3.32339953623106,3.13017163636065,3.46431669194757,3.02551904471376,3.58705443964873,3.08285112650351
5.82583471365912,7.0470024262406,7.78299477611193,5.44829290004554,7.62816736654244,7.58560411540503,2.17116004099541,2.7143870732959,3.44658319469959,0,1.56599243874374,3.60656095960701,0.526497697517228,2.81198892401219,1.77799384674387,3.32542208102026,2.93172296615909,3.89470836369415,2.6699816261297,4.20692290347755,4.88382982402158,2.77415397556936,2.28704182088502,5.74429175017887,5.85607732584919,6.32217751969734,6.37372383194613,6.42343882132479,6.89971935889975,6.49872151902418
4.41565665061509,5.8022945438885,6.60884992363264,3.91629546584378,6.25067129882378,6.1513932997557,1.01768905373619,1.38699263223706,3.9214479137406,1.56599243874374,0,4.07402579346667,1.12276292923879,1.24704617307566,2.5925823242889,3.90837659571154,3.70020212263533,4.32399314423061,1.33741308509917,4.71531859262047,5.34181513444705,4.01615676578555,3.78047941303917,5.3930965231507,5.41289404821827,6.25300932221977,6.09598140399201,6.58439143124191,6.91741397101553,6.96467564501533
5.9224573145703,6.2592387150349,6.64115129985815,6.30267947237729,7.25705859992504,7.48509312253618,3.52167273737062,3.87179329866131,0.160545627522793,3.60656095960701,4.07402579346667,0,3.91690030191462,4.73979319881314,1.84578339035396,0.369674737138203,0.916893242618837,0.291999238363929,5.37555388663201,0.641295538029594,1.29142711474394,2.20796582866213,3.22118230526847,2.98703047206533,3.25925477179368,3.00343324213679,3.36427980086611,2.87421700499988,3.44522173654437,2.92329751388567
5.4964087970826,6.8017876446661,7.57108934233846,5.03860996615135,7.31949649501203,7.24530169114905,1.89855220244409,2.40026112105664,3.75643499261304,0.526497697517228,1.12276292923879,3.91690030191462,0,2.36227701737727,2.1456808861525,3.66499406091429,3.31773767978033,4.19813306549253,2.14678077261763,4.53728260102008,5.20661233909,3.27524436401998,2.81230903487241,5.82570547454328,5.90771837633886,6.49877847215298,6.48400676639178,6.67106750469297,7.10675557825424,6.83439747014744
3.34931583829054,4.891241237714,5.7529938186125,2.7025852004779,5.18893680144328,5.03027785557308,1.21953993173732,0.980889206926422,4.6037512507949,2.81198892401219,1.24704617307566,4.73979319881314,2.36227701737727,0,3.580289287792,4.65662758439887,4.56771322408108,4.94726627958558,1.08648343509149,5.36437430528153,5.9246427177827,5.10533682428275,4.98810362889424,5.3613337611103,5.30092093194772,6.40774063297211,6.08914534093585,6.90242789336718,7.11400884366337,7.49164590110929
5.76619645344566,6.59568828175103,7.1841832516855,5.77112604384522,7.40224251141998,7.49390711028509,2.44668434122844,2.96789458142143,1.68801204941654,1.77799384674387,2.5925823242889,1.84578339035396,2.1456808861525,3.580289287792,0,1.54915069437196,1.17260601300768,2.13710496051169,3.92763942647136,2.43157620784027,3.10989660395644,1.57920336560526,1.95598879765749,4.34412922833368,4.52623486911935,4.70762667444171,4.88955984346658,4.7033346967578,5.22944446614153,4.72088780910614
6.05418184031512,6.48008631980956,6.89716157699829,6.36519904870543,7.45055399703955,7.65581041894243,3.43810528023134,3.83091743838328,0.275659374140936,3.32542208102026,3.90837659571154,0.369674737138203,3.66499406091429,4.65662758439887,1.54915069437196,0,0.547339197587723,0.641091310726816,5.22885261648964,0.882538986168303,1.56137717107983,1.84748163910955,2.85150794507434,3.33571380090642,3.59895906279876,3.37211155295364,3.72961099510475,3.21731370467855,3.80395473275362,3.17447684308814
6.26793475407869,6.8170223553753,7.28181285754611,6.47793554759489,7.74577689102067,7.91803032199882,3.36736906035728,3.8175135918701,0.805057237563451,2.93172296615909,3.70020212263533,0.916893242618837,3.31773767978033,4.56771322408108,1.17260601300768,0.547339197587723,0,1.18318424579644,5.03632369152743,1.3582890217263,2.02837170591059,1.32960778903021,2.30457397195405,3.8539893000548,4.1052377721525,3.91914180312411,4.26933848554838,3.73986917963622,4.34185886327467,3.59533526639057
5.9783288599069,6.2330472215639,6.57746361719476,6.41207202784175,7.25546295410965,7.50403664473894,3.73343176888778,4.05784841555631,0.44927996458257,3.89470836369415,4.32399314423061,0.291999238363929,4.19813306549253,4.94726627958558,2.13710496051169,0.641091310726816,1.18318424579644,0,5.61458954850613,0.422939752998949,1.02100690454059,2.43723283472664,3.47959399921802,2.80580707567621,3.09379611323784,2.74017467090898,3.13974087571762,2.58380666673057,3.16290371583466,2.65264083586597
4.30010679949909,5.91437822249977,6.79197592148165,3.46070716917765,6.11568643670066,5.89752508715419,1.98058416187409,1.97466660572156,5.22655339730013,2.6699816261297,1.33741308509917,5.37555388663201,2.14678077261763,1.08648343509149,3.92763942647136,5.22885261648964,5.03632369152743,5.61458954850613,0,6.0154893145396,6.62468525915835,5.31284830614469,4.95665342438705,6.35810015140604,6.32144591588671,7.34142251766364,7.08160245136941,7.76294157467297,8.03279228418158,8.23411631248824
6.36660448133767,6.56100456445384,6.86809584856043,6.82429608712917,7.60285934119897,7.86692686461812,4.14874618212805,4.47953718054543,0.795813587565396,4.20692290347755,4.71531859262047,0.641295538029594,4.53728260102008,5.36437430528153,2.43157620784027,0.882538986168303,1.3582890217263,0.422939752998949,6.0154893145396,0,0.679252316416184,2.47708736258409,3.57699194437159,2.95980692737389,3.27011371318845,2.70177503259552,3.20337674104474,2.39873136743116,3.03638364092501,2.29717389716598
6.64919747803239,6.67155299538209,6.89131876695003,7.20639658187098,7.75625415820487,8.06186231804658,4.71979957834072,5.00938406426694,1.451389411243,4.88382982402158,5.34181513444705,1.29142711474394,5.20661233909,5.9246427177827,3.10989660395644,1.56137717107983,2.02837170591059,1.02100690454059,6.62468525915835,0.679252316416184,0,3.06318192126466,4.18987821707064,2.797019897674,3.13333273421443,2.25968657024353,2.88837836215811,1.79284262172731,2.47740823895216,1.63252656697996
7.30639582909121,8.01739142834937,8.53350909921731,7.34956753685988,8.88770758068782,9.01265611678076,4.01318102828249,4.54386131082804,2.11984454412563,2.77415397556936,4.01615676578555,2.20796582866213,3.27524436401998,5.10533682428275,1.57920336560526,1.84748163910955,1.32960778903021,2.43723283472664,5.31284830614469,2.47708736258409,3.06318192126466,0,1.14800364734609,5.17984636506115,5.43447493180365,5.16092923268069,5.57104484153845,4.85261223640884,5.51116398817524,4.42509083622279
7.61943456077834,8.53947456451068,9.13964310704431,7.4742262081756,9.31138288574096,9.36978442405763,4.06802289352529,4.63309839387411,3.10636269496974,2.28704182088502,3.78047941303917,3.22118230526847,2.81230903487241,4.98810362889424,1.95598879765749,2.85150794507434,2.30457397195405,3.47959399921802,4.95665342438705,3.57699194437159,4.18987821707064,1.14800364734609,0,6.10957074676303,6.33404929583092,6.21974559612869,6.56433540071118,5.97057230649659,6.61112424827602,5.57292962627051
4.62270604984385,4.14027646566489,4.19554007578899,5.5321208340399,5.28728205717752,5.68780027752406,4.43415713595135,4.39466108512655,3.06129343886788,5.74429175017887,5.3930965231507,2.98703047206533,5.82570547454328,5.3613337611103,4.34412922833368,3.33571380090642,3.8539893000548,2.80580707567621,6.35810015140604,2.95980692737389,2.797019897674,5.17984636506115,6.10957074676303,0,0.346381723592802,1.29694397026046,0.728669680935649,2.18576154407568,1.99570154060204,3.40515402515798
4.36230640773674,3.81190058473863,3.85074560856594,5.31347263967975,4.96278218697721,5.37337297516833,4.43225963755074,4.34846732402696,3.32339953623106,5.85607732584919,5.41289404821827,3.25925477179368,5.90771837633886,5.30092093194772,4.52623486911935,3.59895906279876,4.1052377721525,3.09379611323784,6.32144591588671,3.27011371318845,3.13333273421443,5.43447493180365,6.33404929583092,0.346381723592802,0,1.58431507416468,0.883286832416323,2.50356917715569,2.25468859529308,3.74252286738674
5.91913906649744,5.37599540426666,5.33273874912255,6.80811028762982,6.53196065119509,6.95357882173573,5.36857118796994,5.42716719126565,3.13017163636065,6.32217751969734,6.25300932221977,3.00343324213679,6.49877847215298,6.40774063297211,4.70762667444171,3.37211155295364,3.91914180312411,2.74017467090898,7.34142251766364,2.70177503259552,2.25968657024353,5.16092923268069,6.21974559612869,1.29694397026046,1.58431507416468,0,0.840711265092538,0.965048053467202,0.724434725886735,2.28567152300274
5.23407819876061,4.57436591335896,4.49822120506439,6.19671868897322,5.73294055557111,6.17146745702764,5.14847946296022,5.12101977130691,3.46431669194757,6.37372383194613,6.09598140399201,3.36427980086611,6.48400676639178,6.08914534093585,4.88955984346658,3.72961099510475,4.26933848554838,3.13974087571762,7.08160245136941,3.20337674104474,2.88837836215811,5.57104484153845,6.56433540071118,0.728669680935649,0.883286832416323,0.840711265092538,0,1.80562420436063,1.41562924729289,3.12282912914576
6.76011634115312,6.3141006134129,6.29469692168956,7.5781121527345,7.46624668851792,7.87326090328759,5.78443126474816,5.92739992437077,3.02551904471376,6.42343882132479,6.58439143124191,2.87421700499988,6.67106750469297,6.90242789336718,4.7033346967578,3.21731370467855,3.73986917963622,2.58380666673057,7.76294157467297,2.39873136743116,1.79284262172731,4.85261223640884,5.97057230649659,2.18576154407568,2.50356917715569,0.965048053467202,1.80562420436063,0,0.73704680139117,1.33509181562364
6.61311815732719,5.98702459835675,5.87339166680627,7.52301098660563,7.14590532266024,7.58706840231756,6.05515754868979,6.13311979454475,3.58705443964873,6.89971935889975,6.91741397101553,3.44522173654437,7.10675557825424,7.11400884366337,5.22944446614153,3.80395473275362,4.34185886327467,3.16290371583466,8.03279228418158,3.03638364092501,2.47740823895216,5.51116398817524,6.61112424827602,1.99570154060204,2.25468859529308,0.724434725886735,1.41562924729289,0.73704680139117,0,1.98397391114031
7.82572988792466,7.54080245330157,7.58007972425689,8.5317878573066,8.68083943403185,9.05844553346025,6.30321851291612,6.55095872683421,3.08285112650351,6.49872151902418,6.96467564501533,2.92329751388567,6.83439747014744,7.49164590110929,4.72088780910614,3.17447684308814,3.59533526639057,2.65264083586597,8.23411631248824,2.29717389716598,1.63252656697996,4.42509083622279,5.57292962627051,3.40515402515798,3.74252286738674,2.28567152300274,3.12282912914576,1.33509181562364,1.98397391114031,0
