1.04766397925907,0.59764591271615,0.0713121130574995,0.0762853095317071,0.117007074044041,0.177414506952774,0.203072200017101,0.237914623424257,0.24740274530355,0.342481355991516,0.259631734068489,0.84819330479309,0.736382683939171,0.0510105693753604,0.0440411188813767,0.00441782241321809,0.00204014913045691,0.0434375639278839,0.0387248311050201,0.0616385246607676,0.198785663946494,0.0242706415427696,0.0211403993184449,0.00807503829690948,0.10888628509644,0.165494476879686,0.224603019196376,0.210964177230514,0.11878355917169,0.274801827717938
0.59764591271615,1.02296235000597,0.232787954486193,0.00799778479209134,0.00115091028617353,0.539078254151731,0.549085589797559,0.620413486550397,0.0188560070146111,0.0560233213286474,0.017766096420615,0.398179606616041,0.294971137526324,0.360784327362687,0.34469177789942,0.115153709694792,0.129601788708632,0.345542961573412,0.0448483415170222,0.0268110096190259,0.00290307551602087,0.0656829086116923,0.288110453586635,0.23785870962061,0.00668967566046241,0.561237613503013,0.63790534349112,0.00356490592828917,0.492412939290304,0.69612124896744
0.0713121130574995,0.232787954486193,0.439876419103015,0.185020875451297,0.160444766248248,0.438712328571962,0.428365445417756,0.427237775873525,0.0822883702363568,0.0457747097179175,0.090098296088885,0.00592737287531975,3.46281199248288e-06,0.411799188008608,0.407822904296364,0.310700905465906,0.319890053711077,0.407295690161707,0.251296472316312,0.228750986031329,0.12649918144995,0.272260673446015,0.389691569019576,0.371980761241587,0.190686197508867,0.438730301090179,0.439390854245997,0.126670034358821,0.433020571310805,0.435260072212215
0.0762853095317071,0.00799778479209134,0.185020875451297,2.22293905057266,2.1743022111844,0.461731858015667,0.286337544530616,0.32395309910046,1.65220032527945,1.31626689995157,1.88393710994681,0.534405086508511,0.795674541021691,1.37328986141584,1.41393120780429,2.01122336075054,1.97805256373548,1.44354459140002,2.17330874340201,2.20824666159082,2.10740514347052,2.13678951206645,1.62624715084025,1.74402403977855,2.22159801660196,0.961562790031602,0.770556038057166,2.12211574459131,1.13969918097166,0.619213853870455
0.117007074044041,0.00115091028617353,0.160444766248248,2.1743022111844,2.74765772526392,0.413365961562348,0.244650983118422,0.278597008067851,1.96322112974658,1.56805439345223,2.3880685850209,0.710025938460527,1.03920720380545,1.44803766198565,1.4982091225314,2.30817699488739,2.25953752723402,1.54178455475699,2.58212921415094,2.66693934639744,2.68075401085759,2.52167655829261,1.78639008787982,1.94213497653042,2.73779975086209,0.967940057870508,0.749681139782778,2.69358759360969,1.17939070293335,0.582410112495699
0.177414506952774,0.539078254151731,0.438712328571962,0.461731858015667,0.413365961562348,1.68473059323485,1.14148288305569,1.4202516854265,0.18419740235719,0.0915359740881763,0.222359742759288,0.0289844923730906,0.00181223444502532,1.49868533025901,1.47804318801463,1.04236798128407,1.08234782797583,1.48078440678958,0.803012768718065,0.727642617417651,0.346742565728759,0.89672227594407,1.40373091289612,1.3216398097699,0.592108232634907,1.66484479515244,1.68436129454924,0.362175244970201,1.62564157771063,1.67727746961584
0.203072200017101,0.549085589797559,0.428365445417756,0.286337544530616,0.244650983118422,1.14148288305569,1.16746532973075,1.16631478674797,0.0958923691385267,0.0394622526151824,0.113882790973019,0.0512127323500395,0.013198837155771,0.978991392067752,0.963047966149129,0.646932400428671,0.674350036655047,0.963922230316784,0.483562636571393,0.429785487714377,0.187849907884568,0.543732073428351,0.903099716861501,0.842125350994396,0.338438326718844,1.12287323454529,1.15360091185004,0.192704017886942,1.08311616805916,1.16595376548641
0.237914623424257,0.620413486550397,0.427237775873525,0.32395309910046,0.278597008067851,1.4202516854265,1.16631478674797,1.51632448329094,0.104032196564787,0.0404617776678267,0.126698838825325,0.0680865423528336,0.0197905702751622,1.23752608855414,1.21565698237473,0.796856189949696,0.832926082168679,1.21896463443856,0.586467886023052,0.520402296192097,0.216480663215796,0.665975508467562,1.13954310233949,1.05762443903825,0.406290978076485,1.44390127952483,1.49033519892785,0.224593228301242,1.38708915941041,1.51155307501066
0.24740274530355,0.0188560070146111,0.0822883702363568,1.65220032527945,1.96322112974658,0.18419740235719,0.0958923691385267,0.104032196564787,2.28866470682406,1.88473014128113,2.28750548897809,1.01215270519205,1.36426961664308,0.810617236008629,0.848127034756468,1.52490609053867,1.47830901389532,0.874898715346304,1.81701479285567,1.93964274889339,2.23848767550582,1.74927892112663,1.05964848001301,1.19012678016254,2.09123708217052,0.459210896770685,0.322395276364341,2.25193345916873,0.600060661427221,0.226218549188415
0.342481355991516,0.0560233213286474,0.0457747097179175,1.31626689995157,1.56805439345223,0.0915359740881763,0.0394622526151824,0.0404617776678267,1.88473014128113,2.06348950123158,1.96846477613812,1.19059697213222,1.53040935148519,0.529024114145642,0.559128780498811,1.13812034962459,1.09544515946518,0.577776171152739,1.413731115595,1.53718165913685,1.8799985984565,1.34708923775515,0.725998694306063,0.837376346502177,1.70282973637459,0.254292128137026,0.159435875577024,1.91293802603276,0.3573663575454,0.0979326452260363
0.259631734068489,0.017766096420615,0.090098296088885,1.88393710994681,2.3880685850209,0.222359742759288,0.113882790973019,0.126698838825325,2.28750548897809,1.96846477613812,3.28861298529382,1.16479680474695,1.61922148950803,1.08923397775967,1.14077287799883,2.10003983107107,2.0357368410246,1.18794613683538,2.52647264317626,2.73343482986055,3.18998994564454,2.44754971335338,1.46350436854731,1.64686597873688,2.97806978879491,0.624315633467839,0.435886993336656,3.23303302857163,0.821511859659318,0.304067751534731
0.84819330479309,0.398179606616041,0.00592737287531975,0.534405086508511,0.710025938460527,0.0289844923730906,0.0512127323500395,0.0680865423528336,1.01215270519205,1.19059697213222,1.16479680474695,2.45872112576229,2.27034541248102,0.0247152392402761,0.032497437295242,0.322969089423577,0.29252622425495,0.0351334654593192,0.54595505422343,0.665017748127178,1.06876351481694,0.48415986159301,0.0819973896257897,0.13301326727217,0.856201809109608,0.0105049648209157,0.0425165202619571,1.15812075593645,4.4183703597156e-05,0.0809254607227845
0.736382683939171,0.294971137526324,3.46281199248288e-06,0.795674541021691,1.03920720380545,0.00181223444502532,0.013198837155771,0.0197905702751622,1.36426961664308,1.53040935148519,1.61922148950803,2.27034541248102,2.89900723708724,0.119018868248423,0.136518358060875,0.60506568500902,0.562663023866935,0.144742688356343,0.906964399414072,1.07094961061637,1.54345957943194,0.833940494661253,0.240346660837597,0.327426372875806,1.31846447201988,0.00544789859554484,0.00158969550580856,1.67796001742019,0.0319135435647944,0.0161716131549436
0.0510105693753604,0.360784327362687,0.411799188008608,1.37328986141584,1.44803766198565,1.49868533025901,0.978991392067752,1.23752608855414,0.810617236008629,0.529024114145642,1.08923397775967,0.0247152392402761,0.119018868248423,5.8011582819007,5.72262395423179,4.23889353148145,4.40672290616135,5.77955017226364,3.37135127792648,3.25183984235085,1.64421322096356,3.8716814379406,5.64353218916864,5.41151977575679,2.83358480081527,4.86658311013086,4.12016271101096,1.89255626018933,5.4372632900324,3.43351910246451
0.0440411188813767,0.34469177789942,0.407822904296364,1.41393120780429,1.4982091225314,1.47804318801463,0.963047966149129,1.21565698237473,0.848127034756468,0.559128780498811,1.14077287799883,0.032497437295242,0.136518358060875,5.72262395423179,5.85381273205626,4.36250924809938,4.53295750303992,5.85320735599786,3.48191619003479,3.36520362635755,1.7150919617929,3.99478252844154,5.74575030055196,5.53232508266813,2.94168363118936,4.79163975952148,4.04226779856779,1.97699449949873,5.38991127292959,3.36195586432135
0.00441782241321809,0.115153709694792,0.310700905465906,2.01122336075054,2.30817699488739,1.04236798128407,0.646932400428671,0.796856189949696,1.52490609053867,1.13812034962459,2.10003983107107,0.322969089423577,0.60506568500902,4.23889353148145,4.36250924809938,6.50298616069423,6.41075564013491,4.64992023330402,5.43394761929883,5.41093265547977,3.02642189711149,6.13493693950199,5.50149035045844,5.85726961077438,4.93237613962423,3.3079497116131,2.65903943946447,3.58643712103047,3.94536546854567,2.13154670969429
0.00204014913045691,0.129601788708632,0.319890053711077,1.97805256373548,2.25953752723402,1.08234782797583,0.674350036655047,0.832926082168679,1.47830901389532,1.09544515946518,2.0357368410246,0.29252622425495,0.562663023866935,4.40672290616135,4.53295750303992,6.41075564013491,6.6484418166482,4.84356656726469,5.34239904951923,5.33017819709314,2.94555681282702,6.09137019069288,5.73467673210676,6.09479488706189,4.84843103072092,3.47240213812005,2.79744658488732,3.4951299561619,4.13549637062862,2.24667148971082
0.0434375639278839,0.345542961573412,0.407295690161707,1.44354459140002,1.54178455475699,1.48078440678958,0.963922230316784,1.21896463443856,0.874898715346304,0.577776171152739,1.18794613683538,0.0351334654593192,0.144742688356343,5.77955017226364,5.85320735599786,4.64992023330402,4.84356656726469,6.53016683054304,3.69516929787349,3.59687694007648,1.80016617439212,4.28760385578337,6.37775810972851,6.08924433837477,3.14967971389348,5.06045524861541,4.21004112592411,2.09862435345327,5.82119289581145,3.46845500505451
0.0387248311050201,0.0448483415170222,0.251296472316312,2.17330874340201,2.58212921415094,0.803012768718065,0.483562636571393,0.586467886023052,1.81701479285567,1.413731115595,2.52647264317626,0.54595505422343,0.906964399414072,3.37135127792648,3.48191619003479,5.43394761929883,5.34239904951923,3.69516929787349,6.15161767343547,6.01692998555212,3.58978529681946,6.07264519433615,4.4369986513633,4.78913047600642,5.60612262574108,2.48831304723152,1.95419455703175,4.27494945266247,3.02263244097225,1.53436419611419
0.0616385246607676,0.0268110096190259,0.228750986031329,2.20824666159082,2.66693934639744,0.727642617417651,0.429785487714377,0.520402296192097,1.93964274889339,1.53718165913685,2.73343482986055,0.665017748127178,1.07094961061637,3.25183984235085,3.36520362635755,5.41093265547977,5.33017819709314,3.59687694007648,6.01692998555212,6.91425382687683,3.89791402652818,6.36167640882122,4.42084249955067,4.8076988179791,6.42696733544807,2.35899126737325,1.81951939989632,4.79639108120324,2.91155879013245,1.40428093631105
0.198785663946494,0.00290307551602087,0.12649918144995,2.10740514347052,2.68075401085759,0.346742565728759,0.187849907884568,0.216480663215796,2.23848767550582,1.8799985984565,3.18998994564454,1.06876351481694,1.54345957943194,1.64421322096356,1.7150919617929,3.02642189711149,2.94555681282702,1.80016617439212,3.58978529681946,3.89791402652818,4.44136511087296,3.52269434991947,2.21253092207349,2.46104652018602,4.21618564856694,1.02448376803661,0.74409678084409,4.44092530235716,1.31518659050733,0.541395733270578
0.0242706415427696,0.0656829086116923,0.272260673446015,2.13678951206645,2.52167655829261,0.89672227594407,0.543732073428351,0.665975508467562,1.74927892112663,1.34708923775515,2.44754971335338,0.48415986159301,0.833940494661253,3.8716814379406,3.99478252844154,6.13493693950199,6.09137019069288,4.28760385578337,6.07264519433615,6.36167640882122,3.52269434991947,7.2465921311572,5.23921839540157,5.64976854590258,5.88749796446816,2.94257177894895,2.31371131795426,4.28988907848063,3.58062070929524,1.81776749132867
0.0211403993184449,0.288110453586635,0.389691569019576,1.62624715084025,1.78639008787982,1.40373091289612,0.903099716861501,1.13954310233949,1.05964848001301,0.725998694306063,1.46350436854731,0.0819973896257897,0.240346660837597,5.64353218916864,5.74575030055196,5.50149035045844,5.73467673210676,6.37775810972851,4.4369986513633,4.42084249955067,2.21253092207349,5.23921839540157,8.01152380165699,7.53604423131847,3.93628146361008,5.01675407612608,4.09499272511784,2.64254846056471,5.9475762699708,3.32321155234362
0.00807503829690948,0.23785870962061,0.371980761241587,1.74402403977855,1.94213497653042,1.3216398097699,0.842125350994396,1.05762443903825,1.19012678016254,0.837376346502177,1.64686597873688,0.13301326727217,0.327426372875806,5.41151977575679,5.53232508266813,5.85726961077438,6.09479488706189,6.08924433837477,4.78913047600642,4.8076988179791,2.46104652018602,5.64976854590258,7.53604423131847,7.98813914300335,4.32049748873934,4.64250378533177,3.76917776275561,2.95097479336196,5.52307844434098,3.04519074435684
0.10888628509644,0.00668967566046241,0.190686197508867,2.22159801660196,2.73779975086209,0.592108232634907,0.338438326718844,0.406290978076485,2.09123708217052,1.70282973637459,2.97806978879491,0.856201809109608,1.31846447201988,2.83358480081527,2.94168363118936,4.93237613962423,4.84843103072092,3.14967971389348,5.60612262574108,6.42696733544807,4.21618564856694,5.88749796446816,3.93628146361008,4.32049748873934,7.2090764876438,1.96987054937426,1.48105672630044,5.3495267540285,2.48009600612596,1.11513404189995
0.165494476879686,0.561237613503013,0.438730301090179,0.961562790031602,0.967940057870508,1.66484479515244,1.12287323454529,1.44390127952483,0.459210896770685,0.254292128137026,0.624315633467839,0.0105049648209157,0.00544789859554484,4.86658311013086,4.79163975952148,3.3079497116131,3.47240213812005,5.06045524861541,2.48831304723152,2.35899126737325,1.02448376803661,2.94257177894895,5.01675407612608,4.64250378533177,1.96987054937426,6.37909360761071,5.3406738731746,1.18172276352817,6.15423169189168,4.42443774395945
0.224603019196376,0.63790534349112,0.439390854245997,0.770556038057166,0.749681139782778,1.68436129454924,1.15360091185004,1.49033519892785,0.322395276364341,0.159435875577024,0.435886993336656,0.0425165202619571,0.00158969550580856,4.12016271101096,4.04226779856779,2.65903943946447,2.79744658488732,4.21004112592411,1.95419455703175,1.81951939989632,0.74409678084409,2.31371131795426,4.09499272511784,3.76917776275561,1.48105672630044,5.3406738731746,5.56543145582343,0.846091688407886,5.11914395341761,4.63452978034724
0.210964177230514,0.00356490592828917,0.126670034358821,2.12211574459131,2.69358759360969,0.362175244970201,0.192704017886942,0.224593228301242,2.25193345916873,1.91293802603276,3.23303302857163,1.15812075593645,1.67796001742019,1.89255626018933,1.97699449949873,3.58643712103047,3.4951299561619,2.09862435345327,4.27494945266247,4.79639108120324,4.44092530235716,4.28988907848063,2.64254846056471,2.95097479336196,5.3495267540285,1.18172276352817,0.846091688407886,5.86018672903079,1.53766887208371,0.606459472826987
0.11878355917169,0.492412939290304,0.433020571310805,1.13969918097166,1.17939070293335,1.62564157771063,1.08311616805916,1.38708915941041,0.600060661427221,0.3573663575454,0.821511859659318,4.4183703597156e-05,0.0319135435647944,5.4372632900324,5.38991127292959,3.94536546854567,4.13549637062862,5.82119289581145,3.02263244097225,2.91155879013245,1.31518659050733,3.58062070929524,5.9475762699708,5.52307844434098,2.48009600612596,6.15423169189168,5.11914395341761,1.53766887208371,7.21523013248232,4.21685190592668
0.274801827717938,0.69612124896744,0.435260072212215,0.619213853870455,0.582410112495699,1.67727746961584,1.16595376548641,1.51155307501066,0.226218549188415,0.0979326452260363,0.304067751534731,0.0809254607227845,0.0161716131549436,3.43351910246451,3.36195586432135,2.13154670969429,2.24667148971082,3.46845500505451,1.53436419611419,1.40428093631105,0.541395733270578,1.81776749132867,3.32321155234362,3.04519074435684,1.11513404189995,4.42443774395945,4.63452978034724,0.606459472826987,4.21685190592668,4.75792006515051
