1.86832962309715,0.0295986683022196,1.22964350853113,1.30923885687959,1.82035746258575,1.5977513769948,1.86664430339496,0.144598417696625,0.1470289958734,0.100961114328366,0.0952398592994865,0.0252252938144863,0.0161655693577409,0.00252564658427445,0.0741054373089276,0.0268236531067458,0.276167715724636,0.0161844229519441,0.0042379986754284,0.703599313303752,0.461457294803604,0.283170483714812,0.700624367581925,0.730819463440437,0.384372472592455,0.694039123032486,0.854228620803717,1.1680950576599,0.703095829201888,1.19167429198746
0.0295986683022196,1.28074613569768,0.180331524861073,0.271745777181513,0.0889758080595486,0.210854132526002,0.0297023416844291,1.23718825679577,1.23809264194013,0.938616879952338,0.950935931457189,1.09921744626596,1.13079422125744,1.23892634891021,1.0182594309662,1.11241665997738,0.735804135471026,1.26733077470035,1.24708223100693,0.362775793619319,0.584344487839651,0.753400110758819,0.38158652283704,0.359587836534661,0.660690586188576,0.402370831237542,0.27764075007354,0.139571942168545,0.434047616908272,0.153418447695934
1.22964350853113,0.180331524861073,1.67538750710493,1.6462013421195,1.56340426872888,1.67383725659995,1.40251163855915,0.459233310790101,0.465501325600241,0.000928495523593753,0.00162916603183394,0.0349299138798718,0.0488883464126295,0.146470191335031,0.00797787969980934,0.0376950461696608,0.0274330286300031,0.211732265159891,0.163404752298273,0.241002127484236,0.099056268521311,0.0271716603500574,0.235254648364447,0.25455005389203,0.0633850812960555,0.227534279673599,0.337289206283792,0.566102088158113,0.224797274110196,0.57877155933479
1.30923885687959,0.271745777181513,1.6462013421195,2.44179232562897,2.03402371777353,2.37027607754008,1.75309877097579,0.726717814210035,0.739822722754901,0.0166790299626678,0.0198121602063472,0.0948727712618127,0.121864959529335,0.279359724445199,0.0409159984181171,0.104215050332897,0.00855377229891641,0.386087450048352,0.312592038020405,0.220045650271682,0.0699674365276497,0.00813211594696561,0.214420187032929,0.23597199337626,0.0364602593812933,0.206536026080723,0.330200566034305,0.609016044771144,0.20528113031188,0.634772847271287
1.82035746258575,0.0889758080595486,1.56340426872888,2.03402371777353,3.54063161511812,2.91593603880981,3.18387679427769,0.364094260054587,0.372892677287684,0.0545038562165865,0.0493023244189748,0.00133483856820416,1.98371788782126e-05,0.0475791195201798,0.0304159098966954,0.00140410873065022,0.24565475046998,0.101343555373576,0.0593585041704099,0.807759138422536,0.489762020168559,0.257373466416617,0.814778262719265,0.8568319664452,0.388546371124172,0.816440492346613,1.03117237605768,1.54653775532866,0.857960864684763,1.65221724582204
1.5977513769948,0.210854132526002,1.67383725659995,2.37027607754008,2.91593603880981,3.50004379472754,2.55927012328093,0.674764016597797,0.690755201744784,6.29415560395863e-05,0.000417255088210666,0.0429501301314401,0.0637226654116789,0.208329100168816,0.00696722727739729,0.0485517197698142,0.0601902291214031,0.316081347270253,0.24110018249545,0.436439491782834,0.197356778167328,0.0617040268896396,0.434704486170274,0.467540990974968,0.132236851879759,0.429139375016027,0.607234117754905,1.02561383469548,0.444217777012788,1.0969879217405
1.86664430339496,0.0297023416844291,1.40251163855915,1.75309877097579,3.18387679427769,2.55927012328093,3.86337730294463,0.192537098162807,0.197480812163465,0.184339703800303,0.175296756608659,0.05349140282864,0.0373150335019776,0.00102225050792359,0.147216713583602,0.0596349694160487,0.49597183958237,0.0167318240870555,0.00255364189459595,1.21971249756072,0.842347231889613,0.524325119349376,1.24029867677895,1.2901161765914,0.711296940942692,1.25389346435831,1.49391807335366,2.10879759884056,1.33171302736762,2.25948414964867
0.144598417696625,1.23718825679577,0.459233310790101,0.726717814210035,0.364094260054587,0.674764016597797,0.192537098162807,3.50783511230812,3.50783128946222,1.61319780563539,1.65422691508891,2.11601302355068,2.2788795183242,2.70279117957184,1.97595784126116,2.30185970717598,1.18924296822441,3.02696118613536,2.8781124397847,0.440547139702451,0.892868089608896,1.27444618348701,0.481572091536314,0.441947028141906,1.0700015015481,0.52845940050619,0.302971216592254,0.104932038582836,0.615605622953534,0.126323496455108
0.1470289958734,1.23809264194013,0.465501325600241,0.739822722754901,0.372892677287684,0.690755201744784,0.197480812163465,3.50783128946222,3.67373836225313,1.65683596492021,1.69971657677937,2.17830959514654,2.35139240192234,2.78613690008873,2.04224865127147,2.38283784186247,1.22402844883062,3.13988026696842,2.98351093674642,0.452114570575653,0.92034194996673,1.3151424353485,0.494909833050036,0.454047526322993,1.10424541244147,0.543886107086673,0.310911804459781,0.107653491144143,0.635845080198246,0.130015115389537
0.100961114328366,0.938616879952338,0.000928495523593753,0.0166790299626678,0.0545038562165865,6.29415560395863e-05,0.184339703800303,1.61319780563539,1.65683596492021,4.41274270171785,4.39773884339097,3.88875511912455,3.8818060998637,3.01359361943895,4.3737973264291,4.14655114403097,3.91901106997835,2.92661384684774,3.21504384448503,2.4949579642786,3.53052739094003,4.06704314962614,2.6600236556636,2.56072145463961,3.81537534432861,2.82893566280212,2.18575249776916,1.62591391439373,3.13483340086902,1.84914620624003
0.0952398592994865,0.950935931457189,0.00162916603183394,0.0198121602063472,0.0493023244189748,0.000417255088210666,0.175296756608659,1.65422691508891,1.69971657677937,4.39773884339097,4.50210262503461,3.97419667272252,3.97459683878894,3.08102463580958,4.47353250630102,4.2505250574651,3.93871379429958,3.00006088253055,3.29577551874478,2.48560522732415,3.54522490954744,4.10574918857836,2.65403985359786,2.5534123589546,3.84270625366704,2.82735671430721,2.17461070339686,1.61225808771356,3.14545422992809,1.83833838165303
0.0252252938144863,1.09921744626596,0.0349299138798718,0.0948727712618127,0.00133483856820416,0.0429501301314401,0.05349140282864,2.11601302355068,2.17830959514654,3.88875511912455,3.97419667272252,4.66478915179668,4.62262327458334,3.70952641031322,4.51870877004915,4.66477737372454,3.42329942671025,3.6669630603919,3.98303609236352,1.99961941294735,3.02448410785828,3.65156250657025,2.14828316407087,2.05444598093885,3.35203772213537,2.30715692665683,1.70663490946845,1.18836596204241,2.62018828711385,1.37033368809554
0.0161655693577409,1.13079422125744,0.0488883464126295,0.121864959529335,1.98371788782126e-05,0.0637226654116789,0.0373150335019776,2.2788795183242,2.35139240192234,3.8818060998637,3.97459683878894,4.62262327458334,5.09075028858335,3.95446263540468,4.76458821960401,5.06880141827562,3.45800419461213,3.98784705265336,4.34828712412283,1.97271463402324,3.05805231153943,3.73767885199381,2.12982767476192,2.03249742368995,3.41747489037925,2.29999550267024,1.67438078146353,1.14878043616998,2.64751645662246,1.33735801251275
0.00252564658427445,1.23892634891021,0.146470191335031,0.279359724445199,0.0475791195201798,0.208329100168816,0.00102225050792359,2.70279117957184,2.78613690008873,3.01359361943895,3.08102463580958,3.70952641031322,3.95446263540468,4.41187696311452,3.62885730500738,4.00840638828093,2.5198756047007,4.29205262893248,4.40848531570545,1.30850636333512,2.13548974040993,2.70593027986688,1.41199943167492,1.33721856224978,2.42304367086891,1.52573144958565,1.06395105839651,0.649828327040055,1.75293008737764,0.755279522037715
0.0741054373089276,1.0182594309662,0.00797787969980934,0.0409159984181171,0.0304159098966954,0.00696722727739729,0.147216713583602,1.97595784126116,2.04224865127147,4.3737973264291,4.47353250630102,4.51870877004915,4.76458821960401,3.62885730500738,6.12548396793643,5.59784278360052,4.41163423942784,3.68515741519772,4.07614348996642,2.66692306347876,4.08074903425643,4.89811164285879,2.89909806649243,2.77671141451142,4.54457851564115,3.15105191890746,2.32787827596774,1.71042139518692,3.68701752649561,2.01622081314677
0.0268236531067458,1.11241665997738,0.0376950461696608,0.104215050332897,0.00140410873065022,0.0485517197698142,0.0596349694160487,2.30185970717598,2.38283784186247,4.14655114403097,4.2505250574651,4.66477737372454,5.06880141827562,4.00840638828093,5.59784278360052,6.19934091031645,3.93990828976613,4.16553978958101,4.57979519854713,2.27021569363854,3.57723688596989,4.37411374699199,2.47145745186769,2.3582918793144,4.02233632413216,2.69282160095647,1.94511714010139,1.36428447923972,3.17422129203954,1.61501866266593
0.276167715724636,0.735804135471026,0.0274330286300031,0.00855377229891641,0.24565475046998,0.0601902291214031,0.49597183958237,1.18924296822441,1.22402844883062,3.91901106997835,3.93871379429958,3.42329942671025,3.45800419461213,2.5198756047007,4.41163423942784,3.93990828976613,5.36373858742848,2.4369441992,2.74177719457047,3.556787613717,4.96340121347211,5.36331650053626,3.83163225670733,3.69988499993468,5.2436679961939,4.10296582966991,3.20656240127706,2.54858161240832,4.55307636399758,2.93544084084735
0.0161844229519441,1.26733077470035,0.211732265159891,0.386087450048352,0.101343555373576,0.316081347270253,0.0167318240870555,3.02696118613536,3.13988026696842,2.92661384684774,3.00006088253055,3.6669630603919,3.98784705265336,4.29205262893248,3.68515741519772,4.16553978958101,2.4369441992,5.08308905963532,4.90005940151045,1.18868776066116,2.04440947673677,2.65563402025333,1.29319255277279,1.21771560835109,2.35480478592914,1.41004865128656,0.94525159273075,0.541024564611724,1.65261243099869,0.639568094189071
0.0042379986754284,1.24708223100693,0.163404752298273,0.312592038020405,0.0593585041704099,0.24110018249545,0.00255364189459595,2.8781124397847,2.98351093674642,3.21504384448503,3.29577551874478,3.98303609236352,4.34828712412283,4.40848531570545,4.07614348996642,4.57979519854713,2.74177719457047,4.90005940151045,5.32381468086271,1.39626303799193,2.34273145565879,2.99599628234076,1.51819727354389,1.43482132794435,2.68072553477489,1.65394463293373,1.13269500824732,0.686752939993788,1.93931987381649,0.811047761586033
0.703599313303752,0.362775793619319,0.241002127484236,0.220045650271682,0.807759138422536,0.436439491782834,1.21971249756072,0.440547139702451,0.452114570575653,2.4949579642786,2.48560522732415,1.99961941294735,1.97271463402324,1.30850636333512,2.66692306347876,2.27021569363854,3.556787613717,1.18868776066116,1.39626303799193,4.8027810780317,4.35643866867995,3.76828536832533,4.79702975449075,4.79935435048985,4.16270115725315,4.78924749690576,4.4519301040751,3.7819851086506,4.78589141508163,4.14722385999113
0.461457294803604,0.584344487839651,0.099056268521311,0.0699674365276497,0.489762020168559,0.197356778167328,0.842347231889613,0.892868089608896,0.92034194996673,3.53052739094003,3.54522490954744,3.02448410785828,3.05805231153943,2.13548974040993,4.08074903425643,3.57723688596989,4.96340121347211,2.04440947673677,2.34273145565879,4.35643866867995,6.35683220732939,5.55807705369959,4.79544469751415,4.63657830693367,6.13900028599684,5.25191545723843,4.05419359446722,3.39433194307935,5.94424875984461,3.99807224851206
0.283170483714812,0.753400110758819,0.0271716603500574,0.00813211594696561,0.257373466416617,0.0617040268896396,0.524325119349376,1.27444618348701,1.3151424353485,4.06704314962614,4.10574918857836,3.65156250657025,3.73767885199381,2.70593027986688,4.89811164285879,4.37411374699199,5.36331650053626,2.65563402025333,2.99599628234076,3.76828536832533,5.55807705369959,6.44523978003169,4.11929135707814,3.9703056415299,6.09039812604335,4.49155897114682,3.42372602537321,2.74903986048656,5.21947420580562,3.24591089035726
0.700624367581925,0.38158652283704,0.235254648364447,0.214420187032929,0.814778262719265,0.434704486170274,1.24029867677895,0.481572091536314,0.494909833050036,2.6600236556636,2.65403985359786,2.14828316407087,2.12982767476192,1.41199943167492,2.89909806649243,2.47145745186769,3.83163225670733,1.29319255277279,1.51819727354389,4.79702975449075,4.79544469751415,4.11929135707814,5.35346727549421,5.19365507047951,4.5830831194742,5.34556473114135,4.60614374519606,3.95198962114242,5.34217734316708,4.45600983878752
0.730819463440437,0.359587836534661,0.25455005389203,0.23597199337626,0.8568319664452,0.467540990974968,1.2901161765914,0.441947028141906,0.454047526322993,2.56072145463961,2.5534123589546,2.05444598093885,2.03249742368995,1.33721856224978,2.77671141451142,2.3582918793144,3.69988499993468,1.21771560835109,1.43482132794435,4.79935435048985,4.63657830693367,3.9703056415299,5.19365507047951,5.25750716128571,4.42516981556244,5.21701822283361,4.66982938600783,4.01404761233021,5.22659696790648,4.49256328633982
0.384372472592455,0.660690586188576,0.0633850812960555,0.0364602593812933,0.388546371124172,0.132236851879759,0.711296940942692,1.0700015015481,1.10424541244147,3.81537534432861,3.84270625366704,3.35203772213537,3.41747489037925,2.42304367086891,4.54457851564115,4.02233632413216,5.2436679961939,2.35480478592914,2.68072553477489,4.16270115725315,6.13900028599684,6.09039812604335,4.5830831194742,4.42516981556244,6.78049955583823,5.03619051170373,3.8469913533526,3.18173992666055,5.9057794681428,3.78468596441953
0.694039123032486,0.402370831237542,0.227534279673599,0.206536026080723,0.816440492346613,0.429139375016027,1.25389346435831,0.52845940050619,0.543886107086673,2.82893566280212,2.82735671430721,2.30715692665683,2.29999550267024,1.52573144958565,3.15105191890746,2.69282160095647,4.10296582966991,1.41004865128656,1.65394463293373,4.78924749690576,5.25191545723843,4.49155897114682,5.34556473114135,5.21701822283361,5.03619051170373,6.00272869064581,4.66726302559986,4.08374603080634,5.99810078511974,4.74800026764365
0.854228620803717,0.27764075007354,0.337289206283792,0.330200566034305,1.03117237605768,0.607234117754905,1.49391807335366,0.302971216592254,0.310911804459781,2.18575249776916,2.17461070339686,1.70663490946845,1.67438078146353,1.06395105839651,2.32787827596774,1.94511714010139,3.20656240127706,0.94525159273075,1.13269500824732,4.4519301040751,4.05419359446722,3.42372602537321,4.60614374519606,4.66982938600783,3.8469913533526,4.66726302559986,4.92185305484804,4.24682918741525,4.74863856609628,4.58455042154746
1.1680950576599,0.139571942168545,0.566102088158113,0.609016044771144,1.54653775532866,1.02561383469548,2.10879759884056,0.104932038582836,0.107653491144143,1.62591391439373,1.61225808771356,1.18836596204241,1.14878043616998,0.649828327040055,1.71042139518692,1.36428447923972,2.54858161240832,0.541024564611724,0.686752939993788,3.7819851086506,3.39433194307935,2.74903986048656,3.95198962114242,4.01404761233021,3.18173992666055,4.08374603080634,4.24682918741525,5.26282704922079,4.36860578744837,5.26088080258813
0.703095829201888,0.434047616908272,0.224797274110196,0.20528113031188,0.857960864684763,0.444217777012788,1.33171302736762,0.615605622953534,0.635845080198246,3.13483340086902,3.14545422992809,2.62018828711385,2.64751645662246,1.75293008737764,3.68701752649561,3.17422129203954,4.55307636399758,1.65261243099869,1.93931987381649,4.78589141508163,5.94424875984461,5.21947420580562,5.34217734316708,5.22659696790648,5.9057794681428,5.99810078511974,4.74863856609628,4.36860578744837,8.18243937811477,5.43622096405151
1.19167429198746,0.153418447695934,0.57877155933479,0.634772847271287,1.65221724582204,1.0969879217405,2.25948414964867,0.126323496455108,0.130015115389537,1.84914620624003,1.83833838165303,1.37033368809554,1.33735801251275,0.755279522037715,2.01622081314677,1.61501866266593,2.93544084084735,0.639568094189071,0.811047761586033,4.14722385999113,3.99807224851206,3.24591089035726,4.45600983878752,4.49256328633982,3.78468596441953,4.74800026764365,4.58455042154746,5.26088080258813,5.43622096405151,6.97710374809681
