1.09594127979062,1.08570641741683,0.252524428734028,0.303919091919766,0.381579380282985,0.0705874789676779,0.0341030647279355,0.43923447169977,0.455394757515811,0.968068525763988,0.186984905547678,0.414810692389711,0.0664961546558958,0.173628809345013,0.0391429863809778,0.897672283745405,0.877968455980966,1.0490286631486,0.347134010539111,0.0387556726846143,0.236922659730118,0.321161465842692,0.329685645045964,0.551525388273189,0.00304149822981969,0.00931145870930994,0.0329988925083744,0.000373942398674831,0.0239320002283883,0.0851097364066797
1.08570641741683,1.29027779151208,0.319230827587814,0.38404164824555,0.474884863736625,0.06049249468591,0.0254753609784246,0.545480060697221,0.566431804057197,1.16604053047441,0.24675325675092,0.519856619734778,0.0564197695115554,0.231405524216069,0.0300459527697132,1.00113271043273,0.976153847423906,1.25359490089087,0.441014388634092,0.0296044741716406,0.309954760376326,0.4122132522938,0.335971074707711,0.586032793590438,0.00962862179246304,0.00408222817481496,0.0241281048239013,0.000363144385313596,0.0421900075023443,0.123500876748517
0.252524428734028,0.319230827587814,2.39364056421516,2.37298505989934,2.20006843726126,0.525570065072613,0.738017047653384,2.15349761502683,2.17163402090466,1.04330998347753,2.3142197665212,2.27545000086407,0.591017878071249,2.2954715345194,0.767708329819949,0.0646132127980419,0.0522578848214676,0.820720561322039,2.37121750292375,0.818695546367396,2.37468278553352,2.3902856222345,0.178606698531794,0.0241175362380117,1.52431565363709,1.15973125928887,0.943616644641282,1.37642263242763,1.81406834903087,2.10709039490447
0.303919091919766,0.38404164824555,2.37298505989934,2.97894645079028,2.6080642783067,0.514764277896114,0.744462040743638,2.63411158062301,2.69533213241449,1.29863187155746,2.72687860819801,2.85947690431533,0.586959796052714,2.71474594011231,0.782350613158558,0.106262090277903,0.0892059298874042,1.03915129284345,2.97393694143212,0.844101026870042,2.8975589260761,2.97745106525399,0.158139814696725,0.0122534157339063,1.68569453097591,1.2514578161989,0.997997877918649,1.51701531487076,2.07293979556884,2.47232167732932
0.381579380282985,0.474884863736625,2.20006843726126,2.6080642783067,2.7832080669623,0.371851899816304,0.560891521786956,2.73395715587641,2.74109767574704,1.47298151276575,2.35633052533852,2.78222853381771,0.42605446209595,2.34568209219229,0.585127441521724,0.186520713009587,0.16425008754591,1.20953412230877,2.74867811705546,0.631017905875307,2.56501533741487,2.72047779581452,0.0756443935102644,4.25932582843735e-05,1.36080722420126,0.96973934081392,0.750203913224417,1.20240944214354,1.71271445368615,2.10161526118107
0.0705874789676779,0.06049249468591,0.525570065072613,0.514764277896114,0.371851899816304,2.44894959235814,2.32488201842071,0.327631201924544,0.329958859726025,0.000191877369803084,0.868362476231654,0.407558546584556,2.44477872205135,0.946380490827448,2.38362685110375,0.693268762251436,0.733300248163181,0.025158039405718,0.550808141879643,2.3939541276478,0.828159256427103,0.654425368107025,1.98033250829555,1.44916927113707,1.95633374197358,2.27558817884214,2.38947528130483,2.14807600746584,1.76994037377585,1.41485958081545
0.0341030647279355,0.0254753609784246,0.738017047653384,0.744462040743638,0.560891521786956,2.32488201842071,2.88385046136418,0.512167040806327,0.52084804478649,0.0122428071582688,1.20116169752528,0.626589373492314,2.63281908905428,1.3059847756092,2.88173692568001,0.570519473380482,0.609862683943652,0.00154673718632026,0.817187289063527,2.8834931237884,1.17388798836584,0.961109129540873,1.97502434015502,1.35544115113217,2.50849884733609,2.81749093345441,2.88211963567272,2.70510739765194,2.30959105661226,1.9012775112575
0.43923447169977,0.545480060697221,2.15349761502683,2.63411158062301,2.73395715587641,0.327631201924544,0.512167040806327,3.13196896125658,3.12971760986585,1.71407368519834,2.42206748811961,3.10618052481478,0.379418170355017,2.42614525761597,0.535940255139793,0.258914324775181,0.23173279265938,1.42776488712215,2.99525114864517,0.581878542294946,2.72656844656714,2.96524459106519,0.0489067123722919,0.00497118662300178,1.34346570336636,0.931242117186787,0.703886191815223,1.17828372569821,1.73572394469672,2.17780613535797
0.455394757515811,0.566431804057197,2.17163402090466,2.69533213241449,2.74109767574704,0.329958859726025,0.52084804478649,3.12971760986585,3.44097654927073,1.82814346311247,2.5421472024943,3.37099648978211,0.384050891879017,2.56112125086605,0.547191842396515,0.284155948906151,0.254911140846005,1.52937310133518,3.22917392353831,0.596690926255608,2.91965775488505,3.21181970787626,0.0466687401088093,0.00697757124634757,1.40693010927451,0.969822818123591,0.728752164079981,1.2351712171934,1.8377738588138,2.32122100262829
0.968068525763988,1.16604053047441,1.04330998347753,1.29863187155746,1.47298151276575,0.000191877369803084,0.0122428071582688,1.71407368519834,1.82814346311247,3.54908060478424,1.04660153492849,1.76465466009561,2.85163287148116e-05,1.03557812216147,0.0103527949758715,1.39896850461055,1.3373586087483,3.22941709316738,1.6194517447407,0.0125207639372533,1.31181842830799,1.62166440212689,0.225784431518141,0.586282667669708,0.263104669357472,0.0818759590694285,0.0231216464281268,0.169833751403648,0.46818257719573,0.792570038222897
0.186984905547678,0.24675325675092,2.3142197665212,2.72687860819801,2.35633052533852,0.868362476231654,1.20116169752528,2.42206748811961,2.5421472024943,1.04660153492849,3.82997874487669,2.8376393620117,0.993813176599172,3.81040484954735,1.28858167986517,0.0169905038240539,0.0101950938662574,0.790706851735787,3.28957922808764,1.40449061161445,3.78625027687598,3.57669604014518,0.418560549309313,0.116040574843975,2.59322531684157,2.03038760642714,1.67785400626651,2.40308310136133,3.12121999091114,3.57521588115887
0.414810692389711,0.519856619734778,2.27545000086407,2.85947690431533,2.78222853381771,0.407558546584556,0.626589373492314,3.10618052481478,3.37099648978211,1.76465466009561,2.8376393620117,3.76088309932772,0.473678590426406,2.87889106564881,0.663051752550072,0.233129940729847,0.206000736123261,1.46278244518637,3.61567321590817,0.724975737481052,3.29042896585703,3.60169303430997,0.0820425434299565,0.000426024568862537,1.64188725459527,1.15971269772676,0.887037214463782,1.46082485136361,2.13054371403017,2.65856931836326
0.0664961546558958,0.0564197695115554,0.591017878071249,0.586959796052714,0.42605446209595,2.44477872205135,2.63281908905428,0.379418170355017,0.384050891879017,2.85163287148116e-05,0.993813176599172,0.473678590426406,2.86152426866246,1.0875762574153,2.77628316323676,0.731996317467062,0.775594835674445,0.02131010339364,0.639227225847838,2.80079826050293,0.960085495245104,0.763464766791928,2.20159161736349,1.57487001659429,2.27703468027371,2.66519125260883,2.80106199916811,2.51502350192665,2.06800438503004,1.65047571531434
0.173628809345013,0.231405524216069,2.2954715345194,2.71474594011231,2.34568209219229,0.946380490827448,1.3059847756092,2.42614525761597,2.56112125086605,1.03557812216147,3.81040484954735,2.87889106564881,1.0875762574153,4.23507856272494,1.41119740196553,0.010234925696305,0.00504677921364216,0.77557798505479,3.39022275467592,1.54681674172114,4.09542598774264,3.79768884541988,0.485127785401792,0.1461733079663,2.86687153068612,2.25589387597333,1.86735254990235,2.67466103128837,3.47811314009946,3.98613324034809
0.0391429863809778,0.0300459527697132,0.767708329819949,0.782350613158558,0.585127441521724,2.38362685110375,2.88173692568001,0.535940255139793,0.547191842396515,0.0103527949758715,1.28858167986517,0.663051752550072,2.77628316323676,1.41119740196553,3.38178421261151,0.646795599928731,0.690629466112656,0.00302855571566507,0.873853226346565,3.38123710690896,1.27386211461453,1.03981161440886,2.23864520034231,1.52866453909521,2.84352788659023,3.26978568177983,3.37503052392285,3.11723416470186,2.61666524600218,2.12480800558929
0.897672283745405,1.00113271043273,0.0646132127980419,0.106262090277903,0.186520713009587,0.693268762251436,0.570519473380482,0.258914324775181,0.284155948906151,1.39896850461055,0.0169905038240539,0.233129940729847,0.731996317467062,0.010234925696305,0.646795599928731,4.02541087838598,3.93832837423134,1.83277150229479,0.152232856834763,0.688514128125095,0.0457358175103444,0.124361302162963,2.0009223126829,2.78453089382016,0.24219617922951,0.53883634822452,0.73642818740741,0.392405583566535,0.125081334782725,0.0158133626008192
0.877968455980966,0.976153847423906,0.0522578848214676,0.0892059298874042,0.16425008754591,0.733300248163181,0.609862683943652,0.23173279265938,0.254911140846005,1.3373586087483,0.0101950938662574,0.206000736123261,0.775594835674445,0.00504677921364216,0.690629466112656,3.93832837423134,4.01998191371066,1.76257924249958,0.12972215254764,0.735580095368749,0.0333800468837664,0.103195570727616,2.07465812210856,2.86445924708103,0.273744110247735,0.584815726153148,0.788677002505697,0.433060861135517,0.149284913460229,0.0251686720808078
1.0490286631486,1.25359490089087,0.820720561322039,1.03915129284345,1.20953412230877,0.025158039405718,0.00154673718632026,1.42776488712215,1.52937310133518,3.22941709316738,0.790706851735787,1.46278244518637,0.02131010339364,0.77557798505479,0.00302855571566507,1.83277150229479,1.76257924249958,3.82173908215539,1.31804874797497,0.00256090763077044,1.02236439830615,1.31313737713523,0.423233134933152,0.886136783461277,0.122356550473744,0.0131683713967456,0.00044264722581655,0.0581480753278942,0.271811778565139,0.543459949546078
0.347134010539111,0.441014388634092,2.37121750292375,2.97393694143212,2.74867811705546,0.550808141879643,0.817187289063527,2.99525114864517,3.22917392353831,1.6194517447407,3.28957922808764,3.61567321590817,0.639227225847838,3.39022275467592,0.873853226346565,0.152232856834763,0.12972215254764,1.31804874797497,4.24549797911206,0.959423343918276,3.90334265573366,4.21325521620149,0.164887531101042,0.00795742364387486,2.05308074544473,1.50208704793999,1.17770181638637,1.8627033730974,2.63831883517915,3.23230074513372
0.0387556726846143,0.0296044741716406,0.818695546367396,0.844101026870042,0.631017905875307,2.3939541276478,2.8834931237884,0.581878542294946,0.596690926255608,0.0125207639372533,1.40449061161445,0.724975737481052,2.80079826050293,1.54681674172114,3.38123710690896,0.688514128125095,0.735580095368749,0.00256090763077044,0.959423343918276,3.91498414858533,1.40720264523332,1.15142214130284,2.43039501428459,1.6454833255684,3.20878610344118,3.76295352600825,3.90762334995229,3.57196013196078,2.9665137963387,2.38992531848434
0.236922659730118,0.309954760376326,2.37468278553352,2.8975589260761,2.56501533741487,0.828159256427103,1.17388798836584,2.72656844656714,2.91965775488505,1.31181842830799,3.78625027687598,3.29042896585703,0.960085495245104,4.09542598774264,1.27386211461453,0.0457358175103444,0.0333800468837664,1.02236439830615,3.90334265573366,1.40720264523332,4.89780307644572,4.54489289445749,0.375310132582304,0.0815827167147107,2.78873722956236,2.14271615336999,1.7362948008143,2.60018430067343,3.53015133694428,4.20369274202263
0.321161465842692,0.4122132522938,2.3902856222345,2.97745106525399,2.72047779581452,0.654425368107025,0.961109129540873,2.96524459106519,3.21181970787626,1.62166440212689,3.57669604014518,3.60169303430997,0.763464766791928,3.79768884541988,1.03981161440886,0.124361302162963,0.103195570727616,1.31313737713523,4.21325521620149,1.15142214130284,4.54489289445749,5.13757564594698,0.231759454185665,0.022428961251455,2.44556201646721,1.81864845304214,1.43644812628112,2.25516878413302,3.18222445531573,3.89163924254511
0.329685645045964,0.335971074707711,0.178606698531794,0.158139814696725,0.0756443935102644,1.98033250829555,1.97502434015502,0.0489067123722919,0.0466687401088093,0.225784431518141,0.418560549309313,0.0820425434299565,2.20159161736349,0.485127785401792,2.23864520034231,2.0009223126829,2.07465812210856,0.423233134933152,0.164887531101042,2.43039501428459,0.375310132582304,0.231759454185665,4.37667733320897,3.39274334273243,1.72597373295399,2.38413873668272,2.71422832468152,2.13842933552963,1.48661110719898,0.995597859618934
0.551525388273189,0.586032793590438,0.0241175362380117,0.0122534157339063,4.25932582843735e-05,1.44916927113707,1.35544115113217,0.00497118662300178,0.00697757124634757,0.586282667669708,0.116040574843975,0.000426024568862537,1.57487001659429,0.1461733079663,1.52866453909521,2.78453089382016,2.86445924708103,0.886136783461277,0.00795742364387486,1.6454833255684,0.0815827167147107,0.022428961251455,3.39274334273243,4.26739678561959,0.993786228172633,1.52552122912734,1.81714524160106,1.30524220421351,0.781747681353717,0.431653809802691
0.00304149822981969,0.00962862179246304,1.52431565363709,1.68569453097591,1.36080722420126,1.95633374197358,2.50849884733609,1.34346570336636,1.40693010927451,0.263104669357472,2.59322531684157,1.64188725459527,2.27703468027371,2.86687153068612,2.84352788659023,0.24219617922951,0.273744110247735,0.122356550473744,2.05308074544473,3.20878610344118,2.78873722956236,2.44556201646721,1.72597373295399,0.993786228172633,5.3339388938451,4.58436173546546,4.00926005118731,5.14168856453235,5.08998030000242,4.3547520635577
0.00931145870930994,0.00408222817481496,1.15973125928887,1.2514578161989,0.96973934081392,2.27558817884214,2.81749093345441,0.931242117186787,0.969822818123591,0.0818759590694285,2.03038760642714,1.15971269772676,2.66519125260883,2.25589387597333,3.26978568177983,0.53883634822452,0.584815726153148,0.0131683713967456,1.50208704793999,3.76295352600825,2.14271615336999,1.81864845304214,2.38413873668272,1.52552122912734,4.58436173546546,5.57648515994844,4.93380164058582,5.31611212688628,4.4387748959063,3.60750446645772
0.0329988925083744,0.0241281048239013,0.943616644641282,0.997997877918649,0.750203913224417,2.38947528130483,2.88211963567272,0.703886191815223,0.728752164079981,0.0231216464281268,1.67785400626651,0.887037214463782,2.80106199916811,1.86735254990235,3.37503052392285,0.73642818740741,0.788677002505697,0.00044264722581655,1.17770181638637,3.90762334995229,1.7362948008143,1.43644812628112,2.71422832468152,1.81714524160106,4.00926005118731,4.93380164058582,5.30870256020437,4.67562462445577,3.81523528249885,3.03761283609265
0.000373942398674831,0.000363144385313596,1.37642263242763,1.51701531487076,1.20240944214354,2.14807600746584,2.70510739765194,1.17828372569821,1.2351712171934,0.169833751403648,2.40308310136133,1.46082485136361,2.51502350192665,2.67466103128837,3.11723416470186,0.392405583566535,0.433060861135517,0.0581480753278942,1.8627033730974,3.57196013196078,2.60018430067343,2.25516878413302,2.13842933552963,1.30524220421351,5.14168856453235,5.31611212688628,4.67562462445577,6.18017686287801,5.22335655889743,4.29673218875289
0.0239320002283883,0.0421900075023443,1.81406834903087,2.07293979556884,1.71271445368615,1.76994037377585,2.30959105661226,1.73572394469672,1.8377738588138,0.46818257719573,3.12121999091114,2.13054371403017,2.06800438503004,3.47811314009946,2.61666524600218,0.125081334782725,0.149284913460229,0.271811778565139,2.63831883517915,2.9665137963387,3.53015133694428,3.18222445531573,1.48661110719898,0.781747681353717,5.08998030000242,4.4387748959063,3.81523528249885,5.22335655889743,6.58832152675265,5.57700344669545
0.0851097364066797,0.123500876748517,2.10709039490447,2.47232167732932,2.10161526118107,1.41485958081545,1.9012775112575,2.17780613535797,2.32122100262829,0.792570038222897,3.57521588115887,2.65856931836326,1.65047571531434,3.98613324034809,2.12480800558929,0.0158133626008192,0.0251686720808078,0.543459949546078,3.23230074513372,2.38992531848434,4.20369274202263,3.89163924254511,0.995597859618934,0.431653809802691,4.3547520635577,3.60750446645772,3.03761283609265,4.29673218875289,5.57700344669545,6.44638187449759
