1.46100941243153,1.13603239406534,1.11580179357667,1.07177627160378,0.88473574869396,1.35510845884873,1.32535643653351,0.579314867315197,0.304593807771133,0.550002344345616,0.202952948307902,0.395937323561899,0.527589658445971,0.701644375306111,0.160289490437842,3.75240924648246e-05,0.0114647758872772,0.0103411086559384,0.0143707766552015,0.00885854494070193,0.00557262461579056,0.203343489959571,0.00114753524808675,0.222236222341643,0.229026468776563,0.146888428898244,0.00942065931448122,0.193786430370095,0.211596123254561,0.0637426047924556
1.13603239406534,1.95243685610147,1.93220563307707,1.87954915685936,1.69473663971061,1.22061162391958,1.16822870449523,0.274905009950996,0.0706187699974907,0.245800751462146,0.0204332798151112,0.125149025084546,0.224829854464542,0.378913553071354,0.00639308834487995,0.13046023586086,0.219775346722977,0.217512985870282,0.23653037202023,0.0644484638664218,0.0776452281767304,0.630114565510071,0.111818671902318,0.683412788312536,0.706057255111872,0.607066587271364,0.232856816529235,0.697618839803169,0.722407006291387,0.42951956969057
1.11580179357667,1.93220563307707,2.04232910842961,1.98776921728625,1.80358986996891,1.21544471777909,1.16168552502547,0.256326433786947,0.0586931750911059,0.227342524942851,0.0136725800641275,0.109906170317812,0.206563935741123,0.358857451319997,0.00274341510670517,0.155136913736846,0.252673096631221,0.250602124439569,0.271292562631417,0.0814402119592095,0.0966351254408151,0.682995774941825,0.135854234514026,0.741676129718801,0.766969453866471,0.670568084891639,0.269785588937296,0.766062762907756,0.791020825187754,0.483376955067206
1.07177627160378,1.87954915685936,1.98776921728625,3.18568659432593,2.8509187545277,1.3545159568971,1.29211338094824,0.202018157975989,0.0204987583100422,0.172922549509088,1.70283564857598e-05,0.0602222358056039,0.152034399205614,0.312738900878788,0.00674658098984171,0.341228498133943,0.499004846191936,0.500682912717711,0.534559461487861,0.213950388951615,0.244720878823643,1.04319015577487,0.3266585204795,1.15721999987734,1.21270389256129,1.19564445043339,0.566234019670083,1.33495273340144,1.35235252265375,0.93430873725147
0.88473574869396,1.69473663971061,1.80358986996891,2.8509187545277,3.49771933957383,1.04605991001906,0.985275085840989,0.0794519281958386,0.00226393568417604,0.0561854295731266,0.0415817288397378,0.00264838026933667,0.0415630384345276,0.147451987240384,0.0837780194505457,0.616801795686545,0.822312425267527,0.830092243447565,0.874389173287763,0.442024663592999,0.490645057085718,1.39041910848084,0.621408769769704,1.55129056839532,1.63293919330224,1.71496540277534,0.951384115414175,1.87274434978025,1.87910171219777,1.4271666122312
1.35510845884873,1.22061162391958,1.21544471777909,1.3545159568971,1.04605991001906,3.74573136708299,3.68229809856942,1.59254793782337,1.09567850998973,1.6630811176037,0.858648924901483,1.38341957507742,1.6866998232996,2.05270813656994,0.765008730503962,0.0867874783742084,0.0246996482017585,0.0281521001731262,0.0205994665626843,0.187107160442666,0.169468912648981,0.0998228436232291,0.13891120361403,0.116777928209015,0.123201324562582,0.0459803859339001,0.0387752062154254,0.0880326601114048,0.105703346385233,0.000375185026090463
1.32535643653351,1.16822870449523,1.16168552502547,1.29211338094824,0.985275085840989,3.68229809856942,3.95827726210357,1.72953668470001,1.22824854357554,1.82488483289608,0.978947847793354,1.54324179343748,1.8615093552483,2.23908428010074,0.882156244175128,0.120617596498238,0.0431461750094861,0.0480724641122423,0.0379285732424952,0.237757339851233,0.218474037628239,0.0772663428714533,0.185821320367518,0.0915203101944222,0.0967537133104259,0.0274691864029135,0.0645665833622928,0.0625140839745333,0.0784200581199768,0.001286753744969
0.579314867315197,0.274905009950996,0.256326433786947,0.202018157975989,0.0794519281958386,1.59254793782337,1.72953668470001,3.13270354639687,2.63120970679164,3.1032067170804,2.37053209808787,2.88991328251319,3.08097474689379,3.09105319300434,2.27049027021991,1.00242674051268,0.764905449002822,0.797165747090439,0.760538546045536,1.27173564840117,1.24954129919378,0.116263732210533,1.23222884763498,0.117686530413664,0.122042582477331,0.343549384321965,0.945966146109122,0.25108585950663,0.208008663312696,0.643756701111119
0.304593807771133,0.0706187699974907,0.0586931750911059,0.0204987583100422,0.00226393568417604,1.09567850998973,1.22824854357554,2.63120970679164,4.34272686564925,3.29443109416839,4.05041881887257,4.21837763091202,3.70516148368898,2.95279095375307,3.95621770613878,2.03029731796881,1.66268981413433,1.73523790177048,1.68137051616302,2.44343526165174,2.44485339492666,0.443983023850293,2.515498259657,0.470325770160112,0.493100658947844,1.05911750175944,2.11645288705038,0.868390256502396,0.758106329337567,1.66702051189635
0.550002344345616,0.245800751462146,0.227342524942851,0.172922549509088,0.0561854295731266,1.6630811176037,1.82488483289608,3.1032067170804,3.29443109416839,4.00066194085187,3.00212364709002,3.71899905058609,3.97802004549465,3.65749864570253,2.91030548298546,1.28004339662794,0.990232801674517,1.03553305373903,0.991691320727012,1.6113679403937,1.59541141215128,0.170311064725143,1.60783926007331,0.175562101497589,0.183178335825784,0.491249293354617,1.26411666748452,0.369138510369903,0.308732479251098,0.894583558436518
0.202952948307902,0.0204332798151112,0.0136725800641275,1.70283564857598e-05,0.0415817288397378,0.858648924901483,0.978947847793354,2.37053209808787,4.05041881887257,3.00212364709002,4.90754226894597,4.10475581851346,3.44655650132441,2.66074134302736,4.80707009404269,2.5658058857045,2.14693867013311,2.24554268308346,2.18637844605925,3.03803685498269,3.06765614211756,0.650545858543039,3.22053302720622,0.697772068905504,0.734582235054537,1.5107623993604,2.78700837105168,1.26971518281756,1.11826359323382,2.287252881678
0.395937323561899,0.125149025084546,0.109906170317812,0.0602222358056039,0.00264838026933667,1.38341957507742,1.54324179343748,2.88991328251319,4.21837763091202,3.71899905058609,4.10475581851346,5.08567050422121,4.33909659364212,3.443402077061,4.09065734397799,1.91268113730698,1.53947224855645,1.61382057274933,1.55938130433377,2.33835971297894,2.3460440380364,0.358264163652245,2.44475053057083,0.379291352962892,0.398607344014397,0.934906087170661,2.02848210554366,0.746929818244452,0.641070143809253,1.56101531407648
0.527589658445971,0.224829854464542,0.206563935741123,0.152034399205614,0.0415630384345276,1.6866998232996,1.8615093552483,3.08097474689379,3.70516148368898,3.97802004549465,3.44655650132441,4.33909659364212,4.71396323071919,3.80369825978702,3.38631755915809,1.4810472863358,1.15572854927974,1.21172418828208,1.16322122456291,1.8547552989809,1.84700297301031,0.21226749153836,1.8925077374258,0.221155129822773,0.231654617391472,0.60944760317043,1.51161484805133,0.464619540770266,0.390057122261488,1.09609456061795
0.701644375306111,0.378913553071354,0.358857451319997,0.312738900878788,0.147451987240384,2.05270813656994,2.23908428010074,3.09105319300434,2.95279095375307,3.65749864570253,2.66074134302736,3.443402077061,3.80369825978702,4.19700319038337,2.57149863865829,1.00892268150315,0.747843457771277,0.785055733171593,0.745408524675633,1.31332082202973,1.29435938808995,0.083591826576086,1.29468436734671,0.0840163079456913,0.0874913040276111,0.304170686385789,0.971221384205786,0.209453458907759,0.166826017947975,0.63401382980011
0.160289490437842,0.00639308834487995,0.00274341510670517,0.00674658098984171,0.0837780194505457,0.765008730503962,0.882156244175128,2.27049027021991,3.95621770613878,2.91030548298546,4.80707009404269,4.09065734397799,3.38631755915809,2.57149863865829,5.6265434193747,2.91911166113251,2.47103251026023,2.59394651636011,2.53287691237309,3.42376443046906,3.49268754309154,0.782739199484633,3.76511092815739,0.846791232614029,0.894844310933782,1.84424988425319,3.31489788222165,1.56249324127024,1.3757305496369,2.78049192016425
3.75240924648246e-05,0.13046023586086,0.155136913736846,0.341228498133943,0.616801795686545,0.0867874783742084,0.120617596498238,1.00242674051268,2.03029731796881,1.28004339662794,2.5658058857045,1.91268113730698,1.4810472863358,1.00892268150315,2.91911166113251,4.10647873322296,3.64730213009936,3.78083773955427,3.71992381872328,3.78816461065424,3.93575687364891,1.54808187956415,4.08678397773861,1.69198925051957,1.78686215047781,3.03120416429609,4.0320758842508,2.73966719193214,2.51761852184633,3.71897757764632
0.0114647758872772,0.219775346722977,0.252673096631221,0.499004846191936,0.822312425267527,0.0246996482017585,0.0431461750094861,0.764905449002822,1.66268981413433,0.990232801674517,2.14693867013311,1.53947224855645,1.15572854927974,0.747843457771277,2.47103251026023,3.64730213009936,3.98673275810917,3.98427084243676,3.97875700515015,3.33023488909053,3.48550242585911,1.76352342262802,3.7765501788011,1.93894012046068,2.05165357790475,3.34961596892815,3.98450797491494,3.07580859397222,2.85642653088753,3.86214071804304
0.0103411086559384,0.217512985870282,0.250602124439569,0.500682912717711,0.830092243447565,0.0281521001731262,0.0480724641122423,0.797165747090439,1.73523790177048,1.03553305373903,2.24554268308346,1.61382057274933,1.21172418828208,0.785055733171593,2.59394651636011,3.78083773955427,3.98427084243676,4.22850248923102,4.16739091199701,3.46663281935461,3.64695910169106,1.77018747260397,3.99893502584329,1.95216806909231,2.06992148026282,3.47871909799137,4.22758203297616,3.17785283672069,2.93386468884476,4.07508156659454
0.0143707766552015,0.23653037202023,0.271292562631417,0.534559461487861,0.874389173287763,0.0205994665626843,0.0379285732424952,0.760538546045536,1.68137051616302,0.991691320727012,2.18637844605925,1.55938130433377,1.16322122456291,0.745408524675633,2.53287691237309,3.71992381872328,3.97875700515015,4.16739091199701,4.2565380937439,3.4055437934921,3.58773669583955,1.81151825458627,3.96503746995723,2.00163317393532,2.12433701381589,3.56777525832671,4.24815511873462,3.26588777975937,3.01755412024006,4.13810259243519
0.00885854494070193,0.0644484638664218,0.0814402119592095,0.213950388951615,0.442024663592999,0.187107160442666,0.237757339851233,1.27173564840117,2.44343526165174,1.6113679403937,3.03803685498269,2.33835971297894,1.8547552989809,1.31332082202973,3.42376443046906,3.78816461065424,3.33023488909053,3.46663281935461,3.4055437934921,4.29859753860554,4.27511448620676,1.34072634079298,4.24209708698866,1.45955357832757,1.54010673270468,2.71823648975673,3.95066392317225,2.42135560904923,2.20366124370011,3.52103743827397
0.00557262461579056,0.0776452281767304,0.0966351254408151,0.244720878823643,0.490645057085718,0.169468912648981,0.218474037628239,1.24954129919378,2.44485339492666,1.59541141215128,3.06765614211756,2.3460440380364,1.84700297301031,1.29435938808995,3.49268754309154,3.93575687364891,3.48550242585911,3.64695910169106,3.58773669583955,4.27511448620676,4.58587264471775,1.40650489014263,4.55154756074666,1.53796239541575,1.62672562948991,2.91710644320425,4.25006099221505,2.59747206314721,2.35719423666586,3.79847197519725
0.203343489959571,0.630114565510071,0.682995774941825,1.04319015577487,1.39041910848084,0.0998228436232291,0.0772663428714533,0.116263732210533,0.443983023850293,0.170311064725143,0.650545858543039,0.358264163652245,0.21226749153836,0.083591826576086,0.782739199484633,1.54808187956415,1.76352342262802,1.77018747260397,1.81151825458627,1.34072634079298,1.40650489014263,2.33194281939359,1.56199681229792,2.33026322523561,2.3306040969982,2.274572592517,1.85498538007197,2.31514680463215,2.32505331252811,2.13134665746913
0.00114753524808675,0.111818671902318,0.135854234514026,0.3266585204795,0.621408769769704,0.13891120361403,0.185821320367518,1.23222884763498,2.515498259657,1.60783926007331,3.22053302720622,2.44475053057083,1.8925077374258,1.29468436734671,3.76511092815739,4.08678397773861,3.7765501788011,3.99893502584329,3.96503746995723,4.24209708698866,4.55154756074666,1.56199681229792,5.75397364068447,1.72925972928364,1.84198051391924,3.51180795396787,5.30349790310453,3.11275114187113,2.78931463072825,4.76056160941013
0.222236222341643,0.683412788312536,0.741676129718801,1.15721999987734,1.55129056839532,0.116777928209015,0.0915203101944222,0.117686530413664,0.470325770160112,0.175562101497589,0.697772068905504,0.379291352962892,0.221155129822773,0.0840163079456913,0.846791232614029,1.69198925051957,1.93894012046068,1.95216806909231,2.00163317393532,1.45955357832757,1.53796239541575,2.33026322523561,1.72925972928364,2.68469588342451,2.68466470849596,2.59933147922025,2.08014605092294,2.65565449273615,2.67011835071434,2.42232746450777
0.229026468776563,0.706057255111872,0.766969453866471,1.21270389256129,1.63293919330224,0.123201324562582,0.0967537133104259,0.122042582477331,0.493100658947844,0.183178335825784,0.734582235054537,0.398607344014397,0.231654617391472,0.0874913040276111,0.894844310933782,1.78686215047781,2.05165357790475,2.06992148026282,2.12433701381589,1.54010673270468,1.62672562948991,2.3306040969982,1.84198051391924,2.68466470849596,2.91152001444254,2.81050477410967,2.22986416899185,2.87623877136855,2.89303629561682,2.61420681243689
0.146888428898244,0.607066587271364,0.670568084891639,1.19564445043339,1.71496540277534,0.0459803859339001,0.0274691864029135,0.343549384321965,1.05911750175944,0.491249293354617,1.5107623993604,0.934906087170661,0.60944760317043,0.304170686385789,1.84424988425319,3.03120416429609,3.34961596892815,3.47871909799137,3.56777525832671,2.71823648975673,2.91710644320425,2.274572592517,3.51180795396787,2.59933147922025,2.81050477410967,5.60520886693379,4.37538386509059,5.08956791651814,4.51874020191094,5.30038075081316
0.00942065931448122,0.232856816529235,0.269785588937296,0.566234019670083,0.951384115414175,0.0387752062154254,0.0645665833622928,0.945966146109122,2.11645288705038,1.26411666748452,2.78700837105168,2.02848210554366,1.51161484805133,0.971221384205786,3.31489788222165,4.0320758842508,3.98450797491494,4.22758203297616,4.24815511873462,3.95066392317225,4.25006099221505,1.85498538007197,5.30349790310453,2.08014605092294,2.22986416899185,4.37538386509059,6.4995239714688,3.90283524986734,3.47558008177531,5.94898651005197
0.193786430370095,0.697618839803169,0.766062762907756,1.33495273340144,1.87274434978025,0.0880326601114048,0.0625140839745333,0.25108585950663,0.868390256502396,0.369138510369903,1.26971518281756,0.746929818244452,0.464619540770266,0.209453458907759,1.56249324127024,2.73966719193214,3.07580859397222,3.17785283672069,3.26588777975937,2.42135560904923,2.59747206314721,2.31514680463215,3.11275114187113,2.65565449273615,2.87623877136855,5.08956791651814,3.90283524986734,5.27954840237564,4.65832555892761,4.79099827115239
0.211596123254561,0.722407006291387,0.791020825187754,1.35235252265375,1.87910171219777,0.105703346385233,0.0784200581199768,0.208008663312696,0.758106329337567,0.308732479251098,1.11826359323382,0.641070143809253,0.390057122261488,0.166826017947975,1.3757305496369,2.51761852184633,2.85642653088753,2.93386468884476,3.01755412024006,2.20366124370011,2.35719423666586,2.32505331252811,2.78931463072825,2.67011835071434,2.89303629561682,4.51874020191094,3.47558008177531,4.65832555892761,4.68330939261954,4.2193635905246
0.0637426047924556,0.42951956969057,0.483376955067206,0.93430873725147,1.4271666122312,0.000375185026090463,0.001286753744969,0.643756701111119,1.66702051189635,0.894583558436518,2.287252881678,1.56101531407648,1.09609456061795,0.63401382980011,2.78049192016425,3.71897757764632,3.86214071804304,4.07508156659454,4.13810259243519,3.52103743827397,3.79847197519725,2.13134665746913,4.76056160941013,2.42232746450777,2.61420681243689,5.30038075081316,5.94898651005197,4.79099827115239,4.2193635905246,7.72618488488204
