0,5.06040098395428,1.85003277179855,1.95799412258111,7.31552901853699,3.36083622362785,3.91139376409179,6.28214135136575,6.87570221861291,7.15827113349569,7.32160953559647,7.52090629983069,6.98101435456639,11.0761939928717,8.05692758734994,7.71932324980682,7.99076871186629,8.17484186258817,8.99718640132492,9.03290572265336,8.81787044294569,9.51749331659279,9.25558180504134,9.58269528528088,9.27964328130932,9.44864446889978,12.8076398528689,12.0128620995287,14.530970298618,16.9825834021281
5.06040098395428,0,5.46742458591129,5.57538593669385,3.36420238787739,7.74774273511214,8.29830027557608,9.89953316547849,10.4930940327256,10.7756629476084,10.9390013497092,11.1382981139434,10.5984061686791,7.12486736221213,11.6743194014627,11.3367150639196,11.608160525979,11.7922336767009,12.6145782154377,12.6502975367661,12.4352622570584,13.1348851307055,12.8729736191541,13.2000870993936,12.8970350954221,13.0660362830125,8.85631322220929,15.6302539136414,18.1483621127307,20.5999752162408
1.85003277179855,5.46742458591129,0,0.221654784089714,7.722552620494,4.5373745229564,5.08793206342034,5.89281324553406,6.48637411278122,6.768943027664,6.93228142976478,7.131578193999,6.5916862487347,11.4832175948287,7.66759948151825,7.32999514397513,7.6014406060346,7.78551375675647,8.60785829549323,8.64357761682167,8.428542337114,9.1281652107611,8.86625369920965,9.19336717944918,8.89031517547763,9.05931636306809,13.2146634548259,11.623533993697,14.1416421927863,16.5932552962964
1.95799412258111,5.57538593669385,0.221654784089714,0,7.83051397127656,4.64533587373896,5.19589341420291,6.00077459631662,6.59433546356378,6.87690437844656,7.04024278054734,7.23953954478157,6.69964759951726,11.5911789456113,7.77556083230081,7.43795649475769,7.70940195681716,7.89347510753904,8.71581964627579,8.75153896760423,8.53650368789656,9.23612656154367,8.97421504999222,9.30132853023175,8.99827652626019,9.16727771385065,13.3226248056085,11.7314953444795,14.2496035435689,16.7012166470789
7.31552901853699,3.36420238787739,7.722552620494,7.83051397127656,0,10.0028707696948,10.5534283101588,12.1546612000612,12.7482220673084,13.0307909821911,13.1941293842919,13.3934261485261,12.8535342032618,4.93032581710938,13.9294474360454,13.5918430985023,13.8632885605617,14.0473617112836,14.8697062500204,14.9054255713488,14.6903902916411,15.3900131652882,15.1281016537368,15.4552151339763,15.1521631300048,15.3211643175952,6.66177167710654,17.8853819482241,20.4034901473134,22.8551032508235
3.36083622362785,7.74774273511214,4.5373745229564,4.64533587373896,10.0028707696948,0,3.02522897855571,8.9694831025236,9.56304396977076,9.84561288465354,10.0089512867543,10.2082480509885,9.66835610572424,13.7635357440296,10.7442693385078,10.4066650009647,10.6781104630241,10.862183613746,11.6845281524828,11.7202474738112,11.5052121941035,12.2048350677506,11.9429235561992,12.2700370364387,11.9669850324672,12.1359862200576,15.4949816040267,14.7002038506865,17.2183120497758,19.6699251532859
3.91139376409179,8.29830027557608,5.08793206342034,5.19589341420291,10.5534283101588,3.02522897855571,0,9.52004064298755,10.1136015102347,10.3961704251175,10.5595088272183,10.7588055914525,10.2189136461882,14.3140932844935,11.2948268789717,10.9572225414286,11.2286680034881,11.41274115421,12.2350856929467,12.2708050142752,12.0557697345675,12.7553926082146,12.4934810966631,12.8205945769027,12.5175425729311,12.6865437605216,16.0455391444907,15.2507613911505,17.7688695902398,20.2204826937499
6.28214135136575,9.89953316547849,5.89281324553406,6.00077459631662,12.1546612000612,8.9694831025236,9.52004064298755,0,1.77406541712714,2.05663433200991,3.12654399064549,2.05763308470632,4.47531906761508,15.9153261743959,3.86186204239895,5.21362796285552,5.48507342491499,3.07320506110239,4.80212085637394,6.52721043570206,6.31217515599439,7.01179802964149,6.74988651809004,7.07699999832957,6.77394799435802,6.94294918194848,17.6467720343931,9.50716681257737,10.335904753667,12.7875178571771
6.87570221861291,10.4930940327256,6.48637411278122,6.59433546356378,12.7482220673084,9.56304396977076,10.1136015102347,1.77406541712714,0,1.3856320405863,3.72010485789264,3.01283036559208,5.06887993486224,16.5088870416431,4.45542290964611,5.80718883010267,6.07863429216215,2.40220276967878,5.3956817236211,7.12077130294922,6.90573602324155,7.60535889688865,7.3434473853372,7.67056086557673,7.36750886160518,7.53651004919564,18.2403329016403,10.1007276798245,10.9294656209142,13.3810787244243
7.15827113349569,10.7756629476084,6.768943027664,6.87690437844656,13.0307909821911,9.84561288465354,10.3961704251175,2.05663433200991,1.3856320405863,0,4.00267377277542,3.29539928047485,5.35144884974502,16.7914559565259,4.73799182452889,6.08975774498545,6.36120320704492,1.88344622627113,5.67825063850387,7.40334021783199,7.18830493812432,7.88792781177143,7.62601630021998,7.95312978045951,7.65007777648796,7.81907896407841,18.522901816523,10.3832965947073,11.2120345357969,13.663647639307
7.32160953559647,10.9390013497092,6.93228142976478,7.04024278054734,13.1941293842919,10.0089512867543,10.5595088272183,3.12654399064549,3.72010485789264,4.00267377277542,0,4.36530893911042,5.5147872518458,16.9547943586267,1.59240026118716,6.25309614708623,6.5245416091457,5.0192445018679,2.53265907516215,7.56667861993277,7.35164334022511,8.05126621387221,7.78935470232076,8.11646818256029,7.81341617858874,7.9824173661792,18.6862402186238,10.5466349968081,7.50680937536256,9.95842247887265
7.52090629983069,11.1382981139434,7.131578193999,7.23953954478157,13.3934261485261,10.2082480509885,10.7588055914525,2.05763308470632,3.01283036559208,3.29539928047485,4.36530893911042,0,5.71408401608002,17.1540911228609,5.10062699086389,6.45239291132046,6.72383837337993,4.31197000956733,6.04088580483888,7.765975384167,7.55094010445933,8.25056297810643,7.98865146655498,8.31576494679451,8.01271294282296,8.18171413041342,18.885536982858,10.7459317610423,11.5746697021319,14.026282805642
6.98101435456639,10.5984061686791,6.5916862487347,6.69964759951726,12.8535342032618,9.66835610572424,10.2189136461882,4.47531906761508,5.06887993486224,5.35144884974502,5.5147872518458,5.71408401608002,0,16.6141991775966,6.25010530359927,2.95989739534572,3.23134285740519,6.3680195788375,7.19036411757425,5.21134282220342,4.99630754249575,5.69593041614285,5.4340189045914,5.76113238483093,5.45808038085938,5.62708156844984,18.3456450375937,5.43969768095504,12.7241480148673,15.1757611183774
11.0761939928717,7.12486736221213,11.4832175948287,11.5911789456113,4.93032581710938,13.7635357440296,14.3140932844935,15.9153261743959,16.5088870416431,16.7914559565259,16.9547943586267,17.1540911228609,16.6141991775966,0,17.6901124103801,17.352508072837,17.6239535348965,17.8080266856184,18.6303712243551,18.6660905456835,18.4510552659759,19.150678139623,18.8887666280715,19.2158801083111,18.9128281043395,19.08182929193,4.21408960696331,21.6460469225589,24.1641551216482,26.6157682251583
8.05692758734994,11.6743194014627,7.66759948151825,7.77556083230081,13.9294474360454,10.7442693385078,11.2948268789717,3.86186204239895,4.45542290964611,4.73799182452889,1.59240026118716,5.10062699086389,6.25010530359927,17.6901124103801,0,6.9884141988397,7.25985966089917,5.75456255362137,1.12548948581799,8.30199667168624,8.08696139197857,8.78658426562568,8.52467275407423,8.85178623431376,8.54873423034221,8.71773541793266,19.4215582703773,11.2819530485616,8.80176102420868,11.2533741277188
7.71932324980682,11.3367150639196,7.32999514397513,7.43795649475769,13.5918430985023,10.4066650009647,10.9572225414286,5.21362796285552,5.80718883010267,6.08975774498545,6.25309614708623,6.45239291132046,2.95989739534572,17.352508072837,6.9884141988397,0,1.61766776720501,7.10632847407793,7.92867301281469,5.94965171744385,5.73461643773618,6.43423931138329,6.17232779983183,6.49944128007137,6.19638927609981,6.36539046369027,19.0839539328342,7.991745140308,13.4624569101078,15.9140700136178
7.99076871186629,11.608160525979,7.6014406060346,7.70940195681716,13.8632885605617,10.6781104630241,11.2286680034881,5.48507342491499,6.07863429216215,6.36120320704492,6.5245416091457,6.72383837337993,3.23134285740519,17.6239535348965,7.25985966089917,1.61766776720501,0,7.3777739361374,8.20011847487416,6.22109717950332,6.00606189979565,6.70568477344276,6.4437732618913,6.77088674213084,6.46783473815928,6.63683592574974,19.3553993948936,8.26319060236747,13.7339023721672,16.1855154756773
8.17484186258817,11.7922336767009,7.78551375675647,7.89347510753904,14.0473617112836,10.862183613746,11.41274115421,3.07320506110239,2.40220276967878,1.88344622627113,5.0192445018679,4.31197000956733,6.3680195788375,17.8080266856184,5.75456255362137,7.10632847407793,7.3777739361374,0,6.69482136759635,8.41991094692447,8.2048756672168,8.90449854086391,8.64258702931246,8.96970050955199,8.66664850558043,8.83564969317089,19.5394725456155,11.3998673237998,12.2286052648894,14.6802183683995
8.99718640132492,12.6145782154377,8.60785829549323,8.71581964627579,14.8697062500204,11.6845281524828,12.2350856929467,4.80212085637394,5.3956817236211,5.67825063850387,2.53265907516215,6.04088580483888,7.19036411757425,18.6303712243551,1.12548948581799,7.92867301281469,8.20011847487416,6.69482136759635,0,9.24225548566123,9.02722020595356,9.72684307960066,9.46493156804921,9.79204504828874,9.48899304431719,9.65799423190765,20.3618170843523,12.2222118625365,9.74201983818366,12.1936329416938
9.03290572265336,12.6502975367661,8.64357761682167,8.75153896760423,14.9054255713488,11.7202474738112,12.2708050142752,6.52721043570206,7.12077130294922,7.40334021783199,7.56667861993277,7.765975384167,5.21134282220342,18.6660905456835,8.30199667168624,5.94965171744385,6.22109717950332,8.41991094692447,9.24225548566123,0,2.72810487292344,0.654466306661817,3.16581623501909,2.11546619901152,3.18987771128708,3.35887889887753,20.3975364056807,10.2431905671657,14.7760393829543,17.2276524864644
8.81787044294569,12.4352622570584,8.428542337114,8.53650368789656,14.6903902916411,11.5052121941035,12.0557697345675,6.31217515599439,6.90573602324155,7.18830493812432,7.35164334022511,7.55094010445933,4.99630754249575,18.4510552659759,8.08696139197857,5.73461643773618,6.00606189979565,8.2048756672168,9.02722020595356,2.72810487292344,0,3.21269246686288,0.698938764411529,3.27789443555096,1.342828434425,1.51182962201546,20.182501125973,10.028155287458,14.5610041032466,17.0126172067567
9.51749331659279,13.1348851307055,9.1281652107611,9.23612656154367,15.3900131652882,12.2048350677506,12.7553926082146,7.01179802964149,7.60535889688865,7.88792781177143,8.05126621387221,8.25056297810643,5.69593041614285,19.150678139623,8.78658426562568,6.43423931138329,6.70568477344276,8.90449854086391,9.72684307960066,0.654466306661817,3.21269246686288,0,3.65040382895853,2.60005379295096,3.67446530522651,3.84346649281697,20.8821239996201,10.7277781611051,15.2606269768937,17.7122400804038
9.25558180504134,12.8729736191541,8.86625369920965,8.97421504999222,15.1281016537368,11.9429235561992,12.4934810966631,6.74988651809004,7.3434473853372,7.62601630021998,7.78935470232076,7.98865146655498,5.4340189045914,18.8887666280715,8.52467275407423,6.17232779983183,6.4437732618913,8.64258702931246,9.46493156804921,3.16581623501909,0.698938764411529,3.65040382895853,0,3.71560579764661,1.78053979652065,1.94954098411111,20.6202124880687,10.4658666495537,14.9987154653423,17.4503285688524
9.58269528528088,13.2000870993936,9.19336717944918,9.30132853023175,15.4552151339763,12.2700370364387,12.8205945769027,7.07699999832957,7.67056086557673,7.95312978045951,8.11646818256029,8.31576494679451,5.76113238483093,19.2158801083111,8.85178623431376,6.49944128007137,6.77088674213084,8.96970050955199,9.79204504828874,2.11546619901152,3.27789443555096,2.60005379295096,3.71560579764661,0,3.73966727391459,3.90866846150505,20.9473259683082,10.7929801297932,15.3258289455818,17.7774420490919
9.27964328130932,12.8970350954221,8.89031517547763,8.99827652626019,15.1521631300048,11.9669850324672,12.5175425729311,6.77394799435802,7.36750886160518,7.65007777648796,7.81341617858874,8.01271294282296,5.45808038085938,18.9128281043395,8.54873423034221,6.19638927609981,6.46783473815928,8.66664850558043,9.48899304431719,3.18987771128708,1.342828434425,3.67446530522651,1.78053979652065,3.73966727391459,0,1.66582467199196,20.6442739643367,10.4899281258217,15.0227769416103,17.4743900451203
9.44864446889978,13.0660362830125,9.05931636306809,9.16727771385065,15.3211643175952,12.1359862200576,12.6865437605216,6.94294918194848,7.53651004919564,7.81907896407841,7.9824173661792,8.18171413041342,5.62708156844984,19.08182929193,8.71773541793266,6.36539046369027,6.63683592574974,8.83564969317089,9.65799423190765,3.35887889887753,1.51182962201546,3.84346649281697,1.94954098411111,3.90866846150505,1.66582467199196,0,20.8132751519271,10.6589293134121,15.1917781292007,17.6433912327108
12.8076398528689,8.85631322220929,13.2146634548259,13.3226248056085,6.66177167710654,15.4949816040267,16.0455391444907,17.6467720343931,18.2403329016403,18.522901816523,18.6862402186238,18.885536982858,18.3456450375937,4.21408960696331,19.4215582703773,19.0839539328342,19.3553993948936,19.5394725456155,20.3618170843523,20.3975364056807,20.182501125973,20.8821239996201,20.6202124880687,20.9473259683082,20.6442739643367,20.8132751519271,0,23.377492782556,25.8956009816453,28.3472140851554
12.0128620995287,15.6302539136414,11.623533993697,11.7314953444795,17.8853819482241,14.7002038506865,15.2507613911505,9.50716681257737,10.1007276798245,10.3832965947073,10.5466349968081,10.7459317610423,5.43969768095504,21.6460469225589,11.2819530485616,7.991745140308,8.26319060236747,11.3998673237998,12.2222118625365,10.2431905671657,10.028155287458,10.7277781611051,10.4658666495537,10.7929801297932,10.4899281258217,10.6589293134121,23.377492782556,0,17.7559957598296,20.2076088633397
14.530970298618,18.1483621127307,14.1416421927863,14.2496035435689,20.4034901473134,17.2183120497758,17.7688695902398,10.335904753667,10.9294656209142,11.2120345357969,7.50680937536256,11.5746697021319,12.7241480148673,24.1641551216482,8.80176102420868,13.4624569101078,13.7339023721672,12.2286052648894,9.74201983818366,14.7760393829543,14.5610041032466,15.2606269768937,14.9987154653423,15.3258289455818,15.0227769416103,15.1917781292007,25.8956009816453,17.7559957598296,0,3.53747564702049
16.9825834021281,20.5999752162408,16.5932552962964,16.7012166470789,22.8551032508235,19.6699251532859,20.2204826937499,12.7875178571771,13.3810787244243,13.663647639307,9.95842247887265,14.026282805642,15.1757611183774,26.6157682251583,11.2533741277188,15.9140700136178,16.1855154756773,14.6802183683995,12.1936329416938,17.2276524864644,17.0126172067567,17.7122400804038,17.4503285688524,17.7774420490919,17.4743900451203,17.6433912327108,28.3472140851554,20.2076088633397,3.53747564702049,0
