1.99123190996365,1.94476176471405,1.51678489252803,0.587416836491475,1.9774979793837,0.619459931621901,0.211926008212424,0.57293936423466,0.185913594560562,0.804230441620174,0.459969380333628,0.024565688284313,0.032365702720194,0.00571536467835854,0.0774817666964807,0.0853410140539577,0.051525641637824,0.156713302098627,0.242194162473297,0.000109202021512544,0.256729692373004,0.0174749319147196,0.52105883837152,0.476966692265451,0.355871617317137,0.783849318191109,1.03767250551085,0.707805872206639,1.29415177925704,1.4126998713315
1.94476176471405,2.15355905837722,1.48706750705963,0.544082122081665,2.15305166349066,0.574163087030683,0.174946063582273,0.526720247593793,0.150071379621831,0.758978186213175,0.414131161946212,0.010859900662807,0.0589428699397163,0.000396979140604881,0.118612971520433,0.0592304743468741,0.0854894276257134,0.217620916985892,0.315312219627464,0.00504261339972256,0.333151245910432,0.0057020812096491,0.639806768613983,0.591267045323561,0.452550265155869,0.930767681666302,1.20884504939142,0.849251174540035,1.48687532880979,1.61209275589877
1.51678489252803,1.48706750705963,2.25513669893359,1.02179980829423,1.78295087335617,1.1230947918645,0.63319954324141,1.14641040636506,0.601004771605103,1.46143143670927,1.03342872787202,0.251961501862395,0.0266531292435803,0.180691555587421,0.00403174278058849,0.410879279975311,0.0145476183495528,0.00286639537053635,0.0291585042063947,0.123797053837374,0.0336123379924489,0.251091584743559,0.167275729625227,0.137798744222061,0.0715278236985126,0.359084091484029,0.573626962275792,0.29666606418038,0.820989760042186,0.947221087747105
0.587416836491475,0.544082122081665,1.02179980829423,1.50174995921754,0.627300361873484,1.49492189508051,1.09819449373932,1.44333884695491,1.06682791688414,1.50163138562588,1.35600622560266,0.713313211207899,0.345796023286788,0.623181438434377,0.260902193393406,0.890797421846085,0.312659906055523,0.179003718380193,0.0956589842761839,0.548765946515083,0.0915460262708221,0.721086248973948,0.0159494097534427,0.0268261075674676,0.0627482821795518,0.00244498111310287,0.0377703583359521,7.9471606069248e-05,0.107417096442563,0.156668118022331
1.9774979793837,2.15305166349066,1.78295087335617,0.627300361873484,3.82241378694789,0.686850112354295,0.227438395139883,0.678516767305369,0.197834967981178,0.99508859760877,0.563035793377561,0.0119365275810788,0.0934939348282846,8.25608518653098e-05,0.184939524155688,0.0757212725421281,0.136040557865034,0.342125511014442,0.471646822849918,0.0104201114307951,0.502990647775133,0.00585088318704763,1.00667641999199,0.940495830865331,0.71617253223713,1.4500844846998,1.9029564362379,1.34838128720925,2.41580840795334,2.62699806359055
0.619459931621901,0.574163087030683,1.1230947918645,1.49492189508051,0.686850112354295,1.85393788945147,1.36281401734779,1.79394311501486,1.33075628869044,1.85126048375629,1.69230683470153,0.896070422811775,0.449081144803258,0.789157382456941,0.34512690944933,1.11609244948516,0.410617172634101,0.244616871591116,0.135377997620684,0.705797988008205,0.130626086726776,0.920602444250255,0.0299427532523975,0.0459548349822541,0.0950828052083423,0.00033998289655468,0.0309808773237612,0.0020784603914823,0.103520721577143,0.156912172396967
0.211926008212424,0.174946063582273,0.63319954324141,1.09819449373932,0.227438395139883,1.36281401734779,3.53021881028941,2.14681601115722,3.4980181455159,1.8521089011271,3.03623324292396,2.76584123654013,1.88932320345331,2.60459629652661,1.66576150398937,3.19659265453137,1.84942345347778,1.45620560278197,1.03549053971492,2.54361029287181,1.03993378321619,2.96333224662967,0.697917231902374,0.801145731869574,1.00574397222921,0.347048398535333,0.154842467254716,0.46862817901275,0.0478414281272457,0.0140485215802562
0.57293936423466,0.526720247593793,1.14641040636506,1.44333884695491,0.678516767305369,1.79394311501486,2.14681601115722,2.79959128275099,2.13367575627278,2.50184357817054,2.68227173368121,1.48656323105681,0.828983194941407,1.34290143758178,0.671824709030499,1.82444382090027,0.781352196778624,0.520032972747143,0.316501058498962,1.25394965983973,0.311467257017521,1.59086927982023,0.124274420093141,0.162531185662592,0.260953351375704,0.0162298426711986,0.0031253230062207,0.0422294385110149,0.0508910267785074,0.0984127380170401
0.185913594560562,0.150071379621831,0.601004771605103,1.06682791688414,0.197834967981178,1.33075628869044,3.4980181455159,2.13367575627278,4.06084479933291,1.84440905649071,3.15476909948612,3.14885879826121,2.19280669539184,2.99486792076622,1.94976960600771,3.67247044175345,2.16522752953585,1.72916440143563,1.22603283733101,2.97543195959434,1.23623290968724,3.4695407013633,0.862517859708356,0.986649515789872,1.22126651190543,0.44752565444718,0.216260286664003,0.595949170619257,0.0808950003010294,0.032058333640423
0.804230441620174,0.758978186213175,1.46143143670927,1.50163138562588,0.99508859760877,1.85126048375629,1.8521089011271,2.50184357817054,1.84440905649071,2.98375623537424,2.50277380984992,1.19419116444881,0.580789440351956,1.05431542491553,0.442236952462611,1.52708846252599,0.535075901152271,0.311206570841787,0.160304039375737,0.964254369487048,0.155097201661211,1.29323693369465,0.0298878150829411,0.0496893305797492,0.112605320064169,0.00300413138409095,0.0582296732992926,0.000425706253043501,0.173348970819389,0.253497761706029
0.459969380333628,0.414131161946212,1.03342872787202,1.35600622560266,0.563035793377561,1.69230683470153,3.03623324292396,2.68227173368121,3.15476909948612,2.50277380984992,4.04572514497635,2.27934521555079,1.40242891971137,2.11826423971887,1.18777304127601,2.76692929949422,1.36008809535617,0.986630653326086,0.633931184510504,2.07458578468394,0.633422612141015,2.5800921906646,0.342535914326206,0.41825221275537,0.586056513404626,0.107037635956564,0.0146780020122526,0.177906038376976,0.0045374009848187,0.02845306114616
0.024565688284313,0.010859900662807,0.251961501862395,0.713313211207899,0.0119365275810788,0.896070422811775,2.76584123654013,1.48656323105681,3.14885879826121,1.19419116444881,2.27934521555079,4.22092027857879,3.22741780460572,4.05954064787453,2.96823561550144,3.80261879898527,3.21793568096613,2.74361327636826,2.07693606990595,3.98531227749396,2.10611847083314,4.21200777918245,1.68502401294005,1.86220608576935,2.15421130061686,1.07902816374459,0.702531581277263,1.32206493794655,0.445123021708643,0.311238904252967
0.032365702720194,0.0589428699397163,0.0266531292435803,0.345796023286788,0.0934939348282846,0.449081144803258,1.88932320345331,0.828983194941407,2.19280669539184,0.580789440351956,1.40242891971137,3.22741780460572,4.88277023109102,3.75102875791595,4.61762226457337,2.80913429705343,4.83450681777814,4.39671961339839,3.4733558260695,4.52794772201396,3.55560310704128,4.0791233620039,3.14969119571943,3.40007724128318,3.74894640115732,2.28303487484267,1.72110644235867,2.67520820889681,1.32842157636547,1.07422100026453
0.00571536467835854,0.000396979140604881,0.180691555587421,0.623181438434377,8.25608518653098e-05,0.789157382456941,2.60459629652661,1.34290143758178,2.99486792076622,1.05431542491553,2.11826423971887,4.05954064787453,3.75102875791595,4.67276726089122,3.48597190634951,3.68092183009748,3.77555558032459,3.26946656977068,2.4746786152525,4.58225063935419,2.52019683738223,4.64550061496357,2.0918635372342,2.30238281932487,2.62733122018815,1.38596295957873,0.945430504873354,1.68084244902162,0.641611077715321,0.472353858666621
0.0774817666964807,0.118612971520433,0.00403174278058849,0.260902193393406,0.184939524155688,0.34512690944933,1.66576150398937,0.671824709030499,1.94976960600771,0.442236952462611,1.18777304127601,2.96823561550144,4.61762226457337,3.48597190634951,5.25092055225464,2.55021392352958,5.12307632801976,5.02611732753054,3.95267438180733,4.39086759607373,4.0779284835337,3.88331323762779,3.72442406881818,4.00505216935144,4.371729271142,2.75687457144025,2.13252681848105,3.2124333435382,1.70196506785853,1.404736893482
0.0853410140539577,0.0592304743468741,0.410879279975311,0.890797421846085,0.0757212725421281,1.11609244948516,3.19659265453137,1.82444382090027,3.67247044175345,1.52708846252599,2.76692929949422,3.80261879898527,2.80913429705343,3.68092183009748,2.55021392352958,4.39252050437576,2.80264403991832,2.32550094610811,1.69684808007785,3.69354953846449,1.71929875339291,4.15781767898193,1.30825001671298,1.4693322364888,1.74760132195864,0.76954528599789,0.450065469144788,0.97633954753099,0.242213412584992,0.146251341951453
0.051525641637824,0.0854894276257134,0.0145476183495528,0.312659906055523,0.136040557865034,0.410617172634101,1.84942345347778,0.781352196778624,2.16522752953585,0.535075901152271,1.36008809535617,3.21793568096613,4.83450681777814,3.77555558032459,5.12307632801976,2.80264403991832,5.58004882628925,5.04643919963516,3.8249968387896,4.81866024623306,3.95462910503405,4.29083699543761,3.62728745413518,3.93298527501917,4.32380972131363,2.63109734833537,2.00492084631462,3.09991131761472,1.57642948184702,1.28437580768614
0.156713302098627,0.217620916985892,0.00286639537053635,0.179003718380193,0.342125511014442,0.244616871591116,1.45620560278197,0.520032972747143,1.72916440143563,0.311206570841787,0.986630653326086,2.74361327636826,4.39671961339839,3.26946656977068,5.02611732753054,2.32550094610811,5.04643919963516,6.26504152588788,4.46314730185513,4.32372930262106,4.71097608289587,3.77902744056071,4.707846644463,5.08916348809806,5.51274846886948,3.51419058052435,2.78522019697617,4.12031308627755,2.30421673766966,1.93241972302681
0.242194162473297,0.315312219627464,0.0291585042063947,0.0956589842761839,0.471646822849918,0.135377997620684,1.03549053971492,0.316501058498962,1.22603283733101,0.160304039375737,0.633931184510504,2.07693606990595,3.4733558260695,2.4746786152525,3.95267438180733,1.69684808007785,3.8249968387896,4.46314730185513,4.61459666678057,3.13030176528104,4.60931935754402,2.67224856815796,4.22265001084203,4.37520359945499,4.55771846578016,3.41318703967664,2.78998975746921,3.8080099665111,2.34571148601643,2.01981886712718
0.000109202021512544,0.00504261339972256,0.123797053837374,0.548765946515083,0.0104201114307951,0.705797988008205,2.54361029287181,1.25394965983973,2.97543195959434,0.964254369487048,2.07458578468394,3.98531227749396,4.52794772201396,4.58225063935419,4.39086759607373,3.69354953846449,4.81866024623306,4.32372930262106,3.13030176528104,6.28416093975128,3.22972691513676,5.73445432999286,2.86773392920856,3.17462275631535,3.57687459015466,1.93219045666076,1.36841772371901,2.35410201966466,0.986417899414981,0.751726075392052
0.256729692373004,0.333151245910432,0.0336123379924489,0.0915460262708221,0.502990647775133,0.130626086726776,1.03993378321619,0.311467257017521,1.23623290968724,0.155097201661211,0.633422612141015,2.10611847083314,3.55560310704128,2.52019683738223,4.0779284835337,1.71929875339291,3.95462910503405,4.71097608289587,4.60931935754402,3.22972691513676,4.93352303357779,2.75224964066116,4.50512797237396,4.68106812845931,4.88079975708933,3.60798467164043,2.94625384299956,4.05260378397345,2.48563387104564,2.13860166320452
0.0174749319147196,0.0057020812096491,0.251091584743559,0.721086248973948,0.00585088318704763,0.920602444250255,2.96333224662967,1.59086927982023,3.4695407013633,1.29323693369465,2.5800921906646,4.21200777918245,4.0791233620039,4.64550061496357,3.88331323762779,4.15781767898193,4.29083699543761,3.77902744056071,2.67224856815796,5.73445432999286,2.75224964066116,6.7545298165762,2.35878112425375,2.64459113630724,3.03722615600453,1.4983646316939,0.992244401886414,1.87158550393508,0.654487609319991,0.464630087242893
0.52105883837152,0.639806768613983,0.167275729625227,0.0159494097534427,1.00667641999199,0.0299427532523975,0.697917231902374,0.124274420093141,0.862517859708356,0.0298878150829411,0.342535914326206,1.68502401294005,3.14969119571943,2.0918635372342,3.72442406881818,1.30825001671298,3.62728745413518,4.707846644463,4.22265001084203,2.86773392920856,4.50512797237396,2.35878112425375,6.70553623165912,6.63190816159458,6.09873870216399,5.22639006069494,4.40631427609999,6.08667826168255,3.91405441594761,3.41284223859469
0.476966692265451,0.591267045323561,0.137798744222061,0.0268261075674676,0.940495830865331,0.0459548349822541,0.801145731869574,0.162531185662592,0.986649515789872,0.0496893305797492,0.41825221275537,1.86220608576935,3.40007724128318,2.30238281932487,4.00505216935144,1.4693322364888,3.93298527501917,5.08916348809806,4.37520359945499,3.17462275631535,4.68106812845931,2.64459113630724,6.63190816159458,7.35315221522591,6.62717631538074,5.17370509214232,4.35800953238348,6.1300175920286,3.87526417388871,3.35891337234542
0.355871617317137,0.452550265155869,0.0715278236985126,0.0627482821795518,0.71617253223713,0.0950828052083423,1.00574397222921,0.260953351375704,1.22126651190543,0.112605320064169,0.586056513404626,2.15421130061686,3.74894640115732,2.62733122018815,4.371729271142,1.74760132195864,4.32380972131363,5.51274846886948,4.55771846578016,3.57687459015466,4.88079975708933,3.03722615600453,6.09873870216399,6.62717631538074,7.0755858352539,4.65882842280293,3.84403303051103,5.48530025440006,3.34326874304232,2.8714847145519
0.783849318191109,0.930767681666302,0.359084091484029,0.00244498111310287,1.4500844846998,0.00033998289655468,0.347048398535333,0.0162298426711986,0.44752565444718,0.00300413138409095,0.107037635956564,1.07902816374459,2.28303487484267,1.38596295957873,2.75687457144025,0.76954528599789,2.63109734833537,3.51419058052435,3.41318703967664,1.93219045666076,3.60798467164043,1.4983646316939,5.22639006069494,5.17370509214232,4.65882842280293,5.89983250561246,5.07950573416486,5.79757571331603,4.58294215822503,4.08461951003283
1.03767250551085,1.20884504939142,0.573626962275792,0.0377703583359521,1.9029564362379,0.0309808773237612,0.154842467254716,0.0031253230062207,0.216260286664003,0.0582296732992926,0.0146780020122526,0.702531581277263,1.72110644235867,0.945430504873354,2.13252681848105,0.450065469144788,2.00492084631462,2.78522019697617,2.78998975746921,1.36841772371901,2.94625384299956,0.992244401886414,4.40631427609999,4.35800953238348,3.84403303051103,5.07950573416486,5.81707396045815,5.07177352520244,5.31477974518266,4.81513793679574
0.707805872206639,0.849251174540035,0.29666606418038,7.9471606069248e-05,1.34838128720925,0.0020784603914823,0.46862817901275,0.0422294385110149,0.595949170619257,0.000425706253043501,0.177906038376976,1.32206493794655,2.67520820889681,1.68084244902162,3.2124333435382,0.97633954753099,3.09991131761472,4.12031308627755,3.8080099665111,2.35410201966466,4.05260378397345,1.87158550393508,6.08667826168255,6.1300175920286,5.48530025440006,5.79757571331603,5.07177352520244,6.92910823496186,4.63026957086016,4.07670658553175
1.29415177925704,1.48687532880979,0.820989760042186,0.107417096442563,2.41580840795334,0.103520721577143,0.0478414281272457,0.0508910267785074,0.0808950003010294,0.173348970819389,0.0045374009848187,0.445123021708643,1.32842157636547,0.641611077715321,1.70196506785853,0.242213412584992,1.57642948184702,2.30421673766966,2.34571148601643,0.986417899414981,2.48563387104564,0.654487609319991,3.91405441594761,3.87526417388871,3.34326874304232,4.58294215822503,5.31477974518266,4.63026957086016,6.3987525111393,5.7620991433738
1.4126998713315,1.61209275589877,0.947221087747105,0.156668118022331,2.62699806359055,0.156912172396967,0.0140485215802562,0.0984127380170401,0.032058333640423,0.253497761706029,0.02845306114616,0.311238904252967,1.07422100026453,0.472353858666621,1.404736893482,0.146251341951453,1.28437580768614,1.93241972302681,2.01981886712718,0.751726075392052,2.13860166320452,0.464630087242893,3.41284223859469,3.35891337234542,2.8714847145519,4.08461951003283,4.81513793679574,4.07670658553175,5.7620991433738,6.02301426496791
