1.28725284508657,0.0950211476410603,0.14329771365518,0.191385804494557,1.27457311457662,0.287010102361735,0.363264650191158,0.734786189033335,0.321702446731349,0.0684625400059016,0.744046515670582,0.0548387079382016,0.0550263862689535,0.217068578079868,0.325703540757833,0.0713216956921454,0.945042890819199,1.04426699656556,0.137532979705848,0.0655282198934795,0.122906446470257,0.0989209663770563,0.0430923544793962,0.0239678091664111,1.2102964642752,0.008124588268966,0.573168788027733,0.295105653520872,0.544400351196386,0.171487624241589
0.0950211476410603,0.31702669924772,0.317024945306889,0.312825709453133,0.103581917508043,0.224604372255645,0.311449040588236,0.223974688801676,0.317017513561926,0.273305263695209,0.000147987784383075,0.266543022031355,0.266684919679244,0.310161859911874,0.316791197163906,0.112675492136949,0.00927622850730403,0.0216867109012342,0.0825105538940218,0.118010036703208,0.290591580131044,0.100319045726023,0.134427536823587,0.151512901513011,0.0550512033190882,0.172294356500289,0.00636114860858239,0.0457786233663899,0.0100839327480262,0.0787328187584873
0.14329771365518,0.317024945306889,0.527275676688661,0.504301784828896,0.157446573461556,0.297425339418741,0.516169644950461,0.350780524379261,0.527247304551547,0.450024986485765,0.000264651116075099,0.438480328257799,0.438665365686542,0.514728679090541,0.526804585228874,0.179822002762669,0.0148733506873797,0.0343525928102524,0.131281875538864,0.189249660988695,0.480966853526597,0.160503984640637,0.216690750108795,0.245055049328979,0.0869097530211813,0.27969707262724,0.0100027053292484,0.0736935528024096,0.0160561592897968,0.127376667221003
0.191385804494557,0.312825709453133,0.504301784828896,0.583559200766716,0.208517527044883,0.342261280358358,0.582058465579012,0.425614209244732,0.578273183263731,0.460629526424799,0.00508058315276827,0.446264775537069,0.446451045031158,0.55035881694687,0.575878790840855,0.157161996444803,0.0327585215567934,0.0603253717407783,0.108464828896239,0.166882770348586,0.501914355652468,0.137579269679655,0.195475881996073,0.225554677903485,0.127700516014131,0.263020937933462,0.00241155515875313,0.0533802885978383,0.00589362877076827,0.10453033652194
1.27457311457662,0.103581917508043,0.157446573461556,0.208517527044883,1.37637436497507,0.301197139146175,0.402241736324287,0.788679845785785,0.36483340588986,0.0869338088770282,0.749243611672453,0.0712683318812921,0.0714532894769775,0.252583715562749,0.371724828939615,0.0611058305806123,0.965869604930028,1.07315743748191,0.125311911171387,0.0555097890391223,0.149904550974782,0.087530240488344,0.0344662420907134,0.0172434257548031,1.26437127129744,0.00419682008738054,0.571530219560792,0.283764054734264,0.542262842842801,0.158815880751552
0.287010102361735,0.224604372255645,0.297425339418741,0.342261280358358,0.301197139146175,0.44127672495916,0.397420566580648,0.430932232587204,0.365441179488568,0.221583229119836,0.0632973448944643,0.209032698559218,0.209219709111037,0.316833802219048,0.361103535738114,0.0285244951372261,0.116543798416322,0.153426978859439,0.0107656893856398,0.0321425486076059,0.260750860719093,0.0203360501131038,0.0447467989363077,0.0596292902407365,0.226561342570642,0.0800221530460932,0.0234671996772811,4.10145156837238e-05,0.017208319869173,0.00850429791899865
0.363264650191158,0.311449040588236,0.516169644950461,0.582058465579012,0.402241736324287,0.397420566580648,1.41433866247599,0.802285325939651,1.36765845674065,0.99736386191554,0.0195480833414088,0.961643644015291,0.961070333547092,1.26261699912967,1.36506966036495,0.286064002749663,0.0874622523142623,0.146658529988118,0.190660866092164,0.310382070510109,1.13425721303053,0.25079475905391,0.37403751612585,0.440477315665631,0.290243027761987,0.525077143953914,0.000929373752935003,0.0907063978280238,0.00509702214414087,0.194435820332763
0.734786189033335,0.223974688801676,0.350780524379261,0.425614209244732,0.788679845785785,0.430932232587204,0.802285325939651,1.21644059907493,0.784025866448125,0.408668092348792,0.24528747348247,0.380103379520011,0.3799910505333,0.654044004900916,0.796240731985991,0.0199445990837135,0.399469699052442,0.49199122084962,0.00164340121860329,0.024958032235197,0.522849671265647,0.0101327078562932,0.04389954161489,0.0686796316821772,0.685470455556066,0.105688404549752,0.128917119855262,0.0132254441030542,0.109128965434945,0.000425386063612088
0.321702446731349,0.317017513561926,0.527247304551547,0.578273183263731,0.36483340588986,0.365441179488568,1.36765845674065,0.784025866448125,2.49514237793256,1.86983553464202,0.000444413952016554,1.81547195718587,1.81158394898512,2.32855778281967,2.49067966079269,0.621635776506396,0.0439791793570961,0.0999783380365478,0.454988212234885,0.67793050100133,2.15944625139888,0.572028675033476,0.801736420671262,0.923737217868961,0.254834788716408,1.0769123617228,0.0388349801905541,0.289460553122796,0.0649212652873192,0.505186085802447
0.0684625400059016,0.273305263695209,0.450024986485765,0.460629526424799,0.0869338088770282,0.221583229119836,0.99736386191554,0.408668092348792,1.86983553464202,3.71351067091633,0.207118609078032,3.65514635867786,3.646376065947,2.64542097689585,2.31989556958822,1.74572448139625,0.0617998438763654,0.0126078782301597,1.47285985542088,1.89890217287865,3.62146593966656,1.71834874967448,2.15183934344865,2.37031528553099,0.0115963520605162,2.63126455018084,0.560508283850914,1.31037635591804,0.707526514794524,1.76522661905852
0.744046515670582,0.000147987784383075,0.000264651116075099,0.00508058315276827,0.749243611672453,0.0632973448944643,0.0195480833414088,0.24528747348247,0.000444413952016554,0.207118609078032,3.41358294641834,0.249106709280941,0.246567044900687,0.0228605109051574,1.85474257663465e-05,1.28414809533501,2.89835740324071,2.34630467766925,1.62967931862053,1.31108074723829,0.137105444815068,1.49420097728504,1.21247217398621,1.079438866504,1.7497230136329,0.920566459999788,3.17672086724747,2.5096296720283,3.15471731810191,2.06012806261262
0.0548387079382016,0.266543022031355,0.438480328257799,0.446264775537069,0.0712683318812921,0.209032698559218,0.961643644015291,0.380103379520011,1.81547195718587,3.65514635867786,0.249106709280941,3.8734753075336,3.82369702715535,2.58719192168025,2.26191597369045,1.87529495151486,0.0847600212331381,0.023038343418921,1.59558505431394,2.04298538883922,3.68582751055958,1.85601504755149,2.31259889089929,2.54245152612707,0.00505012550977568,2.81632299981934,0.641778805674158,1.44845105432453,0.805979369317622,1.92894331432039
0.0550263862689535,0.266684919679244,0.438665365686542,0.446451045031158,0.0714532894769775,0.209219709111037,0.961070333547092,0.3799910505333,1.81158394898512,3.646376065947,0.246567044900687,3.82369702715535,3.82388494109096,2.57881361641925,2.25302206602118,1.86170861502565,0.0836285757688287,0.0226013179557731,1.58305973719295,2.02669232139145,3.64675482307223,1.84088117927997,2.2928566747036,2.52009266661759,0.00516614509859581,2.79060387076141,0.635059567220532,1.43298714764424,0.796926883718005,1.90825835646863
0.217068578079868,0.310161859911874,0.514728679090541,0.55035881694687,0.252583715562749,0.316833802219048,1.26261699912967,0.654044004900916,2.32855778281967,2.64542097689585,0.0228605109051574,2.58719192168025,2.57881361641925,3.20035419737301,2.87359217899329,1.02045868012997,0.0025494131675079,0.0290057830660686,0.800080310309266,1.1131591686205,3.03096502154598,0.971047816373932,1.2925393517339,1.46007966871608,0.141070514519151,1.6667752408212,0.163112181379219,0.60823643008641,0.227241996003384,0.931092533936967
0.325703540757833,0.316791197163906,0.526804585228874,0.575878790840855,0.371724828939615,0.361103535738114,1.36506966036495,0.796240731985991,2.49067966079269,2.31989556958822,1.85474257663465e-05,2.26191597369045,2.25302206602118,2.87359217899329,3.29385223382335,0.772194945035911,0.0396957280474157,0.0982466102552535,0.574050513978218,0.849411971540954,2.79961641236706,0.721144929617851,1.00860319301985,1.16231551196748,0.265335133974864,1.35570853800312,0.0602562478428306,0.389969299022394,0.0975726950729046,0.66610045941481
0.0713216956921454,0.112675492136949,0.179822002762669,0.157161996444803,0.0611058305806123,0.0285244951372261,0.286064002749663,0.0199445990837135,0.621635776506396,1.74572448139625,1.28414809533501,1.87529495151486,1.86170861502565,1.02045868012997,0.772194945035911,3.54586532056174,0.895299024129954,0.622893889892072,3.2548834001514,3.53829634474844,1.69156384749278,3.49475732163086,3.46601781108124,3.33976508860967,0.318155540443811,3.15279194579612,2.12572178015396,3.10631024952525,2.40916317368979,3.42931061279071
0.945042890819199,0.00927622850730403,0.0148733506873797,0.0327585215567934,0.965869604930028,0.116543798416322,0.0874622523142623,0.399469699052442,0.0439791793570961,0.0617998438763654,2.89835740324071,0.0847600212331381,0.0836285757688287,0.0025494131675079,0.0396957280474157,0.895299024129954,3.45753482667094,2.79829759926084,1.19318896553353,0.907810732668696,0.0221944955536326,1.06610119928285,0.81617810854294,0.701813262332535,2.18159956948728,0.569300997518459,2.73428992620824,1.99655125423041,2.74326224875803,1.5519740075039
1.04426699656556,0.0216867109012342,0.0343525928102524,0.0603253717407783,1.07315743748191,0.153426978859439,0.146658529988118,0.49199122084962,0.0999783380365478,0.0126078782301597,2.34630467766925,0.023038343418921,0.0226013179557731,0.0290057830660686,0.0982466102552535,0.622893889892072,2.79829759926084,2.9475982409853,0.861647827438945,0.623918676027113,6.76794549843152e-05,0.750665084230383,0.544831611593977,0.453441278000345,2.3275143664291,0.350535426479419,2.12105456442807,1.47336074950671,2.11284601434191,1.10477576208111
0.137532979705848,0.0825105538940218,0.131281875538864,0.108464828896239,0.125311911171387,0.0107656893856398,0.190660866092164,0.00164340121860329,0.454988212234885,1.47285985542088,1.62967931862053,1.59558505431394,1.58305973719295,0.800080310309266,0.574050513978218,3.2548834001514,1.19318896553353,0.861647827438945,3.77299788987165,3.39449990437288,1.40951305313495,3.63284797820898,3.30083054170253,3.12956961361754,0.490303557130149,2.90806667709061,2.61526391017556,3.58054666328013,2.92553001535209,3.76893651019545
0.0655282198934795,0.118010036703208,0.189249660988695,0.166882770348586,0.0555097890391223,0.0321425486076059,0.310382070510109,0.024958032235197,0.67793050100133,1.89890217287865,1.31108074723829,2.04298538883922,2.02669232139145,1.1131591686205,0.849411971540954,3.53829634474844,0.907810732668696,0.623918676027113,3.39449990437288,3.97953004687249,1.87046257387089,3.77203933140045,3.87798357977173,3.7142950844478,0.312012533263772,3.49061845240423,2.23763773717786,3.38308692199825,2.57617973685069,3.79594311198309
0.122906446470257,0.290591580131044,0.480966853526597,0.501914355652468,0.149904550974782,0.260750860719093,1.13425721303053,0.522849671265647,2.15944625139888,3.62146593966656,0.137105444815068,3.68582751055958,3.64675482307223,3.03096502154598,2.79961641236706,1.69156384749278,0.0221944955536326,6.76794549843152e-05,1.40951305313495,1.87046257387089,4.94623772012742,1.67825230351541,2.16272982212475,2.41421557004254,0.0490677472522996,2.72017474458565,0.468494892249426,1.2740277642363,0.620844074322525,1.79490141490537
0.0989209663770563,0.100319045726023,0.160503984640637,0.137579269679655,0.087530240488344,0.0203360501131038,0.25079475905391,0.0101327078562932,0.572028675033476,1.71834874967448,1.49420097728504,1.85601504755149,1.84088117927997,0.971047816373932,0.721144929617851,3.49475732163086,1.06610119928285,0.750665084230383,3.63284797820898,3.77203933140045,1.67825230351541,4.04994229368979,3.70380230647357,3.52489415070003,0.40242434076004,3.29103093286682,2.49758889217777,3.64173003445263,2.85272427027326,3.98186355649203
0.0430923544793962,0.134427536823587,0.216690750108795,0.195475881996073,0.0344662420907134,0.0447467989363077,0.37403751612585,0.04389954161489,0.801736420671262,2.15183934344865,1.21247217398621,2.31259889089929,2.2928566747036,1.2925393517339,1.00860319301985,3.46601781108124,0.81617810854294,0.544831611593977,3.30083054170253,3.87798357977173,2.16272982212475,3.70380230647357,4.33309864657136,4.15096080699074,0.252622987297092,3.9081221559047,2.15153819845199,3.41854346752346,2.52220073911147,3.94619576415362
0.0239678091664111,0.151512901513011,0.245055049328979,0.225554677903485,0.0172434257548031,0.0596292902407365,0.440477315665631,0.0686796316821772,0.923737217868961,2.37031528553099,1.079438866504,2.54245152612707,2.52009266661759,1.46007966871608,1.16231551196748,3.33976508860967,0.701813262332535,0.453441278000345,3.12956961361754,3.7142950844478,2.41421557004254,3.52489415070003,4.15096080699074,4.45878940307448,0.190705407564713,4.21327270587437,1.97464475294094,3.25812187245246,2.34019754178974,3.83906330476391
1.2102964642752,0.0550512033190882,0.0869097530211813,0.127700516014131,1.26437127129744,0.226561342570642,0.290243027761987,0.685470455556066,0.254834788716408,0.0115963520605162,1.7497230136329,0.00505012550977568,0.00516614509859581,0.141070514519151,0.265335133974864,0.318155540443811,2.18159956948728,2.3275143664291,0.490303557130149,0.312012533263772,0.0490677472522996,0.40242434076004,0.252622987297092,0.190705407564713,2.7124793549452,0.125856241610923,1.51448417509711,0.937114512638666,1.49959913065537,0.6395922122674
0.008124588268966,0.172294356500289,0.27969707262724,0.263020937933462,0.00419682008738054,0.0800221530460932,0.525077143953914,0.105688404549752,1.0769123617228,2.63126455018084,0.920566459999788,2.81632299981934,2.79060387076141,1.6667752408212,1.35570853800312,3.15279194579612,0.569300997518459,0.350535426479419,2.90806667709061,3.49061845240423,2.72017474458565,3.29103093286682,3.9081221559047,4.21327270587437,0.125856241610923,4.56511137908643,1.75039374574064,3.01803974797254,2.09853159532739,3.63229776818741
0.573168788027733,0.00636114860858239,0.0100027053292484,0.00241155515875313,0.571530219560792,0.0234671996772811,0.000929373752935003,0.128917119855262,0.0388349801905541,0.560508283850914,3.17672086724747,0.641778805674158,0.635059567220532,0.163112181379219,0.0602562478428306,2.12572178015396,2.73428992620824,2.12105456442807,2.61526391017556,2.23763773717786,0.468494892249426,2.49758889217777,2.15153819845199,1.97464475294094,1.51448417509711,1.75039374574064,5.35525149010097,4.40475871595729,5.3249238013571,3.7032902489701
0.295105653520872,0.0457786233663899,0.0736935528024096,0.0533802885978383,0.283764054734264,4.10145156837238e-05,0.0907063978280238,0.0132254441030542,0.289460553122796,1.31037635591804,2.5096296720283,1.44845105432453,1.43298714764424,0.60823643008641,0.389969299022394,3.10631024952525,1.99655125423041,1.47336074950671,3.58054666328013,3.38308692199825,1.2740277642363,3.64173003445263,3.41854346752346,3.25812187245246,0.937114512638666,3.01803974797254,4.40475871595729,6.77197602381454,5.42232445006486,5.89613718768551
0.544400351196386,0.0100839327480262,0.0160561592897968,0.00589362877076827,0.542262842842801,0.017208319869173,0.00509702214414087,0.109128965434945,0.0649212652873192,0.707526514794524,3.15471731810191,0.805979369317622,0.796926883718005,0.227241996003384,0.0975726950729046,2.40916317368979,2.74326224875803,2.11284601434191,2.92553001535209,2.57617973685069,0.620844074322525,2.85272427027326,2.52220073911147,2.34019754178974,1.49959913065537,2.09853159532739,5.3249238013571,5.42232445006486,7.02209909150281,4.56144895581804
0.171487624241589,0.0787328187584873,0.127376667221003,0.10453033652194,0.158815880751552,0.00850429791899865,0.194435820332763,0.000425386063612088,0.505186085802447,1.76522661905852,2.06012806261262,1.92894331432039,1.90825835646863,0.931092533936967,0.66610045941481,3.42931061279071,1.5519740075039,1.10477576208111,3.76893651019545,3.79594311198309,1.79490141490537,3.98186355649203,3.94619576415362,3.83906330476391,0.6395922122674,3.63229776818741,3.7032902489701,5.89613718768551,4.56144895581804,6.83516479634909
