3.05612494367114,2.64189308558633,2.70617800141618,0.0620654051208311,0.317447382571193,0.0180834952538618,0.00829311217776141,0.0113736197072889,0.240274143612344,1.54094803579985,0.0875417198347255,0.0677991101111823,0.46786609846078,0.481418692338805,0.469239135688077,0.157678705763389,0.674494024461968,0.62049497399738,0.716475572679542,0.151767423172419,0.608327146328215,0.769056076662707,0.98815972252259,0.933019676523655,0.965993939011359,0.364325332859705,0.292772062355846,1.27449069897989,1.49803463399476,0.349861527202432
2.64189308558633,2.89488382269241,2.295376833395,0.0120982098597335,0.174814013028281,0.000188423408933769,0.00325579822542821,0.00201455661529071,0.113125885951331,1.20638619052562,0.19021878156872,0.160831328803561,0.656742796315868,0.673094831564982,0.659289420816278,0.287295373742014,0.884961539461895,0.828243575122289,0.930663238092313,0.282079248664643,0.819294560373659,0.994590521696038,1.22227319169359,1.17091424522046,0.681248663868585,0.548556601418636,0.463579399467653,1.52373597894546,1.75043243445405,0.53501582118095
2.70617800141618,2.295376833395,3.38154808829725,0.203208426883996,0.600535069452124,0.122974442932652,0.0943699306308696,0.107725523950808,0.511809508620186,2.10651361655651,0.00834747661517099,0.00306793749736656,0.249722653303958,0.259204969992785,0.249748044357115,0.0377363193572453,0.418898013527663,0.370947032540276,0.454418839043892,0.0332804102391524,0.355628142380663,0.490265795841916,0.690750106431898,0.631226637296378,1.4768984764574,0.161387944040886,0.112454810250593,0.946614411667883,1.15973941289909,0.147872895217856
0.0620654051208311,0.0120982098597335,0.203208426883996,3.35554390601022,2.68916433080025,3.25098541655918,3.18705579135887,3.23383277338416,3.12443963522905,1.00254018174739,2.31737835836748,2.38864251498685,1.32169722222335,1.32216003847717,1.34371776243263,2.1170770402666,0.964755251263166,1.09642562091207,0.908339835327708,2.21656624919495,1.22181369580984,0.995863955403274,0.62585300920888,0.83660499300709,2.04378614308824,1.81854721420711,1.97530070458346,0.463564069717916,0.2928213254178,1.94273143492702
0.317447382571193,0.174814013028281,0.600535069452124,2.68916433080025,3.76098023352448,2.75959809824898,2.65825603382217,2.78986902804785,3.67178713841206,1.76629631125019,1.65128799667215,1.72226301813913,0.756480438891804,0.754428420884475,0.772050914715928,1.4548145562907,0.481084739142687,0.575328155575473,0.439463697903985,1.55023770305281,0.663100346433715,0.488465847810357,0.241577751582618,0.369112580712472,3.10911419986355,1.16384485299493,1.31183897219749,0.135477349269021,0.0514333348708624,1.27825350261341
0.0180834952538618,0.000188423408933769,0.122974442932652,3.25098541655918,2.75959809824898,4.71445615657551,4.60375812374036,4.69628251857294,3.59850570434706,0.909808864625881,3.2993070221624,3.38182626394918,1.94549744295222,1.9553117242681,1.98452158974834,3.0626035311275,1.4525590204603,1.64823232784723,1.37612958934557,3.25236972795183,1.85683582520054,1.54312964110062,0.995896787760234,1.33122365257696,2.13905573680383,2.75946018905265,2.98287644875068,0.787015771570586,0.533705126833815,2.97802211687406
0.00829311217776141,0.00325579822542821,0.0943699306308696,3.18705579135887,2.65825603382217,4.60375812374036,4.81620402924785,4.81201853728005,3.48908055149478,0.835376288868286,3.48450557684347,3.56634068783995,2.08823782168091,2.10012176097408,2.13043609098655,3.24773965528118,1.57331436877718,1.78068000833861,1.49352157914088,3.44971186358187,2.00477718977979,1.67731674276603,1.09624299247945,1.45735932087903,2.03178774141913,2.95095944972075,3.18105339504396,0.87985450646351,0.608478430747684,3.18017264089056
0.0113736197072889,0.00201455661529071,0.107725523950808,3.23383277338416,2.78986902804785,4.69628251857294,4.81201853728005,5.40214591822096,3.73492365509825,0.901248629099848,3.62485741741789,3.70172468065527,2.15697651125868,2.17209575516536,2.20393969194182,3.39459426708232,1.6159704330827,1.83679019658757,1.53282819215461,3.63943178037257,2.08302660389304,1.7367561082913,1.12076974445302,1.50753740799333,2.20420328771023,3.12769855268087,3.38227661466551,0.899203166515376,0.616766299212111,3.40307760529851
0.240274143612344,0.113125885951331,0.511809508620186,3.12443963522905,3.67178713841206,3.59850570434706,3.48908055149478,3.73492365509825,4.98607186942418,1.72269281865706,2.24442855959488,2.32550562048568,1.10097293826814,1.10261972000961,1.12562675741372,2.01635846809455,0.733866919124651,0.866711142306313,0.678314205508208,2.16745876664992,1.00059666390943,0.765341493692183,0.410672368821353,0.606141749618755,3.40470117672169,1.70300113832919,1.90035540729071,0.264545857727374,0.129621198563787,1.88351030266083
1.54094803579985,1.20638619052562,2.10651361655651,1.00254018174739,1.76629631125019,0.909808864625881,0.835376288868286,0.901248629099848,1.72269281865706,3.78112336210765,0.266790104477188,0.302907498756849,0.00700428685308463,0.00598963092097726,0.00766618753552084,0.175776507512915,0.00697361584390466,0.00102516386304519,0.0128463819798461,0.197989231623168,1.58752335721601e-08,0.0131213822913017,0.080823756831677,0.0453130026723523,3.13195605380203,0.0563340799145982,0.0950100164719476,0.181593130172989,0.303415539145946,0.074277327055138
0.0875417198347255,0.19021878156872,0.00834747661517099,2.31737835836748,1.65128799667215,3.2993070221624,3.48450557684347,3.62485741741789,2.24442855959488,0.266790104477188,4.85502019035368,4.6757453841238,3.27771357026489,3.30713498077556,3.34321139177619,4.61813115071724,2.63042550376057,2.91970727057936,2.53053787029986,4.75286816185707,3.24961521648865,2.84795958548076,2.03244676344014,2.58789065927612,1.01428019861334,4.31040855234854,4.5052309648714,1.78602178531342,1.3830470432238,4.47733822218414
0.0677991101111823,0.160831328803561,0.00306793749736656,2.38864251498685,1.72226301813913,3.38182626394918,3.56634068783995,3.70172468065527,2.32550562048568,0.302907498756849,4.6757453841238,4.75839549910994,3.13861662797377,3.16445089868337,3.19970364878624,4.43914986385976,2.50938926653111,2.78636908683532,2.41187579194067,4.58588680646422,3.09782796229421,2.70721477367355,1.92468635102427,2.4518606233463,1.08170617168029,4.13142985491078,4.33009460957596,1.67940846841334,1.29194782489604,4.30445927719858
0.46786609846078,0.656742796315868,0.249722653303958,1.32169722222335,0.756480438891804,1.94549744295222,2.08823782168091,2.15697651125868,1.10097293826814,0.00700428685308463,3.27771357026489,3.13861662797377,4.4587292822113,4.45512261474258,4.45793991477944,3.67576529460607,3.7356077064619,4.09088114721634,3.62669960260143,3.74981384765132,4.35835105126775,4.02722567558293,3.08824047738781,3.76835333281321,0.280010244875749,4.34944831069575,4.23597013003892,2.85726350745882,2.35821463678508,4.33680227137581
0.481418692338805,0.673094831564982,0.259204969992785,1.32216003847717,0.754428420884475,1.9553117242681,2.10012176097408,2.17209575516536,1.10261972000961,0.00598963092097726,3.30713498077556,3.16445089868337,4.45512261474258,4.58250057812147,4.55542869136064,3.71906902772999,3.78497745938979,4.16218766817845,3.67656014503458,3.8039771365245,4.47941130512721,4.12302513314945,3.13906671817593,3.85724868903953,0.276453334501907,4.45310327818083,4.32891696222576,2.91436208260547,2.40435633365219,4.44233179635184
0.469239135688077,0.659289420816278,0.249748044357115,1.34371776243263,0.772050914715928,1.98452158974834,2.13043609098655,2.20393969194182,1.12562675741372,0.00766618753552084,3.34321139177619,3.19970364878624,4.45793991477944,4.55542869136064,4.59386424494895,3.75710710658078,3.76050522363915,4.13529368164528,3.65191280070643,3.84240645337971,4.464686243013,4.09775207091298,3.11403313432336,3.83103939901108,0.288538640261404,4.48058208844407,4.36082829684065,2.88833245103865,2.38009789480898,4.46876999120552
0.157678705763389,0.287295373742014,0.0377363193572453,2.1170770402666,1.4548145562907,3.0626035311275,3.24773965528118,3.39459426708232,2.01635846809455,0.175776507512915,4.61813115071724,4.43914986385976,3.67576529460607,3.71906902772999,3.75710710658078,5.15480783751215,2.98057741761415,3.30800179659565,2.87480420369481,5.1488952015897,3.7008353027493,3.2669358920517,2.35040153273919,2.99551986016321,0.831283061758458,4.84144863478481,5.01128817439994,2.10608175145325,1.65804397834067,4.97604287463615
0.674494024461968,0.884961539461895,0.418898013527663,0.964755251263166,0.481084739142687,1.4525590204603,1.57331436877718,1.6159704330827,0.733866919124651,0.00697361584390466,2.63042550376057,2.50938926653111,3.7356077064619,3.78497745938979,3.76050522363915,2.98057741761415,4.08543976789302,4.02530245465297,3.97653053895604,3.0365643309059,4.01923594354343,4.07770647364069,3.43803723699636,3.95538221643156,0.113182678008668,3.68891463318356,3.54115752774917,3.20443683092147,2.70479129894805,3.69010690230399
0.62049497399738,0.828243575122289,0.370947032540276,1.09642562091207,0.575328155575473,1.64823232784723,1.78068000833861,1.83679019658757,0.866711142306313,0.00102516386304519,2.91970727057936,2.78636908683532,4.09088114721634,4.16218766817845,4.13529368164528,3.30800179659565,4.02530245465297,4.44273956446468,3.92675233757644,3.38478628497169,4.42682918514519,4.33644268479052,3.40392551361628,4.10697419294893,0.162162552647734,4.10271260532174,3.94696431808048,3.19007488132219,2.6642829796676,4.1063565132119
0.716475572679542,0.930663238092313,0.454418839043892,0.908339835327708,0.439463697903985,1.37612958934557,1.49352157914088,1.53282819215461,0.678314205508208,0.0128463819798461,2.53053787029986,2.41187579194067,3.62669960260143,3.67656014503458,3.65191280070643,2.87480420369481,3.97653053895604,3.92675233757644,4.04661933647388,2.92885932034926,3.93384232598688,4.04643261835092,3.50812024757342,3.97351638459461,0.0916524366178644,3.58689749457829,3.43542781411839,3.27371674996744,2.77413265969663,3.59066867666049
0.151767423172419,0.282079248664643,0.0332804102391524,2.21656624919495,1.55023770305281,3.25236972795183,3.44971186358187,3.63943178037257,2.16745876664992,0.197989231623168,4.75286816185707,4.58588680646422,3.74981384765132,3.8039771365245,3.84240645337971,5.1488952015897,3.0365643309059,3.38478628497169,2.92885932034926,5.74825250707441,3.83082501669204,3.37323080607896,2.39626647105436,3.09704051475421,0.912134526016955,5.23534471682739,5.47860697019627,2.15607779026474,1.68947277445913,5.46289498184399
0.608327146328215,0.819294560373659,0.355628142380663,1.22181369580984,0.663100346433715,1.85683582520054,2.00477718977979,2.08302660389304,1.00059666390943,1.58752335721601e-08,3.24961521648865,3.09782796229421,4.35835105126775,4.47941130512721,4.464686243013,3.7008353027493,4.01923594354343,4.42682918514519,3.93384232598688,3.83082501669204,5.14184840605774,4.65973252501764,3.46060340745102,4.38815591582081,0.207170164435326,4.74686400375593,4.55581812121836,3.29350324073739,2.72882461293972,4.77306058630645
0.769056076662707,0.994590521696038,0.490265795841916,0.995863955403274,0.488465847810357,1.54312964110062,1.67731674276603,1.7367561082913,0.765341493692183,0.0131213822913017,2.84795958548076,2.70721477367355,4.02722567558293,4.12302513314945,4.09775207091298,3.2669358920517,4.07770647364069,4.33644268479052,4.04643261835092,3.37323080607896,4.65973252501764,4.98290340634354,3.71317557258678,4.7059459245712,0.105979962967907,4.27856214083424,4.07740755429204,3.59439624212937,3.01027630367019,4.32407484867489
0.98815972252259,1.22227319169359,0.690750106431898,0.62585300920888,0.241577751582618,0.995896787760234,1.09624299247945,1.12076974445302,0.410672368821353,0.080823756831677,2.03244676344014,1.92468635102427,3.08824047738781,3.13906671817593,3.11403313432336,2.35040153273919,3.43803723699636,3.40392551361628,3.50812024757342,2.39626647105436,3.46060340745102,3.71317557258678,3.96104618356222,3.90043793717588,0.0127557627095038,3.07539695867085,2.90926070714766,3.71434174237335,3.22103718443462,3.09225161672973
0.933019676523655,1.17091424522046,0.631226637296378,0.83660499300709,0.369112580712472,1.33122365257696,1.45735932087903,1.50753740799333,0.606141749618755,0.0453130026723523,2.58789065927612,2.4518606233463,3.76835333281321,3.85724868903953,3.83103939901108,2.99551986016321,3.95538221643156,4.10697419294893,3.97351638459461,3.09704051475421,4.38815591582081,4.7059459245712,3.90043793717588,5.11056443559754,0.0482065968161196,4.03227286179795,3.8191779863523,3.90807848565452,3.29969643786183,4.10098203232683
0.965993939011359,0.681248663868585,1.4768984764574,2.04378614308824,3.10911419986355,2.13905573680383,2.03178774141913,2.20420328771023,3.40470117672169,3.13195605380203,1.01428019861334,1.08170617168029,0.280010244875749,0.276453334501907,0.288538640261404,0.831283061758458,0.113182678008668,0.162162552647734,0.0916524366178644,0.912134526016955,0.207170164435326,0.105979962967907,0.0127557627095038,0.0482065968161196,5.60743148239564,0.562421671338994,0.688511988512812,0.00116161805046922,0.0328394954747271,0.65265696812927
0.364325332859705,0.548556601418636,0.161387944040886,1.81854721420711,1.16384485299493,2.75946018905265,2.95095944972075,3.12769855268087,1.70300113832919,0.0563340799145982,4.31040855234854,4.13142985491078,4.34944831069575,4.45310327818083,4.48058208844407,4.84144863478481,3.68891463318356,4.10271260532174,3.58689749457829,5.23534471682739,4.74686400375593,4.27856214083424,3.07539695867085,4.03227286179795,0.562421671338994,6.78810489528842,6.52568797606051,2.89861791896751,2.33793092839765,6.77358185771883
0.292772062355846,0.463579399467653,0.112454810250593,1.97530070458346,1.31183897219749,2.98287644875068,3.18105339504396,3.38227661466551,1.90035540729071,0.0950100164719476,4.5052309648714,4.33009460957596,4.23597013003892,4.32891696222576,4.36082829684065,5.01128817439994,3.54115752774917,3.94696431808048,3.43542781411839,5.47860697019627,4.55581812121836,4.07740755429204,2.90926070714766,3.8191779863523,0.688511988512812,6.52568797606051,6.88937408593985,2.71382614933091,2.16925172859418,6.85310312863066
1.27449069897989,1.52373597894546,0.946614411667883,0.463564069717916,0.135477349269021,0.787015771570586,0.87985450646351,0.899203166515376,0.264545857727374,0.181593130172989,1.78602178531342,1.67940846841334,2.85726350745882,2.91436208260547,2.88833245103865,2.10608175145325,3.20443683092147,3.19007488132219,3.27371674996744,2.15607779026474,3.29350324073739,3.59439624212937,3.71434174237335,3.90807848565452,0.00116161805046922,2.89861791896751,2.71382614933091,4.35576605356506,3.74230802997772,2.93573162694553
1.49803463399476,1.75043243445405,1.15973941289909,0.2928213254178,0.0514333348708624,0.533705126833815,0.608478430747684,0.616766299212111,0.129621198563787,0.303415539145946,1.3830470432238,1.29194782489604,2.35821463678508,2.40435633365219,2.38009789480898,1.65804397834067,2.70479129894805,2.6642829796676,2.77413265969663,1.68947277445913,2.72882461293972,3.01027630367019,3.22103718443462,3.29969643786183,0.0328394954747271,2.33793092839765,2.16925172859418,3.74230802997772,4.00835817981824,2.3608730679432
0.349861527202432,0.53501582118095,0.147872895217856,1.94273143492702,1.27825350261341,2.97802211687406,3.18017264089056,3.40307760529851,1.88351030266083,0.074277327055138,4.47733822218414,4.30445927719858,4.33680227137581,4.44233179635184,4.46876999120552,4.97604287463615,3.69010690230399,4.1063565132119,3.59066867666049,5.46289498184399,4.77306058630645,4.32407484867489,3.09225161672973,4.10098203232683,0.65265696812927,6.77358185771883,6.85310312863066,2.93573162694553,2.3608730679432,7.97608824319831
