0,3.3113002503204,1.92672601497094,2.44064299567697,4.00680439719705,3.42932471057685,4.42820222128922,4.71130717821091,5.38587077545282,5.74303629055576,6.73014429348509,6.82296654103787,8.79776412757479,10.1923681170416,9.95406713197194,10.7433235872893,10.2660094548462,10.1375103518573,11.4851449012852,11.5173099588607,12.0037200891397,11.943986166832,12.0186688505738,12.3013523280963,12.3474783405011,12.4278915983403,13.3454473647292,13.6871899054662,14.3241949884089,14.0671368865196
3.3113002503204,0,3.67655022726114,3.67032396329794,1.20937699373379,4.65900567819782,1.63077481782596,2.28701695256845,2.96158054981036,3.60136106390332,4.30585406784264,4.68129131438543,6.65608890092235,8.05069289038917,7.8123919053195,8.60164836063686,8.12433422819372,7.99583512520489,9.34346967463276,9.37563473220823,9.86204486248721,9.8023109401796,9.87699362392136,10.1596771014438,10.2058031138487,10.2862163716879,11.2037721380768,11.5455146788138,12.1825197617565,11.9254616598671
1.92672601497094,3.67655022726114,0,2.80589297261771,4.37205437413779,3.79457468751758,4.79345219822996,5.07655715515165,5.75112075239356,6.1082862674965,7.09539427042583,7.18821651797861,9.16301410451553,10.5576180939823,10.3193171089127,11.10857356423,10.6312594317869,10.5027603287981,11.8503948782259,11.8825599358014,12.3689700660804,12.3092361437728,12.3839188275145,12.666602305037,12.7127283174419,12.7931415752811,13.71069734167,14.0524398824069,14.6894449653496,14.4323868634603
2.44064299567697,3.67032396329794,2.80589297261771,0,4.36582811017459,3.71088378415203,4.78722593426676,5.07033089118845,5.74489448843036,6.1020600035333,7.08916800646263,7.18199025401541,9.15678784055233,10.5513918300192,10.3130908449495,11.1023473002668,10.6250331678237,10.4965340648349,11.8441686142627,11.8763336718382,12.3627438021172,12.3030098798096,12.3776925635513,12.6603760410738,12.7065020534787,12.7869153113179,13.7044710777068,14.0462136184438,14.6832187013864,14.4261605994971
4.00680439719705,1.20937699373379,4.37205437413779,4.36582811017459,0,5.35450982507446,0.803157020048836,2.9825210994451,3.65708469668701,4.29686521077996,5.00135821471928,5.37679546126207,7.351593047799,8.74619703726582,8.50789605219615,9.29715250751351,8.81983837507037,8.69133927208154,10.0389738215094,10.0711388790849,10.5575490093639,10.4978150870562,10.572497770798,10.8551812483205,10.9013072607253,10.9817205185645,11.8992762849534,12.2410188256904,12.8780239086331,12.6209658067438
3.42932471057685,4.65900567819782,3.79457468751758,3.71088378415203,5.35450982507446,0,5.77590764916663,6.05901260608833,6.73357620333024,7.09074171843317,8.07784972136251,8.17067196891528,10.1454695554522,11.540073544919,11.3017725598494,12.0910290151667,11.6137148827236,11.4852157797347,12.8328503291626,12.8650153867381,13.3514255170171,13.2916915947095,13.3663742784512,13.6490577559737,13.6951837683785,13.7755970262177,14.6931527926066,15.0348953333436,15.6719004162863,15.414842314397
4.42820222128922,1.63077481782596,4.79345219822996,4.78722593426676,0.803157020048836,5.77590764916663,0,3.40391892353727,4.07848252077918,4.71826303487213,5.42275603881145,5.79819328535424,7.77299087189117,9.16759486135799,8.92929387628832,9.71855033160568,9.24123619916254,9.11273709617371,10.4603716456016,10.492536703177,10.978946833456,10.9192129111484,10.9938955948902,11.2765790724127,11.3227050848175,11.4031183426567,12.3206741090456,12.6624166497826,13.2994217327253,13.042363630836
4.71130717821091,2.28701695256845,5.07655715515165,5.07033089118845,2.9825210994451,6.05901260608833,3.40391892353727,0,1.16183373622164,5.00136799179383,4.11102297669872,6.08129824227594,8.05609582881286,9.45069981827968,9.21239883321001,10.0016552885274,9.52434115608424,9.3958420530954,10.7434766025233,10.7756416600987,11.2620517903777,11.2023178680701,11.2770005518119,11.5596840293344,11.6058100417392,11.6862232995784,12.6037790659673,12.9455216067043,13.582526689647,13.3254685877577
5.38587077545282,2.96158054981036,5.75112075239356,5.74489448843036,3.65708469668701,6.73357620333024,4.07848252077918,1.16183373622164,0,5.67593158903574,4.78558657394063,6.75586183951785,8.73065942605477,10.1252634155216,9.88696243045192,10.6762188857693,10.1989047533261,10.0704056503373,11.4180401997652,11.4502052573406,11.9366153876196,11.876881465312,11.9515641490538,12.2342476265763,12.2803736389811,12.3607868968203,13.2783426632092,13.6200852039462,14.2570902868889,14.0000321849996
5.74303629055576,3.60136106390332,6.1082862674965,6.1020600035333,4.29686521077996,7.09074171843317,4.71826303487213,5.00136799179383,5.67593158903574,0,7.02020510706801,2.03228302435016,8.72251095246368,10.1171149419305,9.87881395686083,8.46329733646376,10.190756279735,7.85748410103179,11.4098917261741,11.4420567837496,11.9284669140285,11.8687329917209,11.9434156754627,12.2260991529852,12.27222516539,12.3526384232292,13.2701941896181,13.6119367303551,14.2489418132978,13.9918837114085
6.73014429348509,4.30585406784264,7.09539427042583,7.08916800646263,5.00135821471928,8.07784972136251,5.42275603881145,4.11102297669872,4.78558657394063,7.02020510706801,0,8.10013535755012,10.074932944087,11.4695369335539,11.2312359484842,12.0204924038016,11.5431782713584,11.4146791683696,12.7623137177974,12.7944787753729,13.2808889056519,13.2211549833443,13.2958376670861,13.5785211446085,13.6246471570134,13.7050604148526,14.6226161812415,14.9643587219785,15.6013638049212,15.3443057030318
6.82296654103787,4.68129131438543,7.18821651797861,7.18199025401541,5.37679546126207,8.17067196891528,5.79819328535424,6.08129824227594,6.75586183951785,2.03228302435016,8.10013535755012,0,9.80244120294579,11.1970451924126,10.9587442073429,9.54322758694587,11.2706865302172,8.9374143515139,12.4898219766562,12.5219870342317,13.0083971645106,12.948663242203,13.0233459259448,13.3060294034673,13.3521554158721,13.4325686737113,14.3501244401002,14.6918669808372,15.3288720637799,15.0718139618906
8.79776412757479,6.65608890092235,9.16301410451553,9.15678784055233,7.351593047799,10.1454695554522,7.77299087189117,8.05609582881286,8.73065942605477,8.72251095246368,10.074932944087,9.80244120294579,0,3.3986090170477,1.56669028866928,13.7227982491972,3.47225035485225,13.1169850137652,4.69138580129128,4.72355085886675,5.20996098914574,5.15022706683813,5.22490975057988,5.50759322810237,5.55371924050722,5.6341324983464,6.55168826473532,6.89343080547229,7.53043588841499,7.27337778652567
10.1923681170416,8.05069289038917,10.5576180939823,10.5513918300192,8.74619703726582,11.540073544919,9.16759486135799,9.45069981827968,10.1252634155216,10.1171149419305,11.4695369335539,11.1970451924126,3.3986090170477,0,4.55491202144485,15.117402238664,2.57978027228869,14.5115890032321,1.87150217138957,1.57073393536798,4.31749090658218,4.25775698427457,4.33243966801633,2.68770959820067,2.73383561060551,2.81424886844469,5.65921818217176,6.00096072290873,6.63796580585143,6.38090770396211
9.95406713197194,7.8123919053195,10.3193171089127,10.3130908449495,8.50789605219615,11.3017725598494,8.92929387628832,9.21239883321001,9.88696243045192,9.87881395686083,11.2312359484842,10.9587442073429,1.56669028866928,4.55491202144485,0,14.8791012535944,4.6285533592494,14.2732880181624,5.84768880568843,5.8798538632639,6.36626399354289,6.30653007123528,6.38121275497704,6.66389623249952,6.71002224490437,6.79043550274355,7.70799126913247,8.04973380986944,8.68673889281214,8.42968079092282
10.7433235872893,8.60164836063686,11.10857356423,11.1023473002668,9.29715250751351,12.0910290151667,9.71855033160568,10.0016552885274,10.6762188857693,8.46329733646376,12.0204924038016,9.54322758694587,13.7227982491972,15.117402238664,14.8791012535944,0,15.1910435764686,6.99110716616958,16.4101790229076,16.4423440804831,16.9287542107621,16.8690202884545,16.9437029721962,17.2263864497187,17.2725124621236,17.3529257199627,18.2704814863517,18.6122240270886,19.2492291100313,18.992171008142
10.2660094548462,8.12433422819372,10.6312594317869,10.6250331678237,8.81983837507037,11.6137148827236,9.24123619916254,9.52434115608424,10.1989047533261,10.190756279735,11.5431782713584,11.2706865302172,3.47225035485225,2.57978027228869,4.6285533592494,15.1910435764686,0,14.5852303410366,3.87255705653227,3.90472211410774,3.94690832811617,2.213943758593,2.62508176236232,4.68876448334337,4.73489049574821,4.81530375358739,5.28863560370575,5.63037814444272,6.26738322738542,4.67354979830811
10.1375103518573,7.99583512520489,10.5027603287981,10.4965340648349,8.69133927208154,11.4852157797347,9.11273709617371,9.3958420530954,10.0704056503373,7.85748410103179,11.4146791683696,8.9374143515139,13.1169850137652,14.5115890032321,14.2732880181624,6.99110716616958,14.5852303410366,0,15.8043657874757,15.8365308450511,16.3229409753301,16.2632070530225,16.3378897367643,16.6205732142867,16.6666992266916,16.7471124845308,17.6646682509197,18.0064107916567,18.6434158745994,18.38635777271
11.4851449012852,9.34346967463276,11.8503948782259,11.8441686142627,10.0389738215094,12.8328503291626,10.4603716456016,10.7434766025233,11.4180401997652,11.4098917261741,12.7623137177974,12.4898219766562,4.69138580129128,1.87150217138957,5.84768880568843,16.4101790229076,3.87255705653227,15.8043657874757,0,3.19644401320863,5.61026769082576,5.55053376851815,5.62521645225991,2.26162677137809,2.80833153404032,2.88874479187951,6.95199496641534,7.29373750715232,7.93074259009502,7.6736844882057
11.5173099588607,9.37563473220823,11.8825599358014,11.8763336718382,10.0711388790849,12.8650153867381,10.492536703177,10.7756416600987,11.4502052573406,11.4420567837496,12.7944787753729,12.5219870342317,4.72355085886675,1.57073393536798,5.8798538632639,16.4423440804831,3.90472211410774,15.8365308450511,3.19644401320863,0,5.64243274840123,5.58269882609362,5.65738150983538,4.01265144001972,4.05877745242456,4.13919071026375,6.98416002399081,7.32590256472779,7.96290764767049,7.70584954578117
12.0037200891397,9.86204486248721,12.3689700660804,12.3627438021172,10.5575490093639,13.3514255170171,10.978946833456,11.2620517903777,11.9366153876196,11.9284669140285,13.2808889056519,13.0083971645106,5.20996098914574,4.31749090658218,6.36626399354289,16.9287542107621,3.94690832811617,16.3229409753301,5.61026769082576,5.64243274840123,0,5.62488504010205,5.6995677238438,6.42647511763685,6.4726011300417,6.55301438788088,5.53273974871238,3.53282352455175,6.51148737239205,7.74803575978959
11.943986166832,9.8023109401796,12.3092361437728,12.3030098798096,10.4978150870562,13.2916915947095,10.9192129111484,11.2023178680701,11.876881465312,11.8687329917209,13.2211549833443,12.948663242203,5.15022706683813,4.25775698427457,6.30653007123528,16.8690202884545,2.213943758593,16.2632070530225,5.55053376851815,5.58269882609362,5.62488504010205,0,4.3030584743482,6.36674119532925,6.41286720773409,6.49328046557327,6.96661231569163,7.3083548564286,7.9453599393713,6.35152651029399
12.0186688505738,9.87699362392136,12.3839188275145,12.3776925635513,10.572497770798,13.3663742784512,10.9938955948902,11.2770005518119,11.9515641490538,11.9434156754627,13.2958376670861,13.0233459259448,5.22490975057988,4.33243966801633,6.38121275497704,16.9437029721962,2.62508176236232,16.3378897367643,5.62521645225991,5.65738150983538,5.6995677238438,4.3030584743482,0,6.441423879071,6.48754989147585,6.56796314931503,7.04129499943339,7.38303754017036,8.02004262311306,3.35978196168317
12.3013523280963,10.1596771014438,12.666602305037,12.6603760410738,10.8551812483205,13.6490577559737,11.2765790724127,11.5596840293344,12.2342476265763,12.2260991529852,13.5785211446085,13.3060294034673,5.50759322810237,2.68770959820067,6.66389623249952,17.2263864497187,4.68876448334337,16.6205732142867,2.26162677137809,4.01265144001972,6.42647511763685,6.36674119532925,6.441423879071,0,3.62453896085142,3.7049522186906,7.76820239322644,8.10994493396341,8.74695001690611,8.48989191501679
12.3474783405011,10.2058031138487,12.7127283174419,12.7065020534787,10.9013072607253,13.6951837683785,11.3227050848175,11.6058100417392,12.2803736389811,12.27222516539,13.6246471570134,13.3521554158721,5.55371924050722,2.73383561060551,6.71002224490437,17.2725124621236,4.73489049574821,16.6666992266916,2.80833153404032,4.05877745242456,6.4726011300417,6.41286720773409,6.48754989147585,3.62453896085142,0,0.572668934996776,7.81432840563128,8.15607094636825,8.79307602931095,8.53601792742163
12.4278915983403,10.2862163716879,12.7931415752811,12.7869153113179,10.9817205185645,13.7755970262177,11.4031183426567,11.6862232995784,12.3607868968203,12.3526384232292,13.7050604148526,13.4325686737113,5.6341324983464,2.81424886844469,6.79043550274355,17.3529257199627,4.81530375358739,16.7471124845308,2.88874479187951,4.13919071026375,6.55301438788088,6.49328046557327,6.56796314931503,3.7049522186906,0.572668934996776,0,7.89474166347047,8.23648420420744,8.87348928715014,8.61643118526082
13.3454473647292,11.2037721380768,13.71069734167,13.7044710777068,11.8992762849534,14.6931527926066,12.3206741090456,12.6037790659673,13.2783426632092,13.2701941896181,14.6226161812415,14.3501244401002,6.55168826473532,5.65921818217176,7.70799126913247,18.2704814863517,5.28863560370575,17.6646682509197,6.95199496641534,6.98416002399081,5.53273974871238,6.96661231569163,7.04129499943339,7.76820239322644,7.81432840563128,7.89474166347047,0,7.21620956503893,3.99268017255735,9.08976303537917
13.6871899054662,11.5455146788138,14.0524398824069,14.0462136184438,12.2410188256904,15.0348953333436,12.6624166497826,12.9455216067043,13.6200852039462,13.6119367303551,14.9643587219785,14.6918669808372,6.89343080547229,6.00096072290873,8.04973380986944,18.6122240270886,5.63037814444272,18.0064107916567,7.29373750715232,7.32590256472779,3.53282352455175,7.3083548564286,7.38303754017036,8.10994493396341,8.15607094636825,8.23648420420744,7.21620956503893,0,8.19495718871861,9.43150557611615
14.3241949884089,12.1825197617565,14.6894449653496,14.6832187013864,12.8780239086331,15.6719004162863,13.2994217327253,13.582526689647,14.2570902868889,14.2489418132978,15.6013638049212,15.3288720637799,7.53043588841499,6.63796580585143,8.68673889281214,19.2492291100313,6.26738322738542,18.6434158745994,7.93074259009502,7.96290764767049,6.51148737239205,7.9453599393713,8.02004262311306,8.74695001690611,8.79307602931095,8.87348928715014,3.99268017255735,8.19495718871861,0,10.0685106590588
14.0671368865196,11.9254616598671,14.4323868634603,14.4261605994971,12.6209658067438,15.414842314397,13.042363630836,13.3254685877577,14.0000321849996,13.9918837114085,15.3443057030318,15.0718139618906,7.27337778652567,6.38090770396211,8.42968079092282,18.992171008142,4.67354979830811,18.38635777271,7.6736844882057,7.70584954578117,7.74803575978959,6.35152651029399,3.35978196168317,8.48989191501679,8.53601792742163,8.61643118526082,9.08976303537917,9.43150557611615,10.0685106590588,0
