1.22799632434665,0.644414632130949,0.652854075761145,1.19854164592314,0.749529951788614,1.13298851462396,1.10273854940078,0.546640636172868,0.756813255023399,0.00250564302085809,0.0877298380721245,0.0820910502443137,0.329056735156206,0.00059972261317176,0.351325839650458,0.000760752517078078,0.0260347534710315,0.000212806793567388,0.0305191675826824,0.00314587478621275,0.0637540588490588,0.0455087260643143,0.193333549783113,0.124222248981845,0.00204783615267701,0.105453748253395,0.325475022156807,0.0402079363540819,0.241408849052414,0.0709817432400937
0.644414632130949,1.25939485385717,1.2546117353135,0.999990876734808,0.205451342848768,1.13382088404263,0.539924463786436,1.14973593392956,1.24492008547234,0.290930781699134,0.567566885335415,0.556212308414536,0.940643391026249,0.213769376352257,0.965107507129346,0.276082791528274,0.416214728812506,0.237801277022359,0.433801645810238,0.306455935939594,0.525121055476224,0.480917163121109,0.00167416230293327,0.0209008486918236,0.214969841876261,0.616757060797304,0.00967439088150179,0.0963627085362608,3.37422865204218e-07,0.0604050930939244
0.652854075761145,1.2546117353135,1.39112522905179,1.06603506603548,0.204562927259865,1.22650559248646,0.559814371126172,1.28034054264177,1.3807956016041,0.336788656030081,0.642898328975995,0.630552001178919,1.05650534982022,0.249483520668298,1.08334125118616,0.321252433364098,0.477418826054756,0.278499402453132,0.497399398641264,0.355574367433238,0.59856323923064,0.550129571231966,0.00385717644348427,0.0290594359639509,0.25340363583291,0.700326656337971,0.00679469717250347,0.118190505591047,0.000439464265813427,0.0765561372151193
1.19854164592314,0.999990876734808,1.06603506603548,3.05929843220142,1.17129035427507,2.89238923966488,2.05989637409526,1.23619697435431,1.87538810818168,0.0555912880204752,0.320954555269171,0.307745086248564,0.94572976686103,0.0164257834590456,1.00091134397855,0.0443662112769783,0.157005591010534,0.0232605898964557,0.174457849792512,0.0637693400230885,0.275399916567655,0.225072819139535,0.198919120887965,0.107086998989347,0.0126146958376188,0.394344402834247,0.404258313411291,0.0123124780850254,0.28176480890568,0.0424652876207121
0.749529951788614,0.205451342848768,0.204562927259865,1.17129035427507,3.89004723374684,1.00508351727963,2.59440818535832,0.0967847938674047,0.286791895283318,0.631873620974291,0.172405595861633,0.187098368610534,1.72356009473518e-05,0.759281820914303,0.000760281606917879,0.735181037242189,0.429058540793076,0.856101128405724,0.414191482153805,0.679962042663839,0.271754944078805,0.35074276146859,2.01230405155977,1.84674911805369,0.983373266163585,0.171524799349684,2.58220844236043,1.43998429867644,2.44413678721233,1.68565686318195
1.13298851462396,1.13382088404263,1.22650559248646,2.89238923966488,1.00508351727963,3.79152719587235,1.93633358626141,1.64655302660202,2.53259660627807,0.174209820069607,0.577085821342762,0.560116343758925,1.43742135654523,0.0883032073051053,1.50982216163135,0.158270166916619,0.35189844280482,0.113911970318207,0.382452044983119,0.197581467115706,0.533264504315352,0.463366499951179,0.0992690000950436,0.0330462812426076,0.0896546964439846,0.706860097084575,0.267891628140088,0.00332760960873646,0.15942603483619,0.00189624600680816
1.10273854940078,0.539924463786436,0.559814371126172,2.05989637409526,2.59440818535832,1.93633358626141,3.7298342176419,0.498104751002098,0.927037273972759,0.103613379286849,0.00225936064645715,0.00105209147278629,0.226758851562501,0.173770397588756,0.257768279130101,0.135591101026933,0.0274809972105237,0.188481998779361,0.0220890194850591,0.108549814574797,0.000831322751835728,0.00848277006712106,0.993682417550717,0.823687536139352,0.240904671758287,0.00660546023016106,1.42353354453908,0.512369760502339,1.25899291096673,0.668593658729987
0.546640636172868,1.14973593392956,1.28034054264177,1.23619697435431,0.0967847938674047,1.64655302660202,0.498104751002098,2.7329187994627,2.58776594364754,1.00221506553564,1.60336323385311,1.58386181075829,2.43391250216674,0.787091903621655,2.47906998876687,0.996022898734384,1.3234023668462,0.906353170458727,1.37467939819421,1.07913424036779,1.57566595931679,1.49145563459539,0.116537252102319,0.240729256207979,0.865920132014674,1.78412262527675,0.0267023454454947,0.525340719931873,0.0938540030319848,0.412513264407871
0.756813255023399,1.24492008547234,1.3807956016041,1.87538810818168,0.286791895283318,2.53259660627807,0.927037273972759,2.58776594364754,4.00171521519379,0.882586040792679,1.56795983588825,1.54774476696187,2.82584760917074,0.646179686966982,2.91593294499084,0.883344027409845,1.26337821165814,0.784116963312758,1.33131846938908,0.981257716959655,1.57851159866143,1.4824950345486,0.0343737312703936,0.121303369446962,0.743161075807533,1.85708512185621,0.000237440029998481,0.380188237475412,0.0186742502861561,0.27012545389083
0.00250564302085809,0.290930781699134,0.336788656030081,0.0555912880204752,0.631873620974291,0.174209820069607,0.103613379286849,1.00221506553564,0.882586040792679,4.97876965478206,3.45906937159276,3.55124987701589,2.52009780951259,4.1334737478514,2.43478691696526,4.96255695632353,4.65114490857358,4.8797077818428,4.65258405695499,4.97818140837704,4.24356830993734,4.53194331560302,2.26468199071883,3.03181605689417,4.83894622585616,3.92379838053166,1.80034934725081,4.16152530360594,2.48946349265209,3.88592171442181
0.0877298380721245,0.567566885335415,0.642898328975995,0.320954555269171,0.172405595861633,0.577085821342762,0.00225936064645715,1.60336323385311,1.56795983588825,3.45906937159276,4.36498060220343,4.34474557393897,3.42447008460854,2.92035224312461,3.34034138674761,3.54970870747084,4.05438088340055,3.40744238348929,4.12813099981348,3.71173974905729,4.31836633389485,4.24943862148343,1.28726458357601,1.80242795394516,3.38787423380059,4.3585744675589,0.91547137147112,2.66330339870747,1.35326639350375,2.41540670685557
0.0820910502443137,0.556212308414536,0.630552001178919,0.307745086248564,0.187098368610534,0.560116343758925,0.00105209147278629,1.58386181075829,1.54774476696187,3.55124987701589,4.34474557393897,4.45590305023614,3.42474891981349,2.99357516662911,3.33901880214586,3.65116039663602,4.16469551805304,3.5070629329121,4.23928838952076,3.81772229976138,4.42351126364788,4.35836361403401,1.33272314382252,1.86355903511889,3.49002481830466,4.43968113909671,0.953823135910272,2.74896932584872,1.40625050044731,2.49662509628392
0.329056735156206,0.940643391026249,1.05650534982022,0.94572976686103,1.72356009473518e-05,1.43742135654523,0.226758851562501,2.43391250216674,2.82584760917074,2.52009780951259,3.42447008460854,3.42474891981349,5.46945381248079,2.00911244149425,5.37156855559066,2.64130645180544,3.24659227267817,2.490131681986,3.39783099612814,2.84464842738144,3.7555137339323,3.67093538356908,0.606829363080901,0.98014854251973,2.48984667253788,4.19817854725278,0.334155966177408,1.7255123400787,0.612271887526251,1.48763938195692
0.00059972261317176,0.213769376352257,0.249483520668298,0.0164257834590456,0.759281820914303,0.0883032073051053,0.173770397588756,0.787091903621655,0.646179686966982,4.1334737478514,2.92035224312461,2.99357516662911,2.00911244149425,4.27686771917683,1.9339459170046,4.23585649707957,3.83150901178966,4.27529379718525,3.82360707571732,4.19331425974113,3.48111261069282,3.71183106855658,2.39927978948495,3.10320261592701,4.27292178038572,3.2003967575107,1.94019992987649,3.95968486745674,2.58669176061483,3.75208932026744
0.351325839650458,0.965107507129346,1.08334125118616,1.00091134397855,0.000760281606917879,1.50982216163135,0.257768279130101,2.47906998876687,2.91593294499084,2.43478691696526,3.34034138674761,3.33901880214586,5.37156855559066,1.9339459170046,5.50746016828274,2.55059969156201,3.1520033720684,2.40016931126626,3.30148017764392,2.75120882816523,3.65827595884133,3.57322805530383,0.561209374930433,0.919803595341878,2.3977663171663,4.10039621398964,0.299114425681036,1.64485931372799,0.562280825266596,1.41076891799367
0.000760752517078078,0.276082791528274,0.321252433364098,0.0443662112769783,0.735181037242189,0.158270166916619,0.135591101026933,0.996022898734384,0.883344027409845,4.96255695632353,3.54970870747084,3.65116039663602,2.64130645180544,4.23585649707957,2.55059969156201,5.93496419129886,5.03643033317672,5.77801525942629,5.11439200814188,5.86224195386888,4.56941174102453,4.99893695875595,2.50230975770221,3.40122347343767,5.77240280373685,4.21967359428243,2.02194920525636,4.82648841281378,2.83578002057169,4.51179218273402
0.0260347534710315,0.416214728812506,0.477418826054756,0.157005591010534,0.429058540793076,0.35189844280482,0.0274809972105237,1.3234023668462,1.26337821165814,4.65114490857358,4.05438088340055,4.16469551805304,3.24659227267817,3.83150901178966,3.1520033720684,5.03643033317672,5.70458625537039,4.88145799674394,5.6891724100579,5.2951722337888,5.2373284239771,5.5840130935066,1.95430757955039,2.70498493350419,4.92968093155266,4.88782727522759,1.49996965462244,3.94808431653863,2.16203436685884,3.64404019745364
0.000212806793567388,0.237801277022359,0.278499402453132,0.0232605898964557,0.856101128405724,0.113911970318207,0.188481998779361,0.906353170458727,0.784116963312758,4.8797077818428,3.40744238348929,3.5070629329121,2.490131681986,4.27529379718525,2.40016931126626,5.77801525942629,4.88145799674394,6.18564913975269,4.9691117279419,5.78887233062681,4.41520636854485,4.86098218733182,2.70175088621981,3.66719393117747,6.14469301729631,4.0650993844758,2.21927243699614,5.20392681743603,3.10201002337954,4.88347811629832
0.0305191675826824,0.433801645810238,0.497399398641264,0.174457849792512,0.414191482153805,0.382452044983119,0.0220890194850591,1.37467939819421,1.33131846938908,4.65258405695499,4.12813099981348,4.23928838952076,3.39783099612814,3.82360707571732,3.30148017764392,5.11439200814188,5.6891724100579,4.9691117279419,6.04016695469429,5.41879895779086,5.45589448981111,5.9131074002806,1.94604642570934,2.71287303072418,5.05935671634954,5.11414162119148,1.48922410425346,4.00805784221151,2.16503189836128,3.69713219573795
0.00314587478621275,0.306455935939594,0.355574367433238,0.0637693400230885,0.679962042663839,0.197581467115706,0.108549814574797,1.07913424036779,0.981257716959655,4.97818140837704,3.71173974905729,3.81772229976138,2.84464842738144,4.19331425974113,2.75120882816523,5.86224195386888,5.2951722337888,5.78887233062681,5.41879895779086,6.26360788613928,4.84477282756581,5.32438971116669,2.43055337193967,3.33140153382224,5.89741345796686,4.49652010520686,1.95062942628809,4.8071514758785,2.76551419126996,4.48685480995002
0.0637540588490588,0.525121055476224,0.59856323923064,0.275399916567655,0.271754944078805,0.533264504315352,0.000831322751835728,1.57566595931679,1.57851159866143,4.24356830993734,4.31836633389485,4.42351126364788,3.7555137339323,3.48111261069282,3.65827595884133,4.56941174102453,5.2373284239771,4.41520636854485,5.45589448981111,4.84477282756581,5.82933293608396,5.72847431590248,1.63594226640382,2.31406681244053,4.48024658463611,5.47908717148679,1.20563762534039,3.48523645833444,1.7910408124053,3.18537668022807
0.0455087260643143,0.480917163121109,0.550129571231966,0.225072819139535,0.35074276146859,0.463366499951179,0.00848277006712106,1.49145563459539,1.4824950345486,4.53194331560302,4.24943862148343,4.35836361403401,3.67093538356908,3.71183106855658,3.57322805530383,4.99893695875595,5.5840130935066,4.86098218733182,5.9131074002806,5.32438971116669,5.72847431590248,6.34413297036294,1.83545848877779,2.58824271038213,4.98382860902334,5.45500010574001,1.38389607672758,3.89048711158869,2.04270208691193,3.57708709232493
0.193333549783113,0.00167416230293327,0.00385717644348427,0.198919120887965,2.01230405155977,0.0992690000950436,0.993682417550717,0.116537252102319,0.0343737312703936,2.26468199071883,1.28726458357601,1.33272314382252,0.606829363080901,2.39927978948495,0.561209374930433,2.50230975770221,1.95430757955039,2.70175088621981,1.94604642570934,2.43055337193967,1.63594226640382,1.83545848877779,4.03842453940713,3.86334565040482,2.91596348081254,1.40217530404695,3.55588362298501,3.46282689708385,4.01360332941119,3.69918139689705
0.124222248981845,0.0209008486918236,0.0290594359639509,0.107086998989347,1.84674911805369,0.0330462812426076,0.823687536139352,0.240729256207979,0.121303369446962,3.03181605689417,1.80242795394516,1.86355903511889,0.98014854251973,3.10320261592701,0.919803595341878,3.40122347343767,2.70498493350419,3.66719393117747,2.71287303072418,3.33140153382224,2.31406681244053,2.58824271038213,3.86334565040482,5.08957283432107,3.98193406130867,2.0267482062738,3.47982785095061,4.64728918778243,4.52322666159187,4.92498315551241
0.00204783615267701,0.214969841876261,0.25340363583291,0.0126146958376188,0.983373266163585,0.0896546964439846,0.240904671758287,0.865920132014674,0.743161075807533,4.83894622585616,3.38787423380059,3.49002481830466,2.48984667253788,4.27292178038572,2.3977663171663,5.77240280373685,4.92968093155266,6.14469301729631,5.05935671634954,5.89741345796686,4.48024658463611,4.98382860902334,2.91596348081254,3.98193406130867,7.09801236821941,4.133747698365,2.44203069863473,5.76419942258804,3.44116017317553,5.45744812472469
0.105453748253395,0.616757060797304,0.700326656337971,0.394344402834247,0.171524799349684,0.706860097084575,0.00660546023016106,1.78412262527675,1.85708512185621,3.92379838053166,4.3585744675589,4.43968113909671,4.19817854725278,3.2003967575107,4.10039621398964,4.21967359428243,4.88782727522759,4.0650993844758,5.11414162119148,4.49652010520686,5.47908717148679,5.45500010574001,1.40217530404695,2.0267482062738,4.133747698365,6.00659770339235,0.994072629839851,3.14214066610218,1.522225734427,2.8465093707939
0.325475022156807,0.00967439088150179,0.00679469717250347,0.404258313411291,2.58220844236043,0.267891628140088,1.42353354453908,0.0267023454454947,0.000237440029998481,1.80034934725081,0.91547137147112,0.953823135910272,0.334155966177408,1.94019992987649,0.299114425681036,2.02194920525636,1.49996965462244,2.21927243699614,1.48922410425346,1.95062942628809,1.20563762534039,1.38389607672758,3.55588362298501,3.47982785095061,2.44203069863473,0.994072629839851,4.2670250588978,3.03922366850114,4.10212339788558,3.34311082070917
0.0402079363540819,0.0963627085362608,0.118190505591047,0.0123124780850254,1.43998429867644,0.00332760960873646,0.512369760502339,0.525340719931873,0.380188237475412,4.16152530360594,2.66330339870747,2.74896932584872,1.7255123400787,3.95968486745674,1.64485931372799,4.82648841281378,3.94808431653863,5.20392681743603,4.00805784221151,4.8071514758785,3.48523645833444,3.89048711158869,3.46282689708385,4.64728918778243,5.76419942258804,3.14214066610218,3.03922366850114,6.58494687596324,4.18100504785423,6.26220245591002
0.241408849052414,3.37422865204218e-07,0.000439464265813427,0.28176480890568,2.44413678721233,0.15942603483619,1.25899291096673,0.0938540030319848,0.0186742502861561,2.48946349265209,1.35326639350375,1.40625050044731,0.612271887526251,2.58669176061483,0.562280825266596,2.83578002057169,2.16203436685884,3.10201002337954,2.16503189836128,2.76551419126996,1.7910408124053,2.04270208691193,4.01360332941119,4.52322666159187,3.44116017317553,1.522225734427,4.10212339788558,4.18100504785423,5.54298303552348,4.59814395127479
0.0709817432400937,0.0604050930939244,0.0765561372151193,0.0424652876207121,1.68565686318195,0.00189624600680816,0.668593658729987,0.412513264407871,0.27012545389083,3.88592171442181,2.41540670685557,2.49662509628392,1.48763938195692,3.75208932026744,1.41076891799367,4.51179218273402,3.64404019745364,4.88347811629832,3.69713219573795,4.48685480995002,3.18537668022807,3.57708709232493,3.69918139689705,4.92498315551241,5.45744812472469,2.8465093707939,3.34311082070917,6.26220245591002,4.59814395127479,6.8532966563181
