0,4.39708484252316,4.63753590681151,4.17153953553193,0.884421784127488,2.54703920658461,2.63697291168471,7.00447577045184,7.43791091673857,7.48105421570274,8.0448669323654,8.16286014882568,8.42716695541958,8.57498057205631,8.2369139116221,6.39401822643324,8.55207692970497,8.6154289218428,8.7901043698568,9.91044028876457,7.47548047635212,7.30475853095624,9.34449757624397,6.57658631559437,7.83501272368698,5.78780803573103,6.33083210322747,10.3673699634015,11.7291182426412,12.5874207831583
4.39708484252316,0,0.253087966016211,0.239851724953457,3.79944958536858,6.57368141487381,7.03403988815007,3.11595198396582,3.39441369165086,3.44895727539165,4.55390881678198,4.67077418857177,4.93120365009848,5.09110909450367,4.70108269251432,2.04784758143637,6.29679399887269,6.47666230325914,7.03071584756764,6.28407669026952,6.61499662828534,7.18724358137692,8.34125200151194,6.67554932622077,7.56747220009493,6.38161710720335,6.74055909761117,9.23716029013538,9.11052822773653,9.34034742415444
4.63753590681151,0.253087966016211,0,0.492931506789107,4.02498270636002,6.82599899709247,7.27409663410679,3.0044672229806,3.2507807863061,3.30671717818972,4.47665909018794,4.59184558921415,4.84863128672986,5.00819093128638,4.61636029271518,1.8439482469938,6.31896921896426,6.50603533116559,7.08245056260422,6.17419900125498,6.72904312453282,7.33493991958741,8.43089220281803,6.83858903682198,7.70422810009261,6.56879737947516,6.91659905589298,9.31303664204767,9.08139642479905,9.25489093214815
4.17153953553193,0.239851724953457,0.492931506789107,0,3.59048615342656,6.33486097455865,6.80834501269457,3.23400828501793,3.53972385867876,3.59286876132662,4.63612169145526,4.75424420437967,5.01743983698392,5.17733618514052,4.78980161946346,2.24889529245853,6.28235548676913,6.45510335086056,6.98706584894497,6.39328006558246,6.51162960195812,7.05049860135462,8.25994020038075,6.52415819717692,7.44111536827852,6.20661210076121,6.57631514684353,9.16845717775936,9.14178328086362,9.42431958052484
0.884421784127488,3.79944958536858,4.02498270636002,3.59048615342656,0,3.42984774961225,3.3358283397065,6.61769032800162,7.01279801901426,7.06009677802592,7.78055045198034,7.9003979639132,8.16823416403853,8.32146134672745,7.96477216739589,5.83916375490395,8.57409650046465,8.66289528331107,8.91809090099816,9.63618268826794,7.74428650414093,7.70648989679488,9.62965626802996,6.99543288898461,8.2234233500851,6.26850662903317,6.79793166207233,10.6453086981682,11.7210400100741,12.4368641412863
2.54703920658461,6.57368141487381,6.82599899709247,6.33486097455865,3.42984774961225,0,1.74662578793162,8.66688697659772,9.16308479052542,9.1958384873114,9.38944509616341,9.49797582907359,9.74288574463872,9.87193704642297,9.59137744309811,8.41504524025426,9.15641989173932,9.14759942869795,9.08911673807982,11.2100138308518,7.44627642467336,6.86670404420482,9.1494095055406,6.14683610645991,7.40093013629575,5.23305455581548,5.76032184388578,10.1486551226541,12.2895110822555,13.5054975597932
2.63697291168471,7.03403988815007,7.27409663410679,6.80834501269457,3.3358283397065,1.74662578793162,0,9.55321098820045,10.0092974207176,10.0495321618106,10.4753291677773,10.5899531365123,10.8473920207203,10.9876340153852,10.6732562537085,9.02487447451055,10.5791816660187,10.5965307891448,10.6149958074013,12.3325753039569,9.04785345668543,8.54978218096509,10.8034028856134,7.82092913164812,9.08779744346394,6.91748591043812,7.45429878824108,11.8129287191176,13.7494616717649,14.8279797792341
7.00447577045184,3.11595198396582,3.0044672229806,3.23400828501793,6.61769032800162,8.66688697659772,9.55321098820045,0,0.537747417718814,0.55239061537904,1.55345036712945,1.65652924993863,1.89206984899224,2.04753696537323,1.65690970342261,1.60972154268087,4.01569778171364,4.25622191381009,5.01047976978291,3.1701554018754,5.40994280858021,6.41272322845017,6.68000391127961,6.19420876350481,6.59561716313684,6.34527561412534,6.4691087359424,7.36809543173894,6.29686466703907,6.26726240891805
7.43791091673857,3.39441369165086,3.2507807863061,3.53972385867876,7.01279801901426,9.16308479052542,10.0092974207176,0.537747417718814,0,0.0596095632008557,1.64466093160777,1.72248127670262,1.90928356104811,2.04883768000051,1.68644623810891,1.61500474337224,4.30562606399694,4.55494189549481,5.33744228508828,2.99084558362887,5.85757899888589,6.89122063159645,7.047668877762,6.69641142271544,7.05409187522065,6.86926922607136,6.98168043900047,7.69122066358497,6.35649291665389,6.14628468454218
7.48105421570274,3.44895727539165,3.30671717818972,3.59286876132662,7.06009677802592,9.1958384873114,10.0495321618106,0.55239061537904,0.0596095632008557,0,1.5934958486386,1.66968901376584,1.85379696916769,1.99251538250123,1.63195849189791,1.67460542198781,4.26508375840366,4.5150918261969,5.30007935078079,2.93135115343504,5.83647900203001,6.87608415877065,7.01443391421401,6.68739819380996,7.03472890746582,6.86816374895751,6.97594983138052,7.65281132339056,6.3004906662166,6.08667832456507
8.0448669323654,4.55390881678198,4.47665909018794,4.63612169145526,7.78055045198034,9.38944509616341,10.4753291677773,1.55345036712945,1.64466093160777,1.5934958486386,0,0.120367346731364,0.388957929752158,0.546293907655994,0.202528262531504,3.15351662520731,2.76866395048207,3.02623270881134,3.84182179947361,1.86562898545604,4.68739565058484,5.83838104807925,5.60933938188421,5.79664170720175,5.90057610731723,6.1674507706274,6.15793669675029,6.16396169396513,4.74807359947027,4.7882963689942
8.16286014882568,4.67077418857177,4.59184558921415,4.75424420437967,7.9003979639132,9.49797582907359,10.5899531365123,1.65652924993863,1.72248127670262,1.66968901376584,0.120367346731364,0,0.268600605079127,0.426132353786492,0.115664209089702,3.25072887866591,2.74522931078351,3.00373888260756,3.82394279988864,1.74805904461641,4.71517295227931,5.87559972694534,5.59835977296396,5.84797343746996,5.92720014591877,6.23343938228396,6.21475037140223,6.13546534905263,4.65293474131556,4.67051509641633
8.42716695541958,4.93120365009848,4.84863128672986,5.01743983698392,8.16823416403853,9.74288574463872,10.8473920207203,1.89206984899224,1.90928356104811,1.85379696916769,0.388957929752158,0.268600605079127,0,0.159940249307665,0.235224578329024,3.4706003833121,2.71569472498998,2.9747242385243,3.80168666160501,1.48626661668952,4.79147526627816,5.97045890184397,5.58731480448572,5.97334842890603,5.99890883049585,6.38978533922751,6.35149669698388,6.08409596887194,4.44777145000892,4.40914508231221
8.57498057205631,5.09110909450367,5.00819093128638,5.17733618514052,8.32146134672745,9.87193704642297,10.9876340153852,2.04753696537323,2.04883768000051,1.99251538250123,0.546293907655994,0.426132353786492,0.159940249307665,0,0.392760161570571,3.62018299447695,2.67583838474132,2.93411916093587,3.76263181710096,1.34517157145428,4.80939226280073,5.99844964380428,5.55202417190425,6.02047011553152,6.0126193271653,6.4565300671179,6.40557787756394,6.02508271896229,4.3082131409849,4.24923848277282
8.2369139116221,4.70108269251432,4.61636029271518,4.78980161946346,7.96477216739589,9.59137744309811,10.6732562537085,1.65690970342261,1.68644623810891,1.63195849189791,0.202528262531504,0.115664209089702,0.235224578329024,0.392760161570571,0,3.23802419392513,2.8370488789719,3.09590824259144,3.91829680204367,1.67448997844189,4.82742060415832,5.98967068554026,5.69592256950033,5.96353759245038,6.03908031923865,6.3485760205074,6.33041075561199,6.22278403812868,4.67449479877829,4.63970277665671
6.39401822643324,2.04784758143637,1.8439482469938,2.24889529245853,5.83916375490395,8.41504524025426,9.02487447451055,1.60972154268087,1.61500474337224,1.67460542198781,3.15351662520731,3.25072887866591,3.4706003833121,3.62018299447695,3.23802419392513,0,5.55284048040339,5.78226090364939,6.49573368651017,4.60256828544538,6.63402435060791,7.49776593128461,8.08490224056187,7.15470563828729,7.76098618514099,7.11988103607188,7.34911765937474,8.8406707319625,7.90150144369597,7.7612556791177
8.55207692970497,6.29679399887269,6.31896921896426,6.28235548676913,8.57409650046465,9.15641989173932,10.5791816660187,4.01569778171364,4.30562606399694,4.26508375840366,2.76866395048207,2.74522931078351,2.71569472498998,2.67583838474132,2.8370488789719,5.55284048040339,0,0.259112267525344,1.08683824820715,3.32566857986662,2.47557751605968,3.70496806151283,2.87673294700583,3.96044680129161,3.57615362076911,4.65312975759524,4.4172143426294,3.39774291040829,3.18339224613013,4.44122080051627
8.6154289218428,6.47666230325914,6.50603533116559,6.45510335086056,8.66289528331107,9.14759942869795,10.5965307891448,4.25622191381009,4.55494189549481,4.5150918261969,3.02623270881134,3.00373888260756,2.9747242385243,2.93411916093587,3.09590824259144,5.78226090364939,0.259112267525344,0,0.828635371324708,3.55736109524769,2.30607018175512,3.52728878989746,2.61940474332465,3.82000991317881,3.37272135902354,4.54416246665604,4.28319323952708,3.14271010753286,3.15293632984776,4.52375475865692
8.7901043698568,7.03071584756764,7.08245056260422,6.98706584894497,8.91809090099816,9.08911673807982,10.6149958074013,5.01047976978291,5.33744228508828,5.30007935078079,3.84182179947361,3.82394279988864,3.80168666160501,3.76263181710096,3.91829680204367,6.49573368651017,1.08683824820715,0.828635371324708,0,4.34468197283085,1.83067349485806,2.97215445254149,1.79121326931821,3.39050478438822,2.72654655100878,4.20677323257332,3.86563034065026,2.35774886974118,3.27512925165479,4.93910829368371
9.91044028876457,6.28407669026952,6.17419900125498,6.39328006558246,9.63618268826794,11.2100138308518,12.3325753039569,3.1701554018754,2.99084558362887,2.93135115343504,1.86562898545604,1.74805904461641,1.48626661668952,1.34517157145428,1.67448997844189,4.60256828544538,3.32566857986662,3.55736109524769,4.34468197283085,0,5.72131624566909,6.94763298869975,6.09750071254207,7.07117719288023,6.8787189496129,7.59736581125903,7.48738515427996,6.3691610051236,3.80432262661915,3.17043710570601
7.47548047635212,6.61499662828534,6.72904312453282,6.51162960195812,7.74428650414093,7.44627642467336,9.04785345668543,5.40994280858021,5.85757899888589,5.83647900203001,4.68739565058484,4.71517295227931,4.79147526627816,4.80939226280073,4.82742060415832,6.63402435060791,2.47557751605968,2.30607018175512,1.83067349485806,5.72131624566909,0,1.23230416514214,1.88675511101939,1.55995295946968,1.2137872366402,2.39371754662977,2.03496592440323,2.90129023907455,5.09061922339268,6.75188638311631
7.30475853095624,7.18724358137692,7.33493991958741,7.05049860135462,7.70648989679488,6.86670404420482,8.54978218096509,6.41272322845017,6.89122063159645,6.87608415877065,5.83838104807925,5.87559972694534,5.97045890184397,5.99844964380428,5.98967068554026,7.49776593128461,3.70496806151283,3.52728878989746,2.97215445254149,6.94763298869975,1.23230416514214,0,2.32222761365242,0.737357983618216,0.540308157645511,1.634048241008,1.11499137592489,3.29194729905567,6.14644972437475,7.91008598914481
9.34449757624397,8.34125200151194,8.43089220281803,8.25994020038075,9.62965626802996,9.1494095055406,10.8034028856134,6.68000391127961,7.047668877762,7.01443391421401,5.60933938188421,5.59835977296396,5.58731480448572,5.55202417190425,5.69592256950033,8.08490224056187,2.87673294700583,2.61940474332465,1.79121326931821,6.09750071254207,1.88675511101939,2.32222761365242,0,3.0105774943016,1.82884091436384,3.9302981694343,3.43347139527123,1.02377792414503,4.1906467008112,6.17690070639566
6.57658631559437,6.67554932622077,6.83858903682198,6.52415819717692,6.99543288898461,6.14683610645991,7.82092913164812,6.19420876350481,6.69641142271544,6.68739819380996,5.79664170720175,5.84797343746996,5.97334842890603,6.02047011553152,5.96353759245038,7.15470563828729,3.96044680129161,3.82000991317881,3.39050478438822,7.07117719288023,1.55995295946968,0.737357983618216,3.0105774943016,0,1.2772712116079,0.919819197616066,0.475547949201058,4.00211241370814,6.64194690643993,8.30517876328501
7.83501272368698,7.56747220009493,7.70422810009261,7.44111536827852,8.2234233500851,7.40093013629575,9.08779744346394,6.59561716313684,7.05409187522065,7.03472890746582,5.90057610731723,5.92720014591877,5.99890883049585,6.0126193271653,6.03908031923865,7.76098618514099,3.57615362076911,3.37272135902354,2.72654655100878,6.8787189496129,1.2137872366402,0.540308157645511,1.82884091436384,1.2772712116079,0,2.17056645243418,1.64208090831241,2.77178242769876,5.79433448835545,7.62882634438603
5.78780803573103,6.38161710720335,6.56879737947516,6.20661210076121,6.26850662903317,5.23305455581548,6.91748591043812,6.34527561412534,6.86926922607136,6.86816374895751,6.1674507706274,6.23343938228396,6.38978533922751,6.4565300671179,6.3485760205074,7.11988103607188,4.65312975759524,4.54416246665604,4.20677323257332,7.59736581125903,2.39371754662977,1.634048241008,3.9302981694343,0.919819197616066,2.17056645243418,0,0.549235921976066,4.91889167146251,7.47897830094599,9.06425087798546
6.33083210322747,6.74055909761117,6.91659905589298,6.57631514684353,6.79793166207233,5.76032184388578,7.45429878824108,6.4691087359424,6.98168043900047,6.97594983138052,6.15793669675029,6.21475037140223,6.35149669698388,6.40557787756394,6.33041075561199,7.34911765937474,4.4172143426294,4.28319323952708,3.86563034065026,7.48738515427996,2.03496592440323,1.11499137592489,3.43347139527123,0.475547949201058,1.64208090831241,0.549235921976066,0,4.40678775498406,7.11717667968444,8.77647974824724
10.3673699634015,9.23716029013538,9.31303664204767,9.16845717775936,10.6453086981682,10.1486551226541,11.8129287191176,7.36809543173894,7.69122066358497,7.65281132339056,6.16396169396513,6.13546534905263,6.08409596887194,6.02508271896229,6.22278403812868,8.8406707319625,3.39774291040829,3.14271010753286,2.35774886974118,6.3691610051236,2.90129023907455,3.29194729905567,1.02377792414503,4.00211241370814,2.77178242769876,4.91889167146251,4.40678775498406,0,3.83225556665625,5.92087868692011
11.7291182426412,9.11052822773653,9.08139642479905,9.14178328086362,11.7210400100741,12.2895110822555,13.7494616717649,6.29686466703907,6.35649291665389,6.3004906662166,4.74807359947027,4.65293474131556,4.44777145000892,4.3082131409849,4.67449479877829,7.90150144369597,3.18339224613013,3.15293632984776,3.27512925165479,3.80432262661915,5.09061922339268,6.14644972437475,4.1906467008112,6.64194690643993,5.79433448835545,7.47897830094599,7.11717667968444,3.83225556665625,0,2.11156395578805
12.5874207831583,9.34034742415444,9.25489093214815,9.42431958052484,12.4368641412863,13.5054975597932,14.8279797792341,6.26726240891805,6.14628468454218,6.08667832456507,4.7882963689942,4.67051509641633,4.40914508231221,4.24923848277282,4.63970277665671,7.7612556791177,4.44122080051627,4.52375475865692,4.93910829368371,3.17043710570601,6.75188638311631,7.91008598914481,6.17690070639566,8.30517876328501,7.62882634438603,9.06425087798546,8.77647974824724,5.92087868692011,2.11156395578805,0
