2.12761261781139,1.73657237633413,1.7148266787508,1.21284678114209,0.0771962291029977,0.0855449714643521,0.170848009041021,0.0931857394875597,0.0497360704482537,0.0581982670209009,0.0387921815071084,0.996047380218859,0.0124517274024427,0.0216889661292612,0.00115457295826893,0.106713875814294,0.0803709259786123,0.00122415591760117,7.24456644984883e-06,0.00895576764302675,0.0711692805039839,0.325676395044617,0.311013958782925,0.312841187801235,0.105278854653445,0.100737150601768,0.361669696584339,0.0266727489833478,0.441952745560263,0.60937251537576
1.73657237633413,2.08083278087309,1.33740301253005,0.868425729234936,0.224332781691912,0.237391501718658,0.343085287744462,0.255881755783752,0.183215672197758,0.199257646852919,0.166467511308643,1.33856265690374,0.109005655730365,0.00543824092684631,0.0348661648349626,0.0122204506544166,0.247407713247648,0.0349457335455501,0.0502310510232959,0.0169932429049648,0.0016622402413633,0.137725549505891,0.124121200077326,0.130202995002101,0.00956500880019195,0.00862597883707306,0.148532949402985,0.00445278685405004,0.202244941569769,0.336206100577252
1.7148266787508,1.33740301253005,2.19969379197461,1.67967366978399,0.00146714593179897,0.00292873128408377,0.0408787290552697,0.00347564623888763,0.000777485545724321,0.000102173414545881,0.00378444766666863,0.621210123661021,0.0241156932262614,0.170556741560747,0.0906497812189029,0.34109308646803,0.000372351629978951,0.0921693289797254,0.070718956299916,0.1339588180453,0.287651119935736,0.649774766391672,0.639522439408645,0.629866954927838,0.352443776584131,0.341465541252112,0.728388691764367,0.193136360006902,0.835708194604175,1.02704578271218
1.21284678114209,0.868425729234936,1.67967366978399,2.46337644107948,0.0871994894836083,0.0771312953279089,0.00799485259585886,0.0812708878131589,0.143393060127457,0.130787707585769,0.179567329366437,0.240978433901585,0.280626573281762,0.615672312909425,0.455869004880851,0.89042583686525,0.124115383636616,0.462143901490943,0.412627035887177,0.556037749969373,0.831717916146146,1.2894344842148,1.29511807774447,1.25778653347868,0.936997054820228,0.914171600051152,1.44441136151366,0.680212161995112,1.57961575632604,1.78526825226051
0.0771962291029977,0.224332781691912,0.00146714593179897,0.0871994894836083,3.58887154959109,3.49372934818187,2.01938581809611,3.58293810777344,3.53981277594847,3.56329183564081,3.52239117337516,1.5025652146008,3.42025267423314,2.81173071132551,3.11692475740798,2.17813577345284,3.58648170641384,3.13140107433986,3.21705741800521,3.0235214563629,2.58122462502338,1.15839995322183,1.32216714614589,1.15697914814316,2.44042086618898,2.41134024079652,1.49806340164703,2.92476065827733,1.34933398515793,0.813720291467201
0.0855449714643521,0.237391501718658,0.00292873128408377,0.0771312953279089,3.49372934818187,3.51871348016018,2.03586451082594,3.51859218869295,3.44998463303075,3.4773206937746,3.43371462706649,1.52743341482894,3.32799082774401,2.71994438067328,3.0219457996674,2.10045840821092,3.51155006073153,3.03631232524689,3.12198139438054,2.92873498337895,2.49146198569586,1.11146227759504,1.26851466411684,1.11071476765474,2.35270040677902,2.3249250734401,1.43388549835605,2.83018183124399,1.28853169794904,0.772755379316954
0.170848009041021,0.343085287744462,0.0408787290552697,0.00799485259585886,2.01938581809611,2.03586451082594,2.14626685698796,2.05905665153111,1.97123821544927,1.99457410571011,1.95325784076246,1.4226572373431,1.86270674074488,1.46379182386398,1.65190689245343,1.11084977725493,2.04899867539961,1.65741298560167,1.7143852701264,1.57943737966503,1.30148076574525,0.56953242452602,0.643328536369849,0.57428643086834,1.21217561591956,1.20487307874463,0.69088333013269,1.50101135062521,0.601969392523733,0.342128031530278
0.0931857394875597,0.255881755783752,0.00347564623888763,0.0812708878131589,3.58293810777344,3.51859218869295,2.05905665153111,4.25528227121016,4.06077428633492,4.13349423513066,4.09658313359604,1.69192390546428,3.96457758676859,3.15049456961443,3.54261593027435,2.3719162920044,4.24244033231538,3.56957582717393,3.68375256758511,3.44388170839969,2.89691123109378,1.20833246754262,1.39489970223494,1.20470530298708,2.73207645934014,2.68655363507003,1.61859003308395,3.34145295694766,1.45480424111736,0.848734863652211
0.0497360704482537,0.183215672197758,0.000777485545724321,0.143393060127457,3.53981277594847,3.44998463303075,1.97123821544927,4.06077428633492,4.57663959931619,4.5405807063576,4.55850357146432,1.50932239379844,4.45050049640446,3.64941934409629,4.05825407495138,2.78939183960183,4.55724986899654,4.08540677310952,4.19739039013992,3.95957663190213,3.39119462108239,1.45962982517874,1.68461072269243,1.45131310904869,3.21739592379561,3.16283604348135,1.97687907267716,3.85721857771813,1.79738335776232,1.07885470337058
0.0581982670209009,0.199257646852919,0.000102173414545881,0.130787707585769,3.56329183564081,3.4773206937746,1.99457410571011,4.13349423513066,4.5405807063576,4.66701247610914,4.61910181969939,1.57054538562774,4.49400861746137,3.6358529961836,4.06322835685157,2.75679999425045,4.65922036502708,4.09439751049565,4.21428837219155,3.96542761084367,3.37604387928391,1.42628371861434,1.64937655147492,1.41828562074937,3.19873624036925,3.14106692417716,1.94115324807777,3.8640179102343,1.76139216901467,1.04659486209538
0.0387921815071084,0.166467511308643,0.00378444766666863,0.179567329366437,3.52239117337516,3.43371462706649,1.95325784076246,4.09658313359604,4.55850357146432,4.61910181969939,5.51255167760285,1.53957831453752,5.37780200433361,4.29766632462105,4.82938470215639,3.21640391610495,5.40712385304178,4.88315355255845,5.03340341418834,4.74829746656635,4.0429683851165,1.64862702448393,1.92113256317725,1.63407371478341,3.84113081120026,3.75200010439541,2.32438763245707,4.65956064720696,2.12422272478134,1.25604625758042
0.996047380218859,1.33856265690374,0.621210123661021,0.240978433901585,1.5025652146008,1.52743341482894,1.4226572373431,1.69192390546428,1.50932239379844,1.57054538562774,1.53957831453752,3.98897339381494,1.40484848506264,0.769185185621353,1.03071617383789,0.396069710756858,1.89784444161024,1.04528569046691,1.13721423447657,0.938669186363845,0.584411123167517,0.0626770494716968,0.0879602671649193,0.0664185663767394,0.489042174675096,0.481302939202705,0.0944333695821218,0.842577933271825,0.0525665281710372,0.000273624377641113
0.0124517274024427,0.109005655730365,0.0241156932262614,0.280626573281762,3.42025267423314,3.32799082774401,1.86270674074488,3.96457758676859,4.45050049640446,4.49400861746137,5.37780200433361,1.40484848506264,6.79800164834349,5.28162647192179,5.96209209420935,3.90380276252124,5.91363622744431,6.09696809754157,6.30340601786242,6.00370073155847,5.12318125787685,2.00256983049545,2.35406058839134,1.97575603506902,4.89514337724119,4.73635585629431,2.9640846468422,5.97559213995976,2.74156742706438,1.61782583432649
0.0216889661292612,0.00543824092684631,0.170556741560747,0.615672312909425,2.81173071132551,2.71994438067328,1.46379182386398,3.15049456961443,3.64941934409629,3.6358529961836,4.29766632462105,0.769185185621353,5.28162647192179,6.47539946065501,5.97563308102539,4.92868499015511,4.44398319162725,6.0814463678649,5.90117066641249,6.40367617460919,6.21391209136133,2.69912808916831,3.16644477479664,2.64847503792293,6.01886343641121,5.91356465898983,4.04727470327724,6.47418604165236,3.81739993290732,2.3945634605871
0.00115457295826893,0.0348661648349626,0.0906497812189029,0.455869004880851,3.11692475740798,3.0219457996674,1.65190689245343,3.54261593027435,4.05825407495138,4.06322835685157,4.82938470215639,1.03071617383789,5.96209209420935,5.97563308102539,6.66967859091135,4.49742052504293,5.09529270024292,6.66961904411174,6.57886641034663,6.57089385147724,5.82169534261279,2.39889635957281,2.81511680988772,2.35954747361699,5.59721798738333,5.44367486621975,3.57649033721434,6.46830968999534,3.34808414524307,2.04856277217954
0.106713875814294,0.0122204506544166,0.34109308646803,0.89042583686525,2.17813577345284,2.10045840821092,1.11084977725493,2.3719162920044,2.78939183960183,2.75679999425045,3.21640391610495,0.396069710756858,3.90380276252124,4.92868499015511,4.49742052504293,5.42933026843535,3.19489682977699,4.56084177715481,4.40679877760049,4.88715593747202,5.36992899461203,3.10479413927096,3.62813097078656,3.03808460875824,5.42604315925015,5.42323894627406,4.48956082323211,5.18945962579008,4.26650926525604,2.86644073524016
0.0803709259786123,0.247407713247648,0.000372351629978951,0.124115383636616,3.58648170641384,3.51155006073153,2.04899867539961,4.24244033231538,4.55724986899654,4.65922036502708,5.40712385304178,1.89784444161024,5.91363622744431,4.44398319162725,5.09529270024292,3.19489682977699,6.87911078680867,5.21420678438454,5.41904189959893,5.12264800268153,4.24772835877678,1.54394831355142,1.82367488658858,1.5289828545552,4.02292518876278,3.8839598274975,2.27368093532341,5.12843715218099,2.0646649815254,1.15102481143243
0.00122415591760117,0.0349457335455501,0.0921693289797254,0.462143901490943,3.13140107433986,3.03631232524689,1.65741298560167,3.56957582717393,4.08540677310952,4.09439751049565,4.88315355255845,1.04528569046691,6.09696809754157,6.0814463678649,6.66961904411174,4.56084177715481,5.21420678438454,6.99125906160664,6.79273456830262,6.85635819403857,6.01351949064637,2.42455426884055,2.85136829610441,2.38330233854569,5.78332355615462,5.60071602212288,3.65626982006648,6.76007056424248,3.42671234501146,2.08209463747465
7.24456644984883e-06,0.0502310510232959,0.070718956299916,0.412627035887177,3.21705741800521,3.12198139438054,1.7143852701264,3.68375256758511,4.19739039013992,4.21428837219155,5.03340341418834,1.13721423447657,6.30340601786242,5.90117066641249,6.57886641034663,4.40679877760049,5.41904189959893,6.79273456830262,7.00747334646936,6.70024666319198,5.8162956461575,2.32095363614591,2.72976313346265,2.28340308056126,5.585653862031,5.40294696232931,3.4882554378913,6.63186187047546,3.25949972460001,1.96511828360899
0.00895576764302675,0.0169932429049648,0.1339588180453,0.556037749969373,3.0235214563629,2.92873498337895,1.57943737966503,3.44388170839969,3.95957663190213,3.96542761084367,4.74829746656635,0.938669186363845,6.00370073155847,6.40367617460919,6.57089385147724,4.88715593747202,5.12264800268153,6.85635819403857,6.70024666319198,7.6975172267501,6.71155053384796,2.62821572887224,3.10334944241894,2.57695626638768,6.48393315229507,6.218217953656,4.08142445765664,7.59490802057265,3.85331435160237,2.3330054449174
0.0711692805039839,0.0016622402413633,0.287651119935736,0.831717916146146,2.58122462502338,2.49146198569586,1.30148076574525,2.89691123109378,3.39119462108239,3.37604387928391,4.0429683851165,0.584411123167517,5.12318125787685,6.21391209136133,5.82169534261279,5.36992899461203,4.24772835877678,6.01351949064637,5.8162956461575,6.71155053384796,7.79368138636896,3.06519861668338,3.62636778079355,2.99181415336395,7.56162379198272,7.21330164314265,4.9277264085906,7.52717897992591,4.71900877096998,2.91128809345618
0.325676395044617,0.137725549505891,0.649774766391672,1.2894344842148,1.15839995322183,1.11146227759504,0.56953242452602,1.20833246754262,1.45962982517874,1.42628371861434,1.64862702448393,0.0626770494716968,2.00256983049545,2.69912808916831,2.39889635957281,3.10479413927096,1.54394831355142,2.42455426884055,2.32095363614591,2.62821572887224,3.06519861668338,3.556936204062,3.54210265193886,3.43309181243951,3.19814858718622,3.16741664350207,3.55513313632468,2.86495181305714,3.54634080464258,3.16304044051897
0.311013958782925,0.124121200077326,0.639522439408645,1.29511807774447,1.32216714614589,1.26851466411684,0.643328536369849,1.39489970223494,1.68461072269243,1.64937655147492,1.92113256317725,0.0879602671649193,2.35406058839134,3.16644477479664,2.81511680988772,3.62813097078656,1.82367488658858,2.85136829610441,2.72976313346265,3.10334944241894,3.62636778079355,3.54210265193886,4.17668490272154,3.43179972643148,3.78788273865333,3.74521249899736,4.17529156406979,3.40124609050047,4.13224475321589,3.40449327290272
0.312841187801235,0.130202995002101,0.629866954927838,1.25778653347868,1.15697914814316,1.11071476765474,0.57428643086834,1.20470530298708,1.45131310904869,1.41828562074937,1.63407371478341,0.0664185663767394,1.97575603506902,2.64847503792293,2.35954747361699,3.03808460875824,1.5289828545552,2.38330233854569,2.28340308056126,2.57695626638768,2.99181415336395,3.43309181243951,3.43179972643148,3.43808773335534,3.11581102491944,3.08859587004424,3.43764196703559,2.79947183970053,3.42407196446247,3.06002423870583
0.105278854653445,0.00956500880019195,0.352443776584131,0.936997054820228,2.44042086618898,2.35270040677902,1.21217561591956,2.73207645934014,3.21739592379561,3.19873624036925,3.84113081120026,0.489042174675096,4.89514337724119,6.01886343641121,5.59721798738333,5.42604315925015,4.02292518876278,5.78332355615462,5.585653862031,6.48393315229507,7.56162379198272,3.19814858718622,3.78788273865333,3.11581102491944,8.09321391642212,7.37991996908716,5.25157845100552,7.46516037602843,5.06536013053507,3.12287295896998
0.100737150601768,0.00862597883707306,0.341465541252112,0.914171600051152,2.41134024079652,2.3249250734401,1.20487307874463,2.68655363507003,3.16283604348135,3.14106692417716,3.75200010439541,0.481302939202705,4.73635585629431,5.91356465898983,5.44367486621975,5.42323894627406,3.8839598274975,5.60071602212288,5.40294696232931,6.218217953656,7.21330164314265,3.16741664350207,3.74521249899736,3.08859587004424,7.37991996908716,7.38073768534337,5.09496290761406,6.94951860479565,4.8863189147392,3.05108824119058
0.361669696584339,0.148532949402985,0.728388691764367,1.44441136151366,1.49806340164703,1.43388549835605,0.69088333013269,1.61859003308395,1.97687907267716,1.94115324807777,2.32438763245707,0.0944333695821218,2.9640846468422,4.04727470327724,3.57649033721434,4.48956082323211,2.27368093532341,3.65626982006648,3.4882554378913,4.08142445765664,4.9277264085906,3.55513313632468,4.17529156406979,3.43764196703559,5.25157845100552,5.09496290761406,6.20927052939072,4.66554842115674,5.97925381263281,3.89500459529063
0.0266727489833478,0.00445278685405004,0.193136360006902,0.680212161995112,2.92476065827733,2.83018183124399,1.50101135062521,3.34145295694766,3.85721857771813,3.8640179102343,4.65956064720696,0.842577933271825,5.97559213995976,6.47418604165236,6.46830968999534,5.18945962579008,5.12843715218099,6.76007056424248,6.63186187047546,7.59490802057265,7.52717897992591,2.86495181305714,3.40124609050047,2.79947183970053,7.46516037602843,6.94951860479565,4.66554842115674,9.4175619860483,4.46248112897826,2.66481425005422
0.441952745560263,0.202244941569769,0.835708194604175,1.57961575632604,1.34933398515793,1.28853169794904,0.601969392523733,1.45480424111736,1.79738335776232,1.76139216901467,2.12422272478134,0.0525665281710372,2.74156742706438,3.81739993290732,3.34808414524307,4.26650926525604,2.0646649815254,3.42671234501146,3.25949972460001,3.85331435160237,4.71900877096998,3.54634080464258,4.13224475321589,3.42407196446247,5.06536013053507,4.8863189147392,5.97925381263281,4.46248112897826,6.43608534247057,4.07751320430934
0.60937251537576,0.336206100577252,1.02704578271218,1.78526825226051,0.813720291467201,0.772755379316954,0.342128031530278,0.848734863652211,1.07885470337058,1.04659486209538,1.25604625758042,0.000273624377641113,1.61782583432649,2.3945634605871,2.04856277217954,2.86644073524016,1.15102481143243,2.08209463747465,1.96511828360899,2.3330054449174,2.91128809345618,3.16304044051897,3.40449327290272,3.06002423870583,3.12287295896998,3.05108824119058,3.89500459529063,2.66481425005422,4.07751320430934,4.28871817843954
