0.407517065788076,0.406889262712489,0.278849860086702,0.311386167881688,0.405208809736138,0.104344105162017,0.387818356667058,0.205718972899177,0.144960266546873,0.166043163744954,0.202492644068254,0.200645839734406,0.127189576851511,0.194201717876036,0.0469175602541543,0.385504823855773,0.0478298209317489,0.0832631063474256,0.403351409439763,0.0669312596605875,0.000247408481021782,0.00117694913546629,0.00405427481732801,0.000578152616264482,0.00508796763988961,0.0321652405432582,0.000160766287921277,0.00459544733962902,0.00220007886327123,0.0211435171157865
0.406889262712489,1.46917762700189,0.629662196222149,0.764654516722793,1.4610029054299,0.232235692723009,1.36285483510515,0.574794875648677,0.468505450323871,0.532920799527473,0.666234366144375,0.668208735011087,0.429666789257003,0.658117831639952,0.164010174947071,1.33681634844527,0.173800339115165,0.286284486639104,1.43586030958678,0.236580293247805,6.16383804992182e-05,0.00904672986258737,0.00539257087182543,3.86165697001672e-05,0.00765330635718842,0.124308455531786,0.000188588018148916,0.0241357401969982,0.0141523238947427,0.0873804300534635
0.278849860086702,0.629662196222149,1.19969171185522,1.15377064453879,0.64102781440374,0.754948545955301,0.523343048401034,1.10047837503592,0.0207384506494135,0.0378233639777932,0.0775555430198644,0.0755348732624936,0.00937771151383249,0.0679486821538444,0.0212663405124669,1.07376185509182,0.0223631368402417,0.0006900469578488,0.963806568344546,0.00648174455173134,0.258501905012474,0.196065056165527,0.324978962713895,0.278522955017182,0.348465732053717,0.0485763690833005,0.266091963320449,0.158465717992753,0.186051520710379,0.0786832346686372
0.311386167881688,0.764654516722793,1.15377064453879,1.3499003099934,0.788581378520653,0.71979946445385,0.661469327096644,1.15267701939894,0.0495639753680179,0.0752795281447525,0.131514243399847,0.129504483044595,0.0311383239453105,0.120209888785549,0.00606414366895214,1.26652891489282,0.00640236972154007,0.00233018615872238,1.15987406768936,5.91041817870064e-05,0.213407111024012,0.153073192179623,0.279078098286408,0.232876574711683,0.30264423597684,0.0236346332567279,0.220563954753548,0.11761656220864,0.143281077581065,0.0470247111328144
0.405208809736138,1.4610029054299,0.64102781440374,0.788581378520653,1.81650357900714,0.229563224865931,1.68081303555102,0.616970036687978,0.593611141829753,0.669959415295298,0.836673706633872,0.842660877271109,0.554399567662982,0.835533640778325,0.223576972238255,1.59327365134075,0.239266153495326,0.377991714347102,1.74724202624887,0.317938701400828,0.00207110274131717,0.0199001952791833,0.00183349790209064,0.000970855590785913,0.00328016129766251,0.177884360552175,0.00284736237882255,0.0431038967689474,0.0283433820560535,0.130681579849123
0.104344105162017,0.232235692723009,0.754948545955301,0.71979946445385,0.229563224865931,1.73819769619636,0.138426853496521,1.53826241859883,0.115751340237248,0.0781081296479984,0.0365092462868053,0.0403887763642969,0.170183985915182,0.0511582076464578,0.452381111910481,0.750536926246298,0.48002331454899,0.303597638741335,0.569645055627087,0.380678944111601,1.08361386883742,0.976036074642734,1.19068523336219,1.1341482296361,1.24621219860919,0.604100031547012,1.11955717992806,0.90722923128217,0.970502178205205,0.714512251048524
0.387818356667058,1.36285483510515,0.523343048401034,0.661469327096644,1.68081303555102,0.138426853496521,2.21530262378565,0.482127649048995,0.926075721114663,1.02001645787856,1.24141875930662,1.2560633574625,0.894699212307855,1.25717232290572,0.435244674419968,1.64298210940121,0.469517497567725,0.659264587672553,1.92832372192875,0.581193564242675,0.0440422309317601,0.100625846059796,0.0124393157141616,0.0395543813759196,0.0102119303939707,0.384455401565853,0.0509078445381737,0.154240620036237,0.123773214670426,0.314417185749424
0.205718972899177,0.574794875648677,1.10047837503592,1.15267701939894,0.616970036687978,1.53826241859883,0.482127649048995,3.09168936541432,0.00981896822475159,0.00082552243243228,0.00675067837537435,0.00560039500561915,0.0312732763866452,0.00263370211548564,0.25376423726147,1.84615410666581,0.280088561526352,0.121477546710628,1.54900330056786,0.185735405454167,0.999917754449611,0.871831593144742,1.12891683584821,1.09468436362007,1.24653388966576,0.41385238330412,1.08822867353703,0.791264573447524,0.882159233626707,0.54882918628861
0.144960266546873,0.468505450323871,0.0207384506494135,0.0495639753680179,0.593611141829753,0.115751340237248,0.926075721114663,0.00981896822475159,3.24583836663598,2.9780576905663,2.84949245237775,2.95094366944748,3.20636415428649,3.08171885884572,2.45957157471727,0.375998948435779,2.62889699218666,2.92509138915727,0.656472632285926,2.82191903587358,1.30023445915717,1.64646804979229,1.01853527496805,1.34056052566103,1.07034471935827,2.50811368885588,1.44945315902593,1.90605926462644,1.81232429881649,2.39350797220896
0.166043163744954,0.532920799527473,0.0378233639777932,0.0752795281447525,0.669959415295298,0.0781081296479984,1.02001645787856,0.00082552243243228,2.9780576905663,3.09413729695796,2.92924193408873,2.98984705250523,2.96866829534393,3.0519726023059,2.2098218765697,0.45999416080774,2.36349139207102,2.6573858207358,0.759777058589846,2.5541416151913,1.11790628862334,1.43054005934284,0.865034627682425,1.14836167807003,0.904888643123632,2.24297807200056,1.24458999821257,1.66752067633492,1.57833521113736,2.12944338426597
0.202492644068254,0.666234366144375,0.0775555430198644,0.131514243399847,0.836673706633872,0.0365092462868053,1.24141875930662,0.00675067837537435,2.84949245237775,2.92924193408873,3.42040749330635,3.41834422809242,2.97329352336122,3.40836194077387,2.06334134546958,0.669588121792265,2.25248841760778,2.57195272747141,1.04224619803662,2.46715849431076,0.957168229793251,1.26605893342242,0.716514668276094,0.985282738352631,0.750896121274425,2.13247824527516,1.07981899491939,1.51103225769199,1.41912903522474,2.01496259069771
0.200645839734406,0.668208735011087,0.0755348732624936,0.129504483044595,0.842660877271109,0.0403887763642969,1.2560633574625,0.00560039500561915,2.95094366944748,2.98984705250523,3.41834422809242,3.70522669511903,3.16855437065472,3.69428217618867,2.18099230415509,0.686255514867545,2.40470277401659,2.73466748113574,1.07856186077567,2.63331968084906,1.01792875151417,1.35157925559995,0.760766893848563,1.05230795318462,0.801097129511817,2.28816404570557,1.15614440335894,1.61956639090156,1.52259646403376,2.16942232457906
0.127189576851511,0.429666789257003,0.00937771151383249,0.0311383239453105,0.554399567662982,0.170183985915182,0.894699212307855,0.0312732763866452,3.20636415428649,2.96866829534393,2.97329352336122,3.16855437065472,4.20700997488602,3.49792333664602,3.04701045356357,0.338293396892077,3.40012183416354,3.73294199406254,0.637821758456223,3.65072815547209,1.67181868709724,2.14105092486956,1.30619333166998,1.75236654627295,1.39827421794981,3.29831482760831,1.91029199386475,2.50940136373599,2.39677471146578,3.18112369461271
0.194201717876036,0.658117831639952,0.0679486821538444,0.120209888785549,0.835533640778325,0.0511582076464578,1.25717232290572,0.00263370211548564,3.08171885884572,3.0519726023059,3.40836194077387,3.69428217618867,3.49792333664602,4.22343899588034,2.39878365630248,0.691608160666288,2.69234253918275,3.02740536454551,1.11033484400418,2.94182392561269,1.14320424338742,1.52417000559539,0.854434455808081,1.19086815263709,0.907359905301421,2.58943988179989,1.31316003901275,1.83651077762474,1.73099502637687,2.47273612961087
0.0469175602541543,0.164010174947071,0.0212663405124669,0.00606414366895214,0.223576972238255,0.452381111910481,0.435244674419968,0.25376423726147,2.45957157471727,2.2098218765697,2.06334134546958,2.18099230415509,3.04701045356357,2.39878365630248,3.93985352857429,0.0410131223791446,3.93985329319818,3.59041220875386,0.163519210209386,3.84687263171247,2.49922727411079,3.03240365192321,2.04474206855768,2.61601404651136,2.1956909236392,3.88899743445439,2.7965544071998,3.37536950790689,3.27200142793782,3.8080387545464
0.385504823855773,1.33681634844527,1.07376185509182,1.26652891489282,1.59327365134075,0.750536926246298,1.64298210940121,1.84615410666581,0.375998948435779,0.45999416080774,0.669588121792265,0.686255514867545,0.338293396892077,0.691608160666288,0.0410131223791446,4.8419465349674,0.0467085707892565,0.157437560509437,4.49878818916096,0.104298422069504,0.13895886723131,0.0701442021006331,0.221045490284295,0.167114291879226,0.261547720961726,0.0127851955418299,0.152905550456963,0.0352944306913194,0.0601300761427241,0.000357195699267621
0.0478298209317489,0.173800339115165,0.0223631368402417,0.00640236972154007,0.239266153495326,0.48002331454899,0.469517497567725,0.280088561526352,2.62889699218666,2.36349139207102,2.25248841760778,2.40470277401659,3.40012183416354,2.69234253918275,3.93985329319818,0.0467085707892565,5.04097460610803,4.02147432666234,0.188277373609828,4.59256520843736,2.79011676104267,3.51001842401223,2.24363397809417,2.99265979055539,2.4660860720434,4.92009550847339,3.25940838448594,4.06008292571032,3.9342138447508,4.80344728066747
0.0832631063474256,0.286284486639104,0.0006900469578488,0.00233018615872238,0.377991714347102,0.303597638741335,0.659264587672553,0.121477546710628,2.92509138915727,2.6573858207358,2.57195272747141,2.73466748113574,3.73294199406254,3.02740536454551,3.59041220875386,0.157437560509437,4.02147432666234,4.3570949409151,0.373762662162999,4.25183107519856,2.15115770061573,2.70231044309762,1.71643426640946,2.26793913128922,1.85153463521845,3.9100098324164,2.45946623834473,3.11844767984869,3.00149264113466,3.7912232441188
0.403351409439763,1.43586030958678,0.963806568344546,1.15987406768936,1.74724202624887,0.569645055627087,1.92832372192875,1.54900330056786,0.656472632285926,0.759777058589846,1.04224619803662,1.07856186077567,0.637821758456223,1.11033484400418,0.163519210209386,4.49878818916096,0.188277373609828,0.373762662162999,5.81950424300382,0.294215763228345,0.0367030995680606,0.00470232247770852,0.0905166485768349,0.0492317256104347,0.112645755897153,0.114239270893953,0.0391125636142062,0.00044183124760977,0.00142154457035293,0.0616285517348771
0.0669312596605875,0.236580293247805,0.00648174455173134,5.91041817870064e-05,0.317938701400828,0.380678944111601,0.581193564242675,0.185735405454167,2.82191903587358,2.5541416151913,2.46715849431076,2.63331968084906,3.65072815547209,2.94182392561269,3.84687263171247,0.104298422069504,4.59256520843736,4.25183107519856,0.294215763228345,4.86066001419514,2.47194245933239,3.11969337783597,1.97524193616918,2.63412442820417,2.15511940415643,4.50824402529897,2.86878591960762,3.62120234291979,3.49712762084855,4.39079568012094
0.000247408481021782,6.16383804992182e-05,0.258501905012474,0.213407111024012,0.00207110274131717,1.08361386883742,0.0440422309317601,0.999917754449611,1.30023445915717,1.11790628862334,0.957168229793251,1.01792875151417,1.67181868709724,1.14320424338742,2.49922727411079,0.13895886723131,2.79011676104267,2.15115770061573,0.0367030995680606,2.47194245933239,4.10964713453992,3.97713327739995,3.41065340175707,4.10453700506772,3.78460598142197,3.24776588464738,4.10917344456035,3.89374408087875,3.99015909826983,3.56808141515871
0.00117694913546629,0.00904672986258737,0.196065056165527,0.153073192179623,0.0199001952791833,0.976036074642734,0.100625846059796,0.871831593144742,1.64646804979229,1.43054005934284,1.26605893342242,1.35157925559995,2.14105092486956,1.52417000559539,3.03240365192321,0.0701442021006331,3.51001842401223,2.70231044309762,0.00470232247770852,3.11969337783597,3.97713327739995,5.01371981662914,3.27824834539604,4.42757545691274,3.73700086400366,4.15228567957914,4.76235046559909,4.93032945295801,5.00321242044727,4.57810509341999
0.00405427481732801,0.00539257087182543,0.324978962713895,0.279078098286408,0.00183349790209064,1.19068523336219,0.0124393157141616,1.12891683584821,1.01853527496805,0.865034627682425,0.716514668276094,0.760766893848563,1.30619333166998,0.854434455808081,2.04474206855768,0.221045490284295,2.24363397809417,1.71643426640946,0.0905166485768349,1.97524193616918,3.41065340175707,3.27824834539604,3.54244295158582,3.48572154046988,3.53945422160664,2.6108565548934,3.47096629569426,3.19487458318377,3.29568533036541,2.88344832125818
0.000578152616264482,3.86165697001672e-05,0.278522955017182,0.232876574711683,0.000970855590785913,1.1341482296361,0.0395543813759196,1.09468436362007,1.34056052566103,1.14836167807003,0.985282738352631,1.05230795318462,1.75236654627295,1.19086815263709,2.61601404651136,0.167114291879226,2.99265979055539,2.26793913128922,0.0492317256104347,2.63412442820417,4.10453700506772,4.42757545691274,3.48572154046988,4.79798910148555,4.06244361516174,3.57112504047347,4.78319166066845,4.39729226278908,4.55728698028425,4.00685833668637
0.00508796763988961,0.00765330635718842,0.348465732053717,0.30264423597684,0.00328016129766251,1.24621219860919,0.0102119303939707,1.24653388966576,1.07034471935827,0.904888643123632,0.750896121274425,0.801097129511817,1.39827421794981,0.907359905301421,2.1956909236392,0.261547720961726,2.4660860720434,1.85153463521845,0.112645755897153,2.15511940415643,3.78460598142197,3.73700086400366,3.53945422160664,4.06244361516174,4.22979468355954,2.93548017377551,4.06925363491779,3.67348757077968,3.82201047604325,3.30147050368651
0.0321652405432582,0.124308455531786,0.0485763690833005,0.0236346332567279,0.177884360552175,0.604100031547012,0.384455401565853,0.41385238330412,2.50811368885588,2.24297807200056,2.13247824527516,2.28816404570557,3.29831482760831,2.58943988179989,3.88899743445439,0.0127851955418299,4.92009550847339,3.9100098324164,0.114239270893953,4.50824402529897,3.24776588464738,4.15228567957914,2.6108565548934,3.57112504047347,2.93548017377551,6.1309518305348,3.94572963071412,4.94629329939675,4.82772506062137,6.01215559941262
0.000160766287921277,0.000188588018148916,0.266091963320449,0.220563954753548,0.00284736237882255,1.11955717992806,0.0509078445381737,1.08822867353703,1.44945315902593,1.24458999821257,1.07981899491939,1.15614440335894,1.91029199386475,1.31316003901275,2.7965544071998,0.152905550456963,3.25940838448594,2.45946623834473,0.0391125636142062,2.86878591960762,4.10917344456035,4.76235046559909,3.47096629569426,4.78319166066845,4.06925363491779,3.94572963071412,5.39042654015515,4.8892032778353,5.10401622592356,4.48247363780252
0.00459544733962902,0.0241357401969982,0.158465717992753,0.11761656220864,0.0431038967689474,0.90722923128217,0.154240620036237,0.791264573447524,1.90605926462644,1.66752067633492,1.51103225769199,1.61956639090156,2.50940136373599,1.83651077762474,3.37536950790689,0.0352944306913194,4.06008292571032,3.11844767984869,0.00044183124760977,3.62120234291979,3.89374408087875,4.93032945295801,3.19487458318377,4.39729226278908,3.67348757077968,4.94629329939675,4.8892032778353,5.97854236025923,5.85066034804936,5.57172916837132
0.00220007886327123,0.0141523238947427,0.186051520710379,0.143281077581065,0.0283433820560535,0.970502178205205,0.123773214670426,0.882159233626707,1.81232429881649,1.57833521113736,1.41912903522474,1.52259646403376,2.39677471146578,1.73099502637687,3.27200142793782,0.0601300761427241,3.9342138447508,3.00149264113466,0.00142154457035293,3.49712762084855,3.99015909826983,5.00321242044727,3.29568533036541,4.55728698028425,3.82201047604325,4.82772506062137,5.10401622592356,5.85066034804936,6.18508658339918,5.52631240099695
0.0211435171157865,0.0873804300534635,0.0786832346686372,0.0470247111328144,0.130681579849123,0.714512251048524,0.314417185749424,0.54882918628861,2.39350797220896,2.12944338426597,2.01496259069771,2.16942232457906,3.18112369461271,2.47273612961087,3.8080387545464,0.000357195699267621,4.80344728066747,3.7912232441188,0.0616285517348771,4.39079568012094,3.56808141515871,4.57810509341999,2.88344832125818,4.00685833668637,3.30147050368651,6.01215559941262,4.48247363780252,5.57172916837132,5.52631240099695,7.25618114497019
