0,1.85331542610686,0.0260496340248179,1.7240096872978,1.26395779528327,1.06021439169558,2.7581383170628,2.29085121180175,4.4314814933941,3.13548143807005,2.62589480305998,4.38590025331096,0.735171809523643,3.89289225928947,1.13313330964484,4.76596159912087,2.49484739823655,3.30926493312478,6.1792697367738,3.74378159710669,4.62372411579537,4.65418527372999,3.50644172806995,4.32659743753327,3.88112496038347,3.68978275583476,6.27800998796858,6.4901823445622,7.34443419683968,7.4920183791228
1.85331542610686,0,1.83169593800577,0.700859302258205,1.08220940109219,1.23859954777209,4.04530158594499,3.83419609943954,4.89276240413329,4.48706651133412,4.1567436300645,4.95720370120114,2.55928713960983,5.11446136169122,2.91407490538569,5.65241159305733,4.31217565151594,5.14466307000245,5.72792627359917,2.49585402393538,4.19884962819844,4.22976024864933,1.85399424211799,2.6681278416265,2.02783167865607,1.98680709341698,4.84726595185983,5.89974748763775,6.09161807608317,6.5701269400444
0.0260496340248179,1.83169593800577,0,1.69848766559148,1.23791084744933,1.03431066442368,2.78177966752515,2.31641169552591,4.44710061682558,3.15995798740779,2.65149044431707,4.40282993265284,0.75120729521858,3.91657699735076,1.14647967389036,4.78675093651805,2.51215027237341,3.33312900300686,6.18432151684083,3.73483214339874,4.62782713628314,4.658329242689,3.49069329847052,4.31135261613285,3.8595270083763,3.66488098438194,6.26805226121255,6.49347145294263,7.33798443715034,7.49092254669637
1.7240096872978,0.700859302258205,1.69848766559148,0,0.557978324048326,0.780374373640376,4.27004835157931,3.93827583434268,5.39686286641046,4.69208786471199,4.27185270784347,5.4338055646459,2.32722020297582,5.38199050773482,2.61846097384887,6.04576669461502,4.00677726562059,5.00734241764588,6.40364199441257,3.19317088181498,4.86195104383875,4.8930886771209,2.48317467306413,3.27205970555345,2.3800726366758,1.9808763255313,5.50144911551368,6.58841357571515,6.77142995680251,7.27077065811978
1.26395779528327,1.08220940109219,1.23791084744933,0.557978324048326,0,0.229015689343898,3.94563183164175,3.54148109673797,5.29701374972573,4.34862167435353,3.87699502481656,5.30466994903709,1.8001337012473,5.07459324509406,2.0711297709816,5.83245367981131,3.45324821898136,4.48983187738163,6.55714478104553,3.5298104486555,4.99492203296575,5.02628467545956,2.93491531799917,3.74447842350064,2.9316351483468,2.51644273756552,5.92665010481462,6.78161946914069,7.15307744080167,7.56090804748827
1.06021439169558,1.23859954777209,1.03431066442368,0.780374373640376,0.229015689343898,0,3.77660857461676,3.34809126003787,5.20905766531038,4.17174808267464,3.68348902688497,5.205251610824,1.57232582432416,4.90896685595415,1.842667733405,5.69970647704538,3.22697628908606,4.26254780612705,6.56890499841984,3.6305225846492,5.00230670368029,5.03365193130246,3.09002284357921,3.90653667645523,3.14191019376172,2.7453334991867,6.06104527511947,6.80978268511724,7.26488836047323,7.63014820899623
2.7581383170628,4.04530158594499,2.78177966752515,4.27004835157931,3.94563183164175,3.77660857461676,0,0.762283220643373,2.39413674485702,0.452004104937766,0.677336044747682,2.20328143192868,2.69946103339791,1.13485280532432,2.88316947996342,2.15069419844753,3.15169161365904,2.55023626958586,5.07456537577296,4.46588737067304,3.84446570383734,3.86453242879464,4.9054329278759,5.55757006285603,5.8096153937542,6.02974927173172,6.75234821338854,5.54195703010478,7.35917966712989,6.92576082606403
2.29085121180175,3.83419609943954,2.31641169552591,3.93827583434268,3.54148109673797,3.34809126003787,0.762283220643373,0,3.13426927686342,0.94170222057834,0.335521691977109,2.95607750653173,2.07632666865889,1.74907687258705,2.19898353120128,2.88621834386716,2.39157078747999,1.94055655401954,5.71948272189857,4.68785357148976,4.39900569598928,4.42195464477048,4.96304831822897,5.68106517005073,5.7332299679951,5.81049722214055,7.09555119248586,6.16620808126129,7.8164260333086,7.49680512751314
4.4314814933941,4.89276240413329,4.44710061682558,5.39686286641046,5.29701374972573,5.20905766531038,2.39413674485702,3.13426927686342,0,2.49312696437344,3.06307698182681,0.288196816036784,4.68881684595168,2.1221008134004,4.98519988582398,1.33339156086216,5.51540004017338,4.89922288799638,2.90663435977545,3.94662596315405,2.18353554503991,2.18647820997804,4.8378557890921,5.18956533975279,6.03274160756069,6.65377414505764,5.53490840732508,3.42468791728917,5.72167255719112,4.93183107863763
3.13548143807005,4.48706651133412,3.15995798740779,4.69208786471199,4.34862167435353,4.17174808267464,0.452004104937766,0.94170222057834,2.49312696437344,0,0.691011628696789,2.26480126746995,3.00264573696724,0.807394435520958,3.14032155516225,1.993133263745,3.22042277904622,2.41039039921018,5.28820329696957,4.89115378337261,4.14172996351317,4.15966784777565,5.35302962759188,5.99727248221846,6.26155003221871,6.47292799298663,7.1382236267506,5.77305835672314,7.69602163233663,7.19498904416652
2.62589480305998,4.1567436300645,2.65149044431707,4.27185270784347,3.87699502481656,3.68348902688497,0.677336044747682,0.335521691977109,3.06307698182681,0.691011628696789,0,2.86143606239732,2.39104693642251,1.48507574697905,2.48872118971473,2.68084404846414,2.53832886008498,1.87681117259382,5.74558441504658,4.91544406191581,4.48343766762277,4.50476617311736,5.23797122026126,5.94029589441572,6.03812642382542,6.13633977690184,7.28432952847903,6.20795654218199,7.95637689661574,7.57472666900309
4.38590025331096,4.95720370120114,4.40282993265284,5.4338055646459,5.30466994903709,5.205251610824,2.20328143192868,2.95607750653173,0.288196816036784,2.26480126746995,2.86143606239732,0,4.60011514201938,1.84944447786723,4.87972067167707,1.06160846688452,5.34601848664302,4.67513674214121,3.18897157427331,4.14412185041929,2.456416488144,2.46058084425875,5.00163916981158,5.38590832836948,6.17777188233089,6.76022793504762,5.79988921275715,3.70899613659772,6.00635706318159,5.21889837975208
0.735171809523643,2.55928713960983,0.75120729521858,2.32722020297582,1.8001337012473,1.57232582432416,2.69946103339791,2.07632666865889,4.68881684595168,3.00264573696724,2.39104693642251,4.60011514201938,0,3.80193376334593,0.413021742274633,4.82170129543722,1.76247501336426,2.69055451752016,6.69122081769874,4.45228248669437,5.16074531258923,5.19028075198353,4.24161090792621,5.06162224982252,4.58279207266033,4.30764321570845,6.99185697650782,7.0347904195886,8.02738148317506,8.10732974944323
3.89289225928947,5.11446136169122,3.91657699735076,5.38199050773482,5.07459324509406,4.90896685595415,1.13485280532432,1.74907687258705,2.1221008134004,0.807394435520958,1.48507574697905,1.84944447786723,3.80193376334593,0,3.94737024548567,1.27947496543138,3.97384555640871,3.00051760459085,5.02315151690372,5.18974546982509,4.07668406914142,4.0892751615175,5.78309734670576,6.36089261030653,6.7805577413543,7.08660819945725,7.26483744121344,5.53468991786736,7.67602274404775,7.01936156840764
1.13313330964484,2.91407490538569,1.14647967389036,2.61846097384887,2.0711297709816,1.842667733405,2.88316947996342,2.19898353120128,4.98519988582398,3.14032155516225,2.48872118971473,4.87972067167707,0.413021742274633,3.94737024548567,0,5.02936625753736,1.40031012341617,2.48376614257375,7.0699908909098,4.86374721351136,5.54868218905261,5.577927718706,4.63298431022089,5.45528509285378,4.92565698502135,4.58702337077372,7.40254483013911,7.42238165247207,8.44029121558139,8.51123141931581
4.76596159912087,5.65241159305733,4.78675093651805,6.04576669461502,5.83245367981131,5.69970647704538,2.15069419844753,2.88621834386716,1.33339156086216,1.993133263745,2.68084404846414,1.06160846688452,4.82170129543722,1.27947496543138,5.02936625753736,0,5.21303213402641,4.2794148294561,4.12076297708191,5.13573775383611,3.51601407979076,3.51942760779543,5.9276275687275,6.37005048790678,7.05700282441011,7.54464202207558,6.86142723528465,4.65181483624968,7.04433005299067,6.18500104058321
2.49484739823655,4.31217565151594,2.51215027237341,4.00677726562059,3.45324821898136,3.22697628908606,3.15169161365904,2.39157078747999,5.51540004017338,3.22042277904622,2.53832886008498,5.34601848664302,1.76247501336426,3.97384555640871,1.40031012341617,5.21303213402641,0,1.48149588763366,7.94939826071679,6.13724798448409,6.5068599732391,6.53376771344288,5.99767780405636,6.81431096652119,6.32596682627468,5.96002742863881,8.67691968056164,8.35393986143939,9.63468022718986,9.56305096176919
3.30926493312478,5.14466307000245,3.33312900300686,5.00734241764588,4.48983187738163,4.26254780612705,2.55023626958586,1.94055655401954,4.89922288799638,2.41039039921018,1.87681117259382,4.67513674214121,2.69055451752016,3.00051760459085,2.48376614257375,4.2794148294561,1.48149588763366,0,7.62238920720122,6.49479113758493,6.33720258461222,6.35974497197727,6.6001967170091,7.37504046313484,7.16233999540722,6.98706931526219,8.9671915972824,8.0831354321745,9.74303507418968,9.4341881713166
6.1792697367738,5.72792627359917,6.18432151684083,6.40364199441257,6.55714478104553,6.56890499841984,5.07456537577296,5.71948272189857,2.90663435977545,5.28820329696957,5.74558441504658,3.18897157427331,6.69122081769874,5.02315151690372,7.0699908909098,4.12076297708191,7.94939826071679,7.62238920720122,0,3.56148366791528,1.56855135382114,1.53732314394054,4.66097713756939,4.52231759118443,5.88580967316555,6.86088184520787,3.60671366421894,0.533578915381638,3.19340622475895,2.07597276380915
3.74378159710669,2.49585402393538,3.73483214339874,3.19317088181498,3.5298104486555,3.6305225846492,4.46588737067304,4.68785357148976,3.94662596315405,4.89115378337261,4.91544406191581,4.14412185041929,4.45228248669437,5.18974546982509,4.86374721351136,5.13573775383611,6.13724798448409,6.49479113758493,3.56148366791528,0,2.27354582518404,2.29780596023919,1.10228913144467,1.24294287508208,2.34935419964767,3.30014005218447,2.54170676870116,3.60588580863357,3.64016626775058,4.08972004356513
4.62372411579537,4.19884962819844,4.62782713628314,4.86195104383875,4.99492203296575,5.00230670368029,3.84446570383734,4.39900569598928,2.18353554503991,4.14172996351317,4.48343766762277,2.456416488144,5.16074531258923,4.07668406914142,5.54868218905261,3.51601407979076,6.5068599732391,6.33720258461222,1.56855135382114,2.27354582518404,0,0.0313644255305054,3.35546692144569,3.42617502057621,4.61346463209729,5.49361799877105,3.35925483486944,1.87405575490347,3.59977093627907,3.09793080386644
4.65418527372999,4.22976024864933,4.658329242689,4.8930886771209,5.02628467545956,5.03365193130246,3.86453242879464,4.42195464477048,2.18647820997804,4.15966784777565,4.50476617311736,2.46058084425875,5.19028075198353,4.0892751615175,5.577927718706,3.51942760779543,6.53376771344288,6.35974497197727,1.53732314394054,2.29780596023919,0.0313644255305054,0,3.38114301839284,3.44677518617718,4.63892053747927,5.52136982638916,3.36010196731237,1.84460402674017,3.58801308627419,3.07485056117198
3.50644172806995,1.85399424211799,3.49069329847052,2.48317467306413,2.93491531799917,3.09002284357921,4.9054329278759,4.96304831822897,4.8378557890921,5.35302962759188,5.23797122026126,5.00163916981158,4.24161090792621,5.78309734670576,4.63298431022089,5.9276275687275,5.99767780405636,6.6001967170091,4.66097713756939,1.10228913144467,3.35546692144569,3.38114301839284,0,0.825720757567019,1.25880039586897,2.20800294441756,3.02306204996744,4.68588598619327,4.33602024527604,5.03101388479734
4.32659743753327,2.6681278416265,4.31135261613285,3.27205970555345,3.74447842350064,3.90653667645523,5.55757006285603,5.68106517005073,5.18956533975279,5.99727248221846,5.94029589441572,5.38590832836948,5.06162224982252,6.36089261030653,5.45528509285378,6.37005048790678,6.81431096652119,7.37504046313484,4.52231759118443,1.24294287508208,3.42617502057621,3.44677518617718,0.825720757567019,0,1.50174641040358,2.61617618199058,2.29814722092496,4.4535696878005,3.67962626334117,4.55595270065422
3.88112496038347,2.02783167865607,3.8595270083763,2.3800726366758,2.9316351483468,3.14191019376172,5.8096153937542,5.7332299679951,6.03274160756069,6.26155003221871,6.03812642382542,6.17777188233089,4.58279207266033,6.7805577413543,4.92565698502135,7.05700282441011,6.32596682627468,7.16233999540722,5.88580967316555,2.34935419964767,4.61346463209729,4.63892053747927,1.25880039586897,1.50174641040358,0,1.12672643871874,3.72219179335127,5.87485144803041,5.140623421795,6.05696170357349
3.68978275583476,1.98680709341698,3.66488098438194,1.9808763255313,2.51644273756552,2.7453334991867,6.02974927173172,5.81049722214055,6.65377414505764,6.47292799298663,6.13633977690184,6.76022793504762,4.30764321570845,7.08660819945725,4.58702337077372,7.54464202207558,5.96002742863881,6.98706931526219,6.86088184520787,3.30014005218447,5.49361799877105,5.52136982638916,2.20800294441756,2.61617618199058,1.12672643871874,0,4.84757465829872,6.89381204688676,6.26734905099418,7.16018500740571
6.27800998796858,4.84726595185983,6.26805226121255,5.50144911551368,5.92665010481462,6.06104527511947,6.75234821338854,7.09555119248586,5.53490840732508,7.1382236267506,7.28432952847903,5.79988921275715,6.99185697650782,7.26483744121344,7.40254483013911,6.86142723528465,8.67691968056164,8.9671915972824,3.60671366421894,2.54170676870116,3.35925483486944,3.36010196731237,3.02306204996744,2.29814722092496,3.72219179335127,4.84757465829872,0,3.28127289405226,1.4382624997294,2.68105470397286
6.4901823445622,5.89974748763775,6.49347145294263,6.58841357571515,6.78161946914069,6.80978268511724,5.54195703010478,6.16620808126129,3.42468791728917,5.77305835672314,6.20795654218199,3.70899613659772,7.0347904195886,5.53468991786736,7.42238165247207,4.65181483624968,8.35393986143939,8.0831354321745,0.533578915381638,3.60588580863357,1.87405575490347,1.84460402674017,4.68588598619327,4.4535696878005,5.87485144803041,6.89381204688676,3.28127289405226,0,2.72178101652802,1.54265463478104
7.34443419683968,6.09161807608317,7.33798443715034,6.77142995680251,7.15307744080167,7.26488836047323,7.35917966712989,7.8164260333086,5.72167255719112,7.69602163233663,7.95637689661574,6.00635706318159,8.02738148317506,7.67602274404775,8.44029121558139,7.04433005299067,9.63468022718986,9.74303507418968,3.19340622475895,3.64016626775058,3.59977093627907,3.58801308627419,4.33602024527604,3.67962626334117,5.140623421795,6.26734905099418,1.4382624997294,2.72178101652802,0,1.54791881021184
7.4920183791228,6.5701269400444,7.49092254669637,7.27077065811978,7.56090804748827,7.63014820899623,6.92576082606403,7.49680512751314,4.93183107863763,7.19498904416652,7.57472666900309,5.21889837975208,8.10732974944323,7.01936156840764,8.51123141931581,6.18500104058321,9.56305096176919,9.4341881713166,2.07597276380915,4.08972004356513,3.09793080386644,3.07485056117198,5.03101388479734,4.55595270065422,6.05696170357349,7.16018500740571,2.68105470397286,1.54265463478104,1.54791881021184,0
