0,4.11083841448363,0.263533766203935,5.30900587026943,2.55157575307027,2.56149509340244,3.67085326571886,4.01261397659354,5.3484974350458,4.35960412180239,4.65208874726815,5.40174837309686,5.44081542472247,4.88196934789693,5.65988446943343,6.37526559359276,6.60295773904415,7.04072932370942,9.06557340366546,9.03953057711309,9.70269697772215,9.95028508954445,10.3038188101886,10.7700645631234,11.9033812595541,12.8440362458847,11.8986504386704,13.3212329412925,13.4684191251091,15.7359836832229
4.11083841448363,0,4.2114265645475,1.71862677773598,5.88850757874568,5.89842691907785,5.59543388169464,5.93719459256932,7.27307805102158,6.28418473777818,6.57666936324394,7.32632898907265,7.36539604069825,6.80654996387271,7.58446508540921,8.29984620956854,8.52753835501993,8.9653099396852,10.9901540196412,10.9641111930889,11.6272775936979,11.8748657055202,12.2283994261644,12.6946451790991,13.8279618755298,14.7686168618605,13.8232310546461,15.2458135572683,15.3929997410849,17.6605642991987
0.263533766203935,4.2114265645475,0,5.4095940203333,2.65216390313414,2.66208324346631,3.77144141578273,4.11320212665741,5.44908558510966,4.46019227186626,4.75267689733202,5.50233652316073,5.54140357478634,4.9825574979608,5.7604726194973,6.47585374365663,6.70354588910802,7.14131747377329,9.16616155372933,9.14011872717696,9.80328512778602,10.0508732396083,10.4044069602525,10.8706527131872,12.0039694096179,12.9446243959486,11.9992385887342,13.4218210913563,13.569007275173,15.8365718332867
5.30900587026943,1.71862677773598,5.4095940203333,0,7.08667503453148,7.09659437486365,6.79360133748044,7.13536204835512,8.47124550680737,7.48235219356397,7.77483681902973,8.52449644485844,8.56356349648405,8.0047174196585,8.78263254119501,9.49801366535434,9.72570581080573,10.163477395471,12.188321475427,12.1622786488747,12.8254450494837,13.073033161306,13.4265668819502,13.8928126348849,15.0261293313156,15.9667843176463,15.0213985104319,16.4439810130541,16.5911671968707,18.8587317549845
2.55157575307027,5.88850757874568,2.65216390313414,7.08667503453148,0,0.460186886961442,5.44852242998091,5.79028314085559,7.12616659930785,6.13727328606444,6.4297579115302,7.17941753735892,7.21848458898452,6.65963851215898,7.43755363369548,8.15293475785481,8.3806269033062,8.81839848797147,10.8432425679275,10.8171997413751,11.4803661419842,11.7279542538065,12.0814879744507,12.5477337273854,13.6810504238161,14.6217054101468,13.6763196029324,15.0989021055545,15.2460882893712,17.5136528474849
2.56149509340244,5.89842691907785,2.66208324346631,7.09659437486365,0.460186886961442,0,5.45844177031308,5.80020248118776,7.13608593964002,6.14719262639661,6.43967725186237,7.18933687769109,7.22840392931669,6.66955785249115,7.44747297402765,8.16285409818698,8.39054624363837,8.82831782830364,10.8531619082597,10.8271190817073,11.4902854823164,11.7378735941387,12.0914073147828,12.5576530677176,13.6909697641483,14.6316247504789,13.6862389432646,15.1088214458867,15.2560076297033,17.5235721878171
3.67085326571886,5.59543388169464,3.77144141578273,6.79360133748044,5.44852242998091,5.45844177031308,0,2.01251122906835,4.19424484302807,1.0442613527324,2.65198599974296,4.24749578107914,3.4824090706016,1.56662657882693,3.70147811531255,5.22101300157504,4.64455138492327,5.08232296958854,7.91132081164773,7.88527798509537,8.54844438570442,8.79603249752673,9.14956621817088,9.61581197110564,10.7491286675363,11.689783653867,10.7443978466526,12.1669803492748,12.3141665330914,14.5817310912052
4.01261397659354,5.93719459256932,4.11320212665741,7.13536204835512,5.79028314085559,5.80020248118776,2.01251122906835,0,4.53600555390276,2.70126208515188,0.818733491485301,4.58925649195382,3.82416978147628,3.22362731124642,4.04323882618723,5.56277371244972,4.98631209579795,5.42408368046322,8.25308152252241,8.22703869597005,8.8902050965791,9.13779320840141,9.49132692904556,9.95757268198032,11.090889378411,12.0315443647417,11.0861585575273,12.5087410601494,12.6559272439661,14.9234918020798
5.3484974350458,7.27307805102158,5.44908558510966,8.47124550680737,7.12616659930785,7.13608593964002,4.19424484302807,4.53600555390276,0,4.88299569911161,5.17548032457737,3.27684250296318,5.96420700203169,5.40536092520614,6.18327604674264,4.25035972345908,7.12634931635336,7.56412090101863,3.74220250067834,9.37438605227505,10.0375524528841,10.2851405647064,10.6386742853506,11.1049200382853,12.238236734716,13.1788917210467,12.2335059138323,13.6560884164544,13.8032746002711,16.0708391583848
4.35960412180239,6.28418473777818,4.46019227186626,7.48235219356397,6.13727328606444,6.14719262639661,1.0442613527324,2.70126208515188,4.88299569911161,0,3.3407368558265,4.93624663716268,4.17115992668513,1.80958072390075,4.39022897139609,5.90976385765857,5.33330224100681,5.77107382567208,8.60007166773127,8.5740288411789,9.23719524178796,9.48478335361027,9.83831707425441,10.3045628271892,11.4378795236199,12.3785345099505,11.4331487027362,12.8557312053583,13.0029173891749,15.2704819472887
4.65208874726815,6.57666936324394,4.75267689733202,7.77483681902973,6.4297579115302,6.43967725186237,2.65198599974296,0.818733491485301,5.17548032457737,3.3407368558265,0,5.22873126262844,4.46364455215089,3.86310208192103,4.68271359686185,6.20224848312434,5.62578686647257,6.06355845113784,8.89255629319703,8.86651346664466,9.52967986725372,9.77726797907603,10.1308016997202,10.5970474526549,11.7303641490856,12.6710191354163,11.7256333282019,13.1482158308241,13.2954020146407,15.5629665727545
5.40174837309686,7.32632898907265,5.50233652316073,8.52449644485844,7.17941753735892,7.18933687769109,4.24749578107914,4.58925649195382,3.27684250296318,4.93624663716268,5.22873126262844,0,6.01745794008276,5.45861186325721,6.23652698479371,2.95922071907504,7.17960025440443,7.6173718390697,6.99391847158284,9.42763699032612,10.0908033909352,10.3383915027575,10.6919252234016,11.1581709763364,12.2914876727671,13.2321426590977,12.2867568518834,13.7093393545055,13.8565255383221,16.1240900964359
5.44081542472247,7.36539604069825,5.54140357478634,8.56356349648405,7.21848458898452,7.22840392931669,3.4824090706016,3.82416978147628,5.96420700203169,4.17115992668513,4.46364455215089,6.01745794008276,0,4.69352515277966,0.750136075364385,6.99097516057865,4.04234156874928,4.48011315341456,9.68128297065135,9.65524014409898,10.318406544708,10.5659946565303,10.9195283771745,11.3857741301093,12.5190908265399,13.4597458128706,12.5143600056562,13.9369425082784,14.084128692095,16.3516932502088
4.88196934789693,6.80654996387271,4.9825574979608,8.0047174196585,6.65963851215898,6.66955785249115,1.56662657882693,3.22362731124642,5.40536092520614,1.80958072390075,3.86310208192103,5.45861186325721,4.69352515277966,0,4.91259419749062,6.43212908375311,5.85566746710134,6.29343905176661,9.1224368938258,9.09639406727343,9.75956046788249,10.0071485797048,10.3606823003489,10.8269280532837,11.9602447497144,12.9008997360451,11.9555139288307,13.3780964314528,13.5252826152694,15.7928471733832
5.65988446943343,7.58446508540921,5.7604726194973,8.78263254119501,7.43755363369548,7.44747297402765,3.70147811531255,4.04323882618723,6.18327604674264,4.39022897139609,4.68271359686185,6.23652698479371,0.750136075364385,4.91259419749062,0,7.21004420528961,4.26141061346024,4.69918219812551,9.90035201536231,9.87430918880994,10.537475589419,10.7850637012413,11.1385974218854,11.6048431748202,12.7381598712509,13.6788148575816,12.7334290503672,14.1560115529893,14.3031977368059,16.5707622949197
6.37526559359276,8.29984620956854,6.47585374365663,9.49801366535434,8.15293475785481,8.16285409818698,5.22101300157504,5.56277371244972,4.25035972345908,5.90976385765857,6.20224848312434,2.95922071907504,6.99097516057865,6.43212908375311,7.21004420528961,0,8.15311747490033,8.5908890595656,7.96743569207873,10.401154210822,11.0643206114311,11.3119087232534,11.6654424438975,12.1316881968323,13.265004893263,14.2056598795936,13.2602740723793,14.6828565750014,14.830042758818,17.0976073169318
6.60295773904415,8.52753835501993,6.70354588910802,9.72570581080573,8.3806269033062,8.39054624363837,4.64455138492327,4.98631209579795,7.12634931635336,5.33330224100681,5.62578686647257,7.17960025440443,4.04234156874928,5.85566746710134,4.26141061346024,8.15311747490033,0,3.00679602392493,10.843425284973,10.8173824584207,11.4805488590297,11.728136970852,12.0816706914962,12.5479164444309,13.6812331408616,14.6218881271923,13.6765023199779,15.0990848226,15.2462710064167,17.5138355645304
7.04072932370942,8.9653099396852,7.14131747377329,10.163477395471,8.81839848797147,8.82831782830364,5.08232296958854,5.42408368046322,7.56412090101863,5.77107382567208,6.06355845113784,7.6173718390697,4.48011315341456,6.29343905176661,4.69918219812551,8.5908890595656,3.00679602392493,0,11.2811968696383,11.2551540430859,11.918320443695,12.1659085555173,12.5194422761614,12.9856880290962,14.1190047255269,15.0596597118576,14.1142739046432,15.5368564072653,15.6840425910819,17.9516071491957
9.06557340366546,10.9901540196412,9.16616155372933,12.188321475427,10.8432425679275,10.8531619082597,7.91132081164773,8.25308152252241,3.74220250067834,8.60007166773127,8.89255629319703,6.99391847158284,9.68128297065135,9.1224368938258,9.90035201536231,7.96743569207873,10.843425284973,11.2811968696383,0,13.0914620208947,13.7546284215038,14.0022165333261,14.3557502539702,14.821996006905,15.9553127033357,16.8959676896663,15.950581882452,17.3731643850741,17.5203505688907,19.7879151270045
9.03953057711309,10.9641111930889,9.14011872717696,12.1622786488747,10.8171997413751,10.8271190817073,7.88527798509537,8.22703869597005,9.37438605227505,8.5740288411789,8.86651346664466,9.42763699032612,9.65524014409898,9.09639406727343,9.87430918880994,10.401154210822,10.8173824584207,11.2551540430859,13.0914620208947,0,2.96729823090284,3.21488634272515,2.00475697237475,2.16190952661449,3.6043194217402,4.54497440807087,5.16325169185105,6.58583419447318,6.7330203782898,9.00058493640357
9.70269697772215,11.6272775936979,9.80328512778602,12.8254450494837,11.4803661419842,11.4902854823164,8.54844438570442,8.8902050965791,10.0375524528841,9.23719524178796,9.52967986725372,10.0908033909352,10.318406544708,9.75956046788249,10.537475589419,11.0643206114311,11.4805488590297,11.918320443695,13.7546284215038,2.96729823090284,0,1.14142158204085,4.23158646397835,4.69783221691311,5.8311489133438,6.77180389967447,4.75730251459854,6.17988501722067,6.32707120103729,8.59463575915106
9.95028508954445,11.8748657055202,10.0508732396083,13.073033161306,11.7279542538065,11.7378735941387,8.79603249752673,9.13779320840141,10.2851405647064,9.48478335361027,9.77726797907603,10.3383915027575,10.5659946565303,10.0071485797048,10.7850637012413,11.3119087232534,11.728136970852,12.1659085555173,14.0022165333261,3.21488634272515,1.14142158204085,0,4.47917457580066,4.94542032873542,6.07873702516611,7.01939201149678,5.00489062642085,6.42747312904298,6.5746593128596,8.84222387097337
10.3038188101886,12.2283994261644,10.4044069602525,13.4265668819502,12.0814879744507,12.0914073147828,9.14956621817088,9.49132692904556,10.6386742853506,9.83831707425441,10.1308016997202,10.6919252234016,10.9195283771745,10.3606823003489,11.1385974218854,11.6654424438975,12.0816706914962,12.5194422761614,14.3557502539702,2.00475697237475,4.23158646397835,4.47917457580066,0,3.73529095838502,2.09968885305246,3.04034383938312,6.42753992492656,7.85012242754869,7.99730861136531,10.2648731694791
10.7700645631234,12.6946451790991,10.8706527131872,13.8928126348849,12.5477337273854,12.5576530677176,9.61581197110564,9.95757268198032,11.1049200382853,10.3045628271892,10.5970474526549,11.1581709763364,11.3857741301093,10.8269280532837,11.6048431748202,12.1316881968323,12.5479164444309,12.9856880290962,14.821996006905,2.16190952661449,4.69783221691311,4.94542032873542,3.73529095838502,0,5.33485340775047,6.27550839408114,6.89378567786132,8.31636818048345,8.46355436430007,10.7311189224138
11.9033812595541,13.8279618755298,12.0039694096179,15.0261293313156,13.6810504238161,13.6909697641483,10.7491286675363,11.090889378411,12.238236734716,11.4378795236199,11.7303641490856,12.2914876727671,12.5190908265399,11.9602447497144,12.7381598712509,13.265004893263,13.6812331408616,14.1190047255269,15.9553127033357,3.6043194217402,5.8311489133438,6.07873702516611,2.09968885305246,5.33485340775047,0,1.76959971730653,8.02710237429201,9.44968487691414,9.59687106073076,11.8644356188445
12.8440362458847,14.7686168618605,12.9446243959486,15.9667843176463,14.6217054101468,14.6316247504789,11.689783653867,12.0315443647417,13.1788917210467,12.3785345099505,12.6710191354163,13.2321426590977,13.4597458128706,12.9008997360451,13.6788148575816,14.2056598795936,14.6218881271923,15.0596597118576,16.8959676896663,4.54497440807087,6.77180389967447,7.01939201149678,3.04034383938312,6.27550839408114,1.76959971730653,0,8.96775736062268,10.3903398632448,10.5375260470614,12.8050906051752
11.8986504386704,13.8232310546461,11.9992385887342,15.0213985104319,13.6763196029324,13.6862389432646,10.7443978466526,11.0861585575273,12.2335059138323,11.4331487027362,11.7256333282019,12.2867568518834,12.5143600056562,11.9555139288307,12.7334290503672,13.2602740723793,13.6765023199779,14.1142739046432,15.950581882452,5.16325169185105,4.75730251459854,5.00489062642085,6.42753992492656,6.89378567786132,8.02710237429201,8.96775736062268,0,6.31434268528623,3.09002527304575,8.72909342721662
13.3212329412925,15.2458135572683,13.4218210913563,16.4439810130541,15.0989021055545,15.1088214458867,12.1669803492748,12.5087410601494,13.6560884164544,12.8557312053583,13.1482158308241,13.7093393545055,13.9369425082784,13.3780964314528,14.1560115529893,14.6828565750014,15.0990848226,15.5368564072653,17.3731643850741,6.58583419447318,6.17988501722067,6.42747312904298,7.85012242754869,8.31636818048345,9.44968487691414,10.3903398632448,6.31434268528623,0,7.88411137172498,3.26394786740809
13.4684191251091,15.3929997410849,13.569007275173,16.5911671968707,15.2460882893712,15.2560076297033,12.3141665330914,12.6559272439661,13.8032746002711,13.0029173891749,13.2954020146407,13.8565255383221,14.084128692095,13.5252826152694,14.3031977368059,14.830042758818,15.2462710064167,15.6840425910819,17.5203505688907,6.7330203782898,6.32707120103729,6.5746593128596,7.99730861136531,8.46355436430007,9.59687106073076,10.5375260470614,3.09002527304575,7.88411137172498,0,10.2988621136554
15.7359836832229,17.6605642991987,15.8365718332867,18.8587317549845,17.5136528474849,17.5235721878171,14.5817310912052,14.9234918020798,16.0708391583848,15.2704819472887,15.5629665727545,16.1240900964359,16.3516932502088,15.7928471733832,16.5707622949197,17.0976073169318,17.5138355645304,17.9516071491957,19.7879151270045,9.00058493640357,8.59463575915106,8.84222387097337,10.2648731694791,10.7311189224138,11.8644356188445,12.8050906051752,8.72909342721662,3.26394786740809,10.2988621136554,0
