1.53745378922233,0.000411920107057595,0.000285578086812066,0.0175311490730143,0.00144844996260574,1.29303635484808,0.255764180460337,0.146916934816691,1.43871639718903,1.51319823222007,1.18546662795546,0.225341755763591,0.0925515697437507,0.000498710122131429,1.52542029493346,0.182057673614934,0.694123227186214,0.525737920066379,0.919776367117367,1.33665226166129,1.26232552874219,0.69943575131631,1.10346541543507,0.240606294617383,0.888391840945334,1.29542764537778,0.0271227799491474,0.699182920292843,0.205303930482887,0.505887431393002
0.000411920107057595,1.52287108161482,1.52115910458019,1.40879360600668,1.48795314881652,0.0761504480080573,0.932056434790179,1.12142249054845,0.0324851970814566,0.00766778964791648,0.131374480329775,0.986197199323447,1.25227525125371,1.52287107186626,0.00127745536757073,1.10439510851965,0.480706523995254,0.646560029600935,0.331917986609113,0.0627767265166361,0.103816486763776,0.502374031126541,0.214062097778756,1.11512027507623,0.396825652238433,0.117811962466071,1.42465028795502,0.606339941290504,1.16306497658534,0.811498993000326
0.000285578086812066,1.52115910458019,1.5425197453528,1.41668069779909,1.50919777771895,0.074681012700849,0.934526649940862,1.12614839445668,0.0313758612857322,0.00708153237179188,0.129704959305935,0.98930156933561,1.25941736569775,1.54245177600823,0.00158519378537969,1.10955661850617,0.479960630727558,0.646896380120347,0.330548451824471,0.065317129904702,0.107335525548248,0.512557200388558,0.219837982413259,1.13397180374114,0.40582476117379,0.12186017085543,1.44588763990376,0.618786607969669,1.1824194609467,0.826813837125596
0.0175311490730143,1.40879360600668,1.41668069779909,1.7632765842637,1.45653160999623,0.167189130977125,1.24403227020706,1.46065423454043,0.0972108400168632,0.0450811665295765,0.250563271793429,1.30762926808579,1.60556843249721,1.67162804867774,0.00813585173615428,1.44814424384736,0.71222943053591,0.915987458760779,0.528596969374324,0.0178900113981331,0.0432218917614984,0.389588169571035,0.126480920725445,1.05971012197846,0.287678134413688,0.0507055415076167,1.45109151458323,0.493079817201087,1.11883639763581,0.710881934927281
0.00144844996260574,1.48795314881652,1.50919777771895,1.45653160999623,1.82203899967824,0.0510485430977718,0.939423039630715,1.15562408262673,0.0153908928986612,0.000759144158646752,0.100638296186509,1.00124374592337,1.31681473846999,1.79011895072362,0.0111833704599102,1.14648683123974,0.452091207432152,0.62955588311243,0.29797436944736,0.111483447392941,0.169234211500862,0.675529680203933,0.31732240934813,1.42159797610276,0.552767751637535,0.193329872316289,1.75872880226481,0.817615224612508,1.4763919274933,1.06681208288961
1.29303635484808,0.0761504480080573,0.074681012700849,0.167189130977125,0.0510485430977718,2.29260345136407,0.702961651355487,0.496021001035177,2.11259686247533,1.79281274058951,2.15936913447492,0.649498187548581,0.384764157906591,0.0967151136107796,1.68936088914462,0.583786970368988,1.45535766462858,1.19037216210815,1.82273776071751,1.2561033420817,1.15416626110967,0.456112165144269,0.942701126700972,0.0576738272687356,0.673710501322542,1.2632797656416,0.0139313606172058,0.460076095362167,0.0381449484808032,0.264047821292291
0.255764180460337,0.932056434790179,0.934526649940862,1.24403227020706,0.939423039630715,0.702961651355487,2.37932978462675,2.04807690408735,0.557070652397808,0.396647482615233,0.886234872147973,2.30716360053237,1.86933305787447,1.21690122045442,0.278630435758742,2.24646314358165,1.68791857187764,1.9868596053575,1.42706419116681,0.0876006902634097,0.0501566434515288,0.0566597264216493,0.00553997433767606,0.540468806183807,0.0146447018144191,0.054178479493439,0.959568697095645,0.0949718613329145,0.601046682708978,0.23434989456938
0.146916934816691,1.12142249054845,1.12614839445668,1.46065423454043,1.15562408262673,0.496021001035177,2.04807690408735,2.32414024057622,0.369802892881832,0.244536989359446,0.650008005786479,2.13531135723599,2.14537707401078,1.47501354440538,0.146432878821201,2.30369754612766,1.37066394235947,1.65648282135812,1.12183451658447,0.0216121894270702,0.00515720703013578,0.151387799791556,0.0068162823450133,0.773509033135302,0.078736075883977,0.00493265259760989,1.21622327307283,0.220378808371255,0.841567936997313,0.410733277683556
1.43871639718903,0.0324851970814566,0.0313758612857322,0.0972108400168632,0.0153908928986612,2.11259686247533,0.557070652397808,0.369802892881832,2.44287039774889,2.05500503267151,1.99576032452328,0.507639440591119,0.271486386222938,0.0415149982391441,2.00836661059673,0.444708502666368,1.27545118929326,1.01464881448914,1.65470522103688,1.54742597102012,1.44236135003073,0.651719460060625,1.2172310828938,0.142913755318126,0.918272436608805,1.57684518113022,1.49076040401042e-09,0.673905475259686,0.110343432641586,0.431691429655685
1.51319823222007,0.00766778964791648,0.00708153237179188,0.0450811665295765,0.000759144158646752,1.79281274058951,0.396647482615233,0.244536989359446,2.05500503267151,2.17531810671108,1.65957937973193,0.355318263084725,0.166770428167883,0.00966887817220297,2.03903013412337,0.299703241251982,1.00296798531538,0.775587012281575,1.32725853761432,1.63855855800671,1.5365850183471,0.771158180525139,1.32156925762559,0.227576146813143,1.03470138721293,1.63709126062478,0.0111604731255914,0.794162710042674,0.187836130738606,0.547421389575322
1.18546662795546,0.131374480329775,0.129704959305935,0.250563271793429,0.100638296186509,2.15936913447492,0.886234872147973,0.650008005786479,1.99576032452328,1.65957937973193,2.4755821386536,0.826640775680403,0.522043597432324,0.168448265746946,1.56283921643368,0.758606987475603,1.72974576354057,1.44068473066239,2.13428373850401,1.12289399730779,1.02094971654044,0.349197493675312,0.810732553926879,0.0181353608904042,0.548911870127549,1.13342987827702,0.0488979935890641,0.347198176320233,0.00786736525290754,0.173695796204043
0.225341755763591,0.986197199323447,0.98930156933561,1.30762926808579,1.00124374592337,0.649498187548581,2.30716360053237,2.13531135723599,0.507639440591119,0.355318263084725,0.826640775680403,2.39967904113079,1.95700506612177,1.29371700116184,0.241392339298745,2.33150758960942,1.61582426442076,1.9163727623537,1.35580656833026,0.0662723409930126,0.0339529922599868,0.0782440654059284,0.00107061315175372,0.606027235065173,0.0270615850376372,0.0362641258695637,1.03525261685482,0.124860313947579,0.669522907383715,0.280087934025194
0.0925515697437507,1.25227525125371,1.25941736569775,1.60556843249721,1.31681473846999,0.384764157906591,1.86933305787447,2.14537707401078,0.271486386222938,0.166770428167883,0.522043597432324,1.95700506612177,2.36647062185153,1.67752628690354,0.0839892041673838,2.18201900270915,1.19863715252235,1.47824155091695,0.956715894710131,0.00251162490015533,0.000765952904421496,0.241466207126526,0.034748483761124,0.963741874845238,0.150391329283293,0.0012978912599233,1.4212240854266,0.33574995498637,1.03713986033642,0.561590144247035
0.000498710122131429,1.52287107186626,1.54245177600823,1.67162804867774,1.79011895072362,0.0967151136107796,1.21690122045442,1.47501354440538,0.0415149982391441,0.00966887817220297,0.168448265746946,1.29371700116184,1.67752628690354,2.35427848986909,0.00165856380963803,1.49328046610203,0.630469039066202,0.85448197429517,0.438469031114892,0.0821828702005067,0.137492657296738,0.683267499673001,0.289876046015099,1.63701791434687,0.550431993688234,0.161538978693819,2.09544207285818,0.866104009227312,1.7133271582709,1.17542884363646
1.52542029493346,0.00127745536757073,0.00158519378537969,0.00813585173615428,0.0111833704599102,1.68936088914462,0.278630435758742,0.146432878821201,2.00836661059673,2.03903013412337,1.56283921643368,0.241392339298745,0.0839892041673838,0.00165856380963803,2.76522808850895,0.190741518354505,0.87071265797519,0.639299042000276,1.2216159528857,2.26558281250786,2.1624362751978,1.19882886637973,1.92188212150531,0.471841400216731,1.57509487497592,2.33333108760218,0.0714222039088188,1.27994300396733,0.409016585631656,0.945562401310371
0.182057673614934,1.10439510851965,1.10955661850617,1.44814424384736,1.14648683123974,0.583786970368988,2.24646314358165,2.30369754612766,0.444708502666368,0.299703241251982,0.758606987475603,2.33150758960942,2.18201900270915,1.49328046610203,0.190741518354505,2.66963472216377,1.56579173324347,1.88549048960369,1.29920913299262,0.0376072944781272,0.0136866843438068,0.131754750305035,0.00178106443008508,0.779604554683074,0.0618019458160761,0.014132663814757,1.23815221673034,0.20004116663801,0.852696378190357,0.395851568704545
0.694123227186214,0.480706523995254,0.479960630727558,0.71222943053591,0.452091207432152,1.45535766462858,1.68791857187764,1.37066394235947,1.27545118929326,1.00296798531538,1.72974576354057,1.61582426442076,1.19863715252235,0.630469039066202,0.87071265797519,1.56579173324347,2.7745888855164,2.44269140256597,2.49712226136491,0.507246173287911,0.422334509577613,0.0340086522363032,0.265162208934406,0.105165197442585,0.107388100511213,0.477013993146568,0.402852329312659,0.0218201075589013,0.137070658398069,0.00154215081527909
0.525737920066379,0.646560029600935,0.646896380120347,0.915987458760779,0.62955588311243,1.19037216210815,1.9868596053575,1.65648282135812,1.01464881448914,0.775587012281575,1.44068473066239,1.9163727623537,1.47824155091695,0.85448197429517,0.639299042000276,1.88549048960369,2.44269140256597,2.79835468212323,2.16671500037904,0.325232747738341,0.253261008360997,0.000822913293661021,0.129665057187212,0.240657075085177,0.0272997268978328,0.285171494408603,0.60652808516503,0.000511440471150593,0.286799799808271,0.0444612732374505
0.919776367117367,0.331917986609113,0.330548451824471,0.528596969374324,0.29797436944736,1.82273776071751,1.42706419116681,1.12183451658447,1.65470522103688,1.32725853761432,2.13428373850401,1.35580656833026,0.956715894710131,0.438469031114892,1.2216159528857,1.29920913299262,2.49712226136491,2.16671500037904,3.0703428618343,0.793011001879634,0.694410109793272,0.134379170020795,0.498262699642134,0.0208082506329896,0.273460636419436,0.793427199781857,0.23666442387018,0.120587375430947,0.0371250663808214,0.0242734021786166
1.33665226166129,0.0627767265166361,0.065317129904702,0.0178900113981331,0.111483447392941,1.2561033420817,0.0876006902634097,0.0216121894270702,1.54742597102012,1.63855855800671,1.12289399730779,0.0662723409930126,0.00251162490015533,0.0821828702005067,2.26558281250786,0.0376072944781272,0.507246173287911,0.325232747738341,0.793011001879634,3.01776135614036,2.91201374172218,1.85759147534369,2.67403670672006,0.972412620129834,2.31690283056998,2.97586888249669,0.284008932774608,2.00090664149741,0.880983125630638,1.60676629934348
1.26232552874219,0.103816486763776,0.107335525548248,0.0432218917614984,0.169234211500862,1.15416626110967,0.0501566434515288,0.00515720703013578,1.44236135003073,1.5365850183471,1.02094971654044,0.0339529922599868,0.000765952904421496,0.137492657296738,2.1624362751978,0.0136866843438068,0.422334509577613,0.253261008360997,0.694410109793272,2.91201374172218,3.33966100956994,2.18621966548264,3.09700946101905,1.22735309874529,2.7216306735741,3.3393650523405,0.395079355079413,2.38936240987669,1.1212288569313,1.95417270108494
0.69943575131631,0.502374031126541,0.512557200388558,0.389588169571035,0.675529680203933,0.456112165144269,0.0566597264216493,0.151387799791556,0.651719460060625,0.771158180525139,0.349197493675312,0.0782440654059284,0.241466207126526,0.683267499673001,1.19882886637973,0.131754750305035,0.0340086522363032,0.000822913293661021,0.134379170020795,1.85759147534369,2.18621966548264,3.73512444310652,2.87541761968071,2.6835548567696,3.58176634408225,2.5903954548359,1.24356375734742,3.72023365345714,2.53891006144735,3.47949629090375
1.10346541543507,0.214062097778756,0.219837982413259,0.126480920725445,0.31732240934813,0.942701126700972,0.00553997433767606,0.0068162823450133,1.2172310828938,1.32156925762559,0.810732553926879,0.00107061315175372,0.034748483761124,0.289876046015099,1.92188212150531,0.00178106443008508,0.265162208934406,0.129665057187212,0.498262699642134,2.67403670672006,3.09700946101905,2.87541761968071,4.01796013806204,1.82615687572395,3.61597454188872,3.73184855126597,0.669310592240313,3.26305015192135,1.68893503990725,2.74926055604752
0.240606294617383,1.11512027507623,1.13397180374114,1.05971012197846,1.42159797610276,0.0576738272687356,0.540468806183807,0.773509033135302,0.142913755318126,0.227576146813143,0.0181353608904042,0.606027235065173,0.963741874845238,1.63701791434687,0.471841400216731,0.779604554683074,0.105165197442585,0.240657075085177,0.0208082506329896,0.972412620129834,1.22735309874529,2.6835548567696,1.82615687572395,5.41711559010018,2.6918834049312,1.54014390787497,2.5641165503856,3.75135032567765,5.17458317893583,4.53539002251505
0.888391840945334,0.396825652238433,0.40582476117379,0.287678134413688,0.552767751637535,0.673710501322542,0.0146447018144191,0.078736075883977,0.918272436608805,1.03470138721293,0.548911870127549,0.0270615850376372,0.150391329283293,0.550431993688234,1.57509487497592,0.0618019458160761,0.107388100511213,0.0272997268978328,0.273460636419436,2.31690283056998,2.7216306735741,3.58176634408225,3.61597454188872,2.6918834049312,4.78425812523309,3.44715505228782,1.09040395162041,4.42813676245232,2.5167572582175,3.85046785293518
1.29542764537778,0.117811962466071,0.12186017085543,0.0507055415076167,0.193329872316289,1.2632797656416,0.054178479493439,0.00493265259760989,1.57684518113022,1.63709126062478,1.13342987827702,0.0362641258695637,0.0012978912599233,0.161538978693819,2.33333108760218,0.014132663814757,0.477013993146568,0.285171494408603,0.793427199781857,2.97586888249669,3.3393650523405,2.5903954548359,3.73184855126597,1.54014390787497,3.44715505228782,4.75852381462816,0.468289374335735,3.1082835113407,1.40324716265914,2.52000996846221
0.0271227799491474,1.42465028795502,1.44588763990376,1.45109151458323,1.75872880226481,0.0139313606172058,0.959568697095645,1.21622327307283,1.49076040401042e-09,0.0111604731255914,0.0488979935890641,1.03525261685482,1.4212240854266,2.09544207285818,0.0714222039088188,1.23815221673034,0.402852329312659,0.60652808516503,0.23666442387018,0.284008932774608,0.395079355079413,1.24356375734742,0.669310592240313,2.5641165503856,1.09040395162041,0.468289374335735,3.0462741907892,1.57407115203725,2.65166274717689,1.99751029093068
0.699182920292843,0.606339941290504,0.618786607969669,0.493079817201087,0.817615224612508,0.460076095362167,0.0949718613329145,0.220378808371255,0.673905475259686,0.794162710042674,0.347198176320233,0.124860313947579,0.33574995498637,0.866104009227312,1.27994300396733,0.20004116663801,0.0218201075589013,0.000511440471150593,0.120587375430947,2.00090664149741,2.38936240987669,3.72023365345714,3.26305015192135,3.75135032567765,4.42813676245232,3.1082835113407,1.57407115203725,6.02132980981593,3.52948506958176,5.2897093958202
0.205303930482887,1.16306497658534,1.1824194609467,1.11883639763581,1.4763919274933,0.0381449484808032,0.601046682708978,0.841567936997313,0.110343432641586,0.187836130738606,0.00786736525290754,0.669522907383715,1.03713986033642,1.7133271582709,0.409016585631656,0.852696378190357,0.137070658398069,0.286799799808271,0.0371250663808214,0.880983125630638,1.1212288569313,2.53891006144735,1.68893503990725,5.17458317893583,2.5167572582175,1.40324716265914,2.65166274717689,3.52948506958176,5.32112089356825,4.29569877917222
0.505887431393002,0.811498993000326,0.826813837125596,0.710881934927281,1.06681208288961,0.264047821292291,0.23434989456938,0.410733277683556,0.431691429655685,0.547421389575322,0.173695796204043,0.280087934025194,0.561590144247035,1.17542884363646,0.945562401310371,0.395851568704545,0.00154215081527909,0.0444612732374505,0.0242734021786166,1.60676629934348,1.95417270108494,3.47949629090375,2.74926055604752,4.53539002251505,3.85046785293518,2.52000996846221,1.99751029093068,5.2897093958202,4.29569877917222,6.22619257221758
