0.859165248417116,0.790051850380165,0.0538839148549206,0.000816832810043744,0.0254262124960475,0.149985581747925,0.167246520775323,7.45224416680568e-05,0.00328780142146501,0.000393804115883079,0.00719679008201046,1.28895102049498e-05,0.0148161369747575,0.0309261793548585,0.0177508436340861,0.106088696872592,0.109303933845314,0.11822449073474,0.120348356381939,0.0808796677300103,0.111000173328497,0.0608565173652891,0.0999153412994422,0.374481435944511,0.353299360945386,0.412212714927409,0.420934907635529,0.357105464991808,0.455833177260498,0.412509296115209
0.790051850380165,1.21105980898365,0.132356438666104,0.0283983240802714,0.0887076824811661,0.313392478501695,0.349911780900398,0.0201699766182555,0.0091840911738279,0.0334069988682395,0.0673249482825304,0.0279216875990889,0.0908174651737848,0.00137572301384736,0.101593345773201,0.0464951081360017,0.0490737926685889,0.056240974155886,0.0580415801975867,0.0276670241324894,0.0501733375094569,0.0147268624674139,0.04138388142945,0.316341197226807,0.291259038848407,0.361973638558482,0.37371445351125,0.303174776365082,0.423845631032962,0.371750241864984
0.0538839148549206,0.132356438666104,0.806428107208342,0.659931784142445,0.757239882285842,0.757936162316067,0.757669827867591,0.661508322120339,0.638889022905089,0.697190446328706,0.741345501453244,0.688817768081223,0.760782975230759,0.547033852518683,0.766889936925819,0.392367824158698,0.386805702461127,0.375209647977771,0.371057453643406,0.435557776422726,0.390258856293517,0.475371811798063,0.408878386998554,0.0976412813013348,0.103467862221067,0.0829439893515624,0.0822264702008542,0.145624684873502,0.0801878581325868,0.112597900934099
0.000816832810043744,0.0283983240802714,0.659931784142445,1.48318884528535,0.933334038567033,0.776032826594662,0.819904767280203,1.47443478733989,1.4562576493196,1.48263399239195,1.47468037840488,1.48050023303821,1.45866212645171,1.36673829376518,1.45616797246435,1.13524329851208,1.1251190326026,1.10613696708785,1.09791595883619,1.20821980470721,1.13560644608074,1.27050400778638,1.1679887767598,0.468834790011599,0.473445473407804,0.439674786532035,0.444295904813931,0.646369382307736,0.467774396392184,0.569403191024132
0.0254262124960475,0.0887076824811661,0.757239882285842,0.933334038567033,1.03776923624639,0.829598696822534,0.845179438561428,0.941211527721308,0.918349654553522,0.976946793480557,1.01399812512829,0.968867342468808,1.0270086572007,0.816912066360623,1.02998196321078,0.624362600523717,0.617000950211663,0.602295519338518,0.596614984074882,0.680032029931462,0.622857990033474,0.730249312465566,0.64715730853003,0.201743231393557,0.208670349565133,0.180608361013019,0.180729148546793,0.286438845929942,0.183019383452936,0.23725110623146
0.149985581747925,0.313392478501695,0.757936162316067,0.776032826594662,0.829598696822534,1.47231787330201,1.470352380111,0.869703186323951,0.866634931630862,0.993706234924037,1.12203909526257,0.985736834791776,1.18132104888598,0.703219840705478,1.21459563791588,0.43117681531912,0.422209948148381,0.405198096326128,0.398350629761511,0.501245233105819,0.430721118946431,0.569947112785443,0.461105553006213,0.0502428509678514,0.0557824328424321,0.0370323374431805,0.0362553980629126,0.0993689805754565,0.033819686368159,0.0641394011779548
0.167246520775323,0.349911780900398,0.757669827867591,0.819904767280203,0.845179438561428,1.470352380111,1.75120093721847,0.957398855475879,0.972892703069315,1.12217808463734,1.28427100957422,1.11808167416509,1.35827633448065,0.789164031331309,1.406467399521,0.472184194692355,0.461858784383917,0.442934510363004,0.434951350033633,0.552556815663265,0.472918239396551,0.632339443068338,0.507982263627385,0.0491280810001546,0.0548206615338391,0.0354517265832905,0.0346824608070166,0.102812515420235,0.0323184755460564,0.0647295853311669
7.45224416680568e-05,0.0201699766182555,0.661508322120339,1.47443478733989,0.941211527721308,0.869703186323951,0.957398855475879,2.52210130842823,2.49914476797687,2.51280879576312,2.4506834285233,2.52073117046552,2.39006634277939,2.35348499257661,2.40100156485184,1.90455762575329,1.88422489727318,1.85481206422002,1.8368565247469,2.04427681307621,1.92045067630159,2.1673113618553,1.98347602104178,0.726596230024876,0.719275958312532,0.697089121800732,0.713439507959054,1.10025207115751,0.795360317995389,0.984577301532175
0.00328780142146501,0.0091840911738279,0.638889022905089,1.4562576493196,0.918349654553522,0.866634931630862,0.972892703069315,2.49914476797687,3.92553571289138,3.45394690618695,3.40671144956278,3.76353458171486,3.24854108410464,3.68853378067061,3.42204426625946,2.80941348704942,2.77107913912385,2.73918765423234,2.70167806569193,3.0583231569774,2.8823414333443,3.30168482077693,3.0003045746087,1.00235006520031,0.972803049265469,0.985680287769876,1.02192186285099,1.67888336836134,1.21275304645805,1.53225587025984
0.000393804115883079,0.0334069988682395,0.697190446328706,1.48263399239195,0.976946793480557,0.993706234924037,1.12217808463734,2.51280879576312,3.45394690618695,3.71544730405355,3.58849668933926,3.70540244419908,3.45995272401349,3.23018220933525,3.53941212399328,2.38141497163332,2.34728357611284,2.31415959566716,2.28168304379048,2.60939262553031,2.43891190191512,2.83544250542099,2.5468588982094,0.789464099560395,0.772872938128302,0.764437030831663,0.789698953363646,1.32714523972393,0.924276302346712,1.18901723162887
0.00719679008201046,0.0673249482825304,0.741345501453244,1.47468037840488,1.01399812512829,1.12203909526257,1.28427100957422,2.4506834285233,3.40671144956278,3.58849668933926,4.32923429150031,3.9065838601932,4.16054402905707,3.30175493755883,4.27279686703894,2.29148681237725,2.25406305621315,2.22176816273984,2.18559770300203,2.54122455179628,2.36417012277141,2.80129142144443,2.48605319164084,0.678117987835643,0.665020285494468,0.651346576188238,0.673931503862597,1.20272184456465,0.798989181515742,1.0633004320272
1.28895102049498e-05,0.0279216875990889,0.688817768081223,1.48050023303821,0.968867342468808,0.985736834791776,1.11808167416509,2.52073117046552,3.76353458171486,3.70540244419908,3.9065838601932,4.31290365659145,3.7380066239306,3.70332604178204,3.96981632945301,2.6624611314111,2.62188672246367,2.59113297304841,2.5510505612566,2.92722822656885,2.74807145244744,3.20084587540487,2.87755944920856,0.873381791810065,0.849597726409999,0.852947198901911,0.884846270013013,1.51688561810359,1.05808831929456,1.37032874219443
0.0148161369747575,0.0908174651737848,0.760782975230759,1.45866212645171,1.0270086572007,1.18132104888598,1.35827633448065,2.39006634277939,3.24854108410464,3.45995272401349,4.16054402905707,3.7380066239306,4.37418562042878,3.13372162334359,4.37169099970466,2.13764449313442,2.10145368959818,2.06875344387643,2.03408866534519,2.38135634802493,2.20552825261976,2.63603243286583,2.32432920020767,0.597880353775736,0.588661020873647,0.569302397915476,0.58835878509251,1.07508144687595,0.695037738414821,0.93942299690312
0.0309261793548585,0.00137572301384736,0.547033852518683,1.36673829376518,0.816912066360623,0.703219840705478,0.789164031331309,2.35348499257661,3.68853378067061,3.23018220933525,3.30175493755883,3.70332604178204,3.13372162334359,5.33842029344256,3.51890493343852,3.82196586354014,3.76336544841124,3.76484552628626,3.69825468338665,4.15595573639718,4.03666838972352,4.53877390539721,4.22533427727531,1.43534303867842,1.36505602596232,1.45484900584359,1.52634032231565,2.58403514982102,1.91961393752613,2.43362525526848
0.0177508436340861,0.101593345773201,0.766889936925819,1.45616797246435,1.02998196321078,1.21459563791588,1.406467399521,2.40100156485184,3.42204426625946,3.53941212399328,4.27279686703894,3.96981632945301,4.37169099970466,3.51890493343852,5.53781610792268,2.3260509891442,2.28381721828557,2.25415566795487,2.21212394417026,2.60334463739172,2.42373744285138,2.90344062954406,2.56468549219021,0.621707845574153,0.608918496492334,0.594911556237634,0.617683093418814,1.17801656495513,0.749256903006226,1.0336919293933
0.106088696872592,0.0464951081360017,0.392367824158698,1.13524329851208,0.624362600523717,0.43117681531912,0.472184194692355,1.90455762575329,2.80941348704942,2.38141497163332,2.29148681237725,2.6624611314111,2.13764449313442,3.82196586354014,2.3260509891442,4.33980117279589,4.27818031220709,4.26755475055492,4.21403832614943,4.18204249916133,4.33759856419897,4.05828521844207,4.33104612506404,1.82961397630979,1.72751880530271,1.87896317732123,1.97133293251748,3.08729831651929,2.4343134497334,2.93385978303206
0.109303933845314,0.0490737926685889,0.386805702461127,1.1251190326026,0.617000950211663,0.422209948148381,0.461858784383917,1.88422489727318,2.77107913912385,2.34728357611284,2.25406305621315,2.62188672246367,2.10145368959818,3.76336544841124,2.28381721828557,4.27818031220709,4.2906370109558,4.25734110518952,4.21710988305268,4.12320671950786,4.29063575759113,3.99915405338838,4.27475174464887,1.84116634301205,1.73830248037128,1.89109666910827,1.98371032884314,3.09254339113682,2.44488396303507,2.9388722814799
0.11822449073474,0.056240974155886,0.375209647977771,1.10613696708785,0.602295519338518,0.405198096326128,0.442934510363004,1.85481206422002,2.73918765423234,2.31415959566716,2.22176816273984,2.59113297304841,2.06875344387643,3.76484552628626,2.25415566795487,4.26755475055492,4.25734110518952,4.39633912121583,4.3140728266227,4.12154931789226,4.38245516481727,4.0014812342588,4.34220235981625,1.89018118331417,1.78033838218688,1.94801883134785,2.04646586645547,3.20898368783538,2.53988959413798,3.05607287131722
0.120348356381939,0.0580415801975867,0.371057453643406,1.09791595883619,0.596614984074882,0.398350629761511,0.434951350033633,1.8368565247469,2.70167806569193,2.28168304379048,2.18559770300203,2.5510505612566,2.03408866534519,3.69825468338665,2.21212394417026,4.21403832614943,4.21710988305268,4.3140728266227,4.31853898920503,4.05777222752852,4.30023321052767,3.93501972299111,4.26062407426466,1.89414160215136,1.7846972060077,1.95116655327152,2.04877926162984,3.19178528563474,2.53352937118226,3.0383170703104
0.0808796677300103,0.0276670241324894,0.435557776422726,1.20821980470721,0.680032029931462,0.501245233105819,0.552556815663265,2.04427681307621,3.0583231569774,2.60939262553031,2.54122455179628,2.92722822656885,2.38135634802493,4.15595573639718,2.60334463739172,4.18204249916133,4.12320671950786,4.12154931789226,4.05777222752852,4.51603523704336,4.33629766078848,4.39196244654527,4.44976349861243,1.71415544582437,1.6228543908072,1.75301027335423,1.83832138447302,2.93426663894494,2.27765906537811,2.78151569132385
0.111000173328497,0.0501733375094569,0.390258856293517,1.13560644608074,0.622857990033474,0.430721118946431,0.472918239396551,1.92045067630159,2.8823414333443,2.43891190191512,2.36417012277141,2.74807145244744,2.20552825261976,4.03666838972352,2.42373744285138,4.33759856419897,4.29063575759113,4.38245516481727,4.30023321052767,4.33629766078848,4.74313713274528,4.25812532952091,4.68959173327796,1.8796693052809,1.76764941964989,1.94138043922182,2.04356638834726,3.28683970591426,2.57418142063403,3.13837756992323
0.0608565173652891,0.0147268624674139,0.475371811798063,1.27050400778638,0.730249312465566,0.569947112785443,0.632339443068338,2.1673113618553,3.30168482077693,2.83544250542099,2.80129142144443,3.20084587540487,2.63603243286583,4.53877390539721,2.90344062954406,4.05828521844207,3.99915405338838,4.0014812342588,3.93501972299111,4.39196244654527,4.25812532952091,4.77559234923745,4.42782579767762,1.61593616622614,1.53235743702057,1.6476613830071,1.72813695664929,2.81744259275084,2.15362530193863,2.66578307854663
0.0999153412994422,0.04138388142945,0.408878386998554,1.1679887767598,0.64715730853003,0.461105553006213,0.507982263627385,1.98347602104178,3.0003045746087,2.5468588982094,2.48605319164084,2.87755944920856,2.32432920020767,4.22533427727531,2.56468549219021,4.33104612506404,4.27475174464887,4.34220235981625,4.26062407426466,4.44976349861243,4.68959173327796,4.42782579767762,4.89672317379392,1.83624675360123,1.72807184389686,1.89424891158427,1.99423766958176,3.24271625059471,2.52141488715447,3.09622975373952
0.374481435944511,0.316341197226807,0.0976412813013348,0.468834790011599,0.201743231393557,0.0502428509678514,0.0491280810001546,0.726596230024876,1.00235006520031,0.789464099560395,0.678117987835643,0.873381791810065,0.597880353775736,1.43534303867842,0.621707845574153,1.82961397630979,1.84116634301205,1.89018118331417,1.89414160215136,1.71415544582437,1.8796693052809,1.61593616622614,1.83624675360123,2.54000512411524,2.29012828537115,2.50917956956959,2.51534044268253,2.52024117378359,2.52094459626484,2.53998730335956
0.353299360945386,0.291259038848407,0.103467862221067,0.473445473407804,0.208670349565133,0.0557824328424321,0.0548206615338391,0.719275958312532,0.972803049265469,0.772872938128302,0.665020285494468,0.849597726409999,0.588661020873647,1.36505602596232,0.608918496492334,1.72751880530271,1.73830248037128,1.78033838218688,1.7846972060077,1.6228543908072,1.76764941964989,1.53235743702057,1.72807184389686,2.29012828537115,2.29709487199818,2.26331031537195,2.26647071804021,2.28836957425322,2.2712497567797,2.2962071118349
0.412212714927409,0.361973638558482,0.0829439893515624,0.439674786532035,0.180608361013019,0.0370323374431805,0.0354517265832905,0.697089121800732,0.985680287769876,0.764437030831663,0.651346576188238,0.852947198901911,0.569302397915476,1.45484900584359,0.594911556237634,1.87896317732123,1.89109666910827,1.94801883134785,1.95116655327152,1.75301027335423,1.94138043922182,1.6476613830071,1.89424891158427,2.50917956956959,2.26331031537195,2.82399911718784,2.82321405148239,2.76384971864793,2.82062644273149,2.81576060428224
0.420934907635529,0.37371445351125,0.0822264702008542,0.444295904813931,0.180729148546793,0.0362553980629126,0.0346824608070166,0.713439507959054,1.02192186285099,0.789698953363646,0.673931503862597,0.884846270013013,0.58835878509251,1.52634032231565,0.617683093418814,1.97133293251748,1.98371032884314,2.04646586645547,2.04877926162984,1.83832138447302,2.04356638834726,1.72813695664929,1.99423766958176,2.51534044268253,2.26647071804021,2.82321405148239,3.05297881486167,2.97521019918532,3.0503840662063,3.0409427327495
0.357105464991808,0.303174776365082,0.145624684873502,0.646369382307736,0.286438845929942,0.0993689805754565,0.102812515420235,1.10025207115751,1.67888336836134,1.32714523972393,1.20272184456465,1.51688561810359,1.07508144687595,2.58403514982102,1.17801656495513,3.08729831651929,3.09254339113682,3.20898368783538,3.19178528563474,2.93426663894494,3.28683970591426,2.81744259275084,3.24271625059471,2.52024117378359,2.28836957425322,2.76384971864793,2.97521019918532,5.21866573588832,4.24112250561342,5.06466369291605
0.455833177260498,0.423845631032962,0.0801878581325868,0.467774396392184,0.183019383452936,0.033819686368159,0.0323184755460564,0.795360317995389,1.21275304645805,0.924276302346712,0.798989181515742,1.05808831929456,0.695037738414821,1.91961393752613,0.749256903006226,2.4343134497334,2.44488396303507,2.53988959413798,2.53352937118226,2.27765906537811,2.57418142063403,2.15362530193863,2.52141488715447,2.52094459626484,2.2712497567797,2.82062644273149,3.0503840662063,4.24112250561342,4.60377157410748,4.5279337042813
0.412509296115209,0.371750241864984,0.112597900934099,0.569403191024132,0.23725110623146,0.0641394011779548,0.0647295853311669,0.984577301532175,1.53225587025984,1.18901723162887,1.0633004320272,1.37032874219443,0.93942299690312,2.43362525526848,1.0336919293933,2.93385978303206,2.9388722814799,3.05607287131722,3.0383170703104,2.78151569132385,3.13837756992323,2.66578307854663,3.09622975373952,2.53998730335956,2.2962071118349,2.81576060428224,3.0409427327495,5.06466369291605,4.5279337042813,5.8077574570689
