0,0.490121356640432,1.55782552591562,2.34072042808238,1.84608205967141,2.03151195822327,2.27587314408494,3.38111751196201,4.77812535846556,4.5738249442389,5.17400595975341,5.17204312598815,5.20371859489638,6.13573318314996,6.36147966907162,4.98678902746782,4.93119439168229,5.01905538816346,4.93700752485826,5.21344115000046,5.3803020345054,5.51304456292399,5.55605773961215,2.65020750064334,2.44966139852452,2.85873893575013,3.07027424800773,5.36362005432182,4.5512704680036,5.8419041132556
0.490121356640432,0,1.75277503885978,2.63745200610845,2.0714136802677,2.05659272528226,2.26243718440132,3.69282116417537,5.11822733952737,4.85969311530072,5.4056442039189,5.46812009037692,5.40361049906486,6.54672865639851,6.54568922535992,5.45787076550753,5.40354923460227,5.4949169818877,5.4135156377935,5.67176099776203,5.85385026671001,5.95719843328627,6.02501521991866,3.11838253864527,2.92563660328501,3.31111164905452,3.51660971682282,5.8233759921418,4.9671401210252,6.27531678232258
1.55782552591562,1.75277503885978,0,0.969753384208801,0.329717578883046,0.762873655878215,1.04228938869163,2.0055127713959,3.45418577428954,3.12749451860448,3.65297139580217,3.74169622763734,3.6590477771756,5.05078069561353,4.81046434127938,4.36149363168683,4.32345371324189,4.45234793246863,4.38285218912656,4.45134779140625,4.76904752736659,4.63127683284966,4.88539450700515,3.15115066872091,2.89658725476439,3.46453924569305,3.6949539816683,5.73384447334966,5.24982396505064,6.38898976240905
2.34072042808238,2.63745200610845,0.969753384208801,0,0.654290004397671,1.40344106539803,1.59458024794342,1.05642057903381,2.49620925953752,2.233368164555,2.8630623799759,2.83509203580038,2.94005021281071,4.08813255119754,4.10866900827933,3.55250342105707,3.52358779103594,3.66725403232549,3.605895916818,3.5827844729143,3.95511308586914,3.71777317895004,4.04393446555966,3.08552438937739,2.83339277046792,3.42783838940912,3.64757585051916,5.4091158165582,5.15141162660846,6.15213992030599
1.84608205967141,2.0714136802677,0.329717578883046,0.654290004397671,0,0.850889715903328,1.09861129634201,1.67744748923201,3.12660564003072,2.79932295333883,3.33900727749012,3.41293820790022,3.35793754227376,4.7423653969677,4.5156214177475,4.12884520799484,4.09440434677886,4.22951731878518,4.16307825730165,4.19374041342683,4.53519038892472,4.35286296055271,4.64017779298025,3.17428789757451,2.9175234091143,3.50055163140819,3.72928975401447,5.68355728027482,5.27550204344799,6.37102448085237
2.03151195822327,2.05659272528226,0.762873655878215,1.40344106539803,0.850889715903328,0,0.282814050298479,2.25501280908234,3.66458372293166,3.20035270750748,3.55747397427717,3.8137478603099,3.48386139595883,5.40429848533361,4.58094270539293,4.94976541545965,4.91853498796104,5.05826080186558,4.99415560298401,4.98586264413373,5.35401276815443,5.10801599696857,5.4468299410835,3.91183729548154,3.65784787961532,4.22225231560348,4.45278589203785,6.49224564803941,6.00845007467316,7.151796528015
2.27587314408494,2.26243718440132,1.04228938869163,1.59458024794342,1.09861129634201,0.282814050298479,0,2.35850453469495,3.73095124397122,3.22229207199735,3.51189320957035,3.82794124547973,3.40883388868595,5.51129316799841,4.47608224609914,5.14663372062965,5.11812037940644,5.26167103770829,5.19983722635623,5.16212254293531,5.54850159117065,5.26211440031924,5.63195958375762,4.1929498993334,3.93865448614897,4.50429660123973,4.73481483046611,6.76424164226632,6.29033556023384,7.42949922362504
3.38111751196201,3.69282116417537,2.0055127713959,1.05642057903381,1.67744748923201,2.25501280908234,2.35850453469495,0,1.44934748536588,1.21193102095555,1.94996874288195,1.79354262408864,2.11615424329823,3.15355161671757,3.25791428664724,3.05278722971755,3.04428852483768,3.20881630120402,3.16692724813947,2.94958291931919,3.42433708857033,2.96307093395508,3.45187244013859,3.60891397249372,3.38064426380135,3.95192218201461,4.1482011073718,5.54026290200154,5.53515224654493,6.36070416243279
4.77812535846556,5.11822733952737,3.45418577428954,2.49620925953752,3.12660564003072,3.66458372293166,3.73095124397122,1.44934748536588,0,0.733089204571026,1.44134710526613,0.711370206053097,1.80263916511088,1.88688844499272,2.61926328829513,2.64650991158843,2.67401444559948,2.84349952564252,2.84071857071255,2.32492463597995,2.90398997894806,2.09775842057497,2.82164973746789,4.460840706606,4.27702448635862,4.77817425453946,4.93467080205107,5.78643471205701,6.10380119408276,6.6687814294406
4.5738249442389,4.85969311530072,3.12749451860448,2.233368164555,2.79932295333883,3.20035270750748,3.22229207199735,1.21193102095555,0.733089204571026,0,0.867688216875348,0.617546072246836,1.16972747645535,2.59350317882561,2.17443916398967,3.2924185335828,3.31151716278366,3.48346723393506,3.47062020567762,3.0126972900363,3.58076063296859,2.82015464244902,3.51845268142867,4.676524229048,4.46679629979513,5.01057235957806,5.18902821218793,6.27982256049401,6.4706662734676,7.14517029786472
5.17400595975341,5.4056442039189,3.65297139580217,2.8630623799759,3.33900727749012,3.55747397427717,3.51189320957035,1.94996874288195,1.44134710526613,0.867688216875348,0,0.828970227705367,0.382331853814959,3.06414470982521,1.32145666534511,4.0860618395417,4.11174519002982,4.28203708723647,4.27657787470128,3.76282042495112,4.34403117870278,3.50224379784891,4.25385108201255,5.51300343994427,5.29628859250955,5.85054025631167,6.03435009863679,7.14245633825933,7.33502750257631,8.01039088451481
5.17204312598815,5.46812009037692,3.74169622763734,2.83509203580038,3.41293820790022,3.8137478603099,3.82794124547973,1.79354262408864,0.711370206053097,0.617546072246836,0.828970227705367,0,1.21107602915903,2.24467186646993,1.9110871056081,3.32778256656513,3.35976722261991,3.52697683171045,3.52934152328327,2.9744824404971,3.55989788444185,2.68680425501916,3.45450793196824,5.10614519708656,4.91080307576963,5.43100837597546,5.59618993142709,6.49779815627259,6.80049859210981,7.3800036292715
5.20371859489638,5.40361049906486,3.6590477771756,2.94005021281071,3.35793754227376,3.48386139595883,3.40883388868595,2.11615424329823,1.80263916511088,1.16972747645535,0.382331853814959,1.21107602915903,0,3.44516266718416,1.16861972894214,4.43869780695583,4.46191525218821,4.63301785389174,4.62454727894343,4.12750816142228,4.70626624793453,3.87771310393456,4.62225039380736,5.71843003699255,5.49395845067966,6.05957994178566,6.25044686510543,7.44268846256519,7.58788171770661,8.30309708369144
6.13573318314996,6.54672865639851,5.05078069561353,4.08813255119754,4.7423653969677,5.40429848533361,5.51129316799841,3.15355161671757,1.88688844499272,2.59350317882561,3.06414470982521,2.24467186646993,3.44516266718416,0,3.83842653448819,2.03428973915816,2.10232640757587,2.20506836208587,2.26044991587429,1.54254405769157,2.0082206467408,1.03646483188559,1.78447491268587,5.00773934020097,4.90540311351609,5.25272139894322,5.33871846367292,5.38901572968883,6.10296399249777,6.2789272399745
6.36147966907162,6.54568922535992,4.81046434127938,4.10866900827933,4.5156214177475,4.58094270539293,4.47608224609914,3.25791428664724,2.61926328829513,2.17443916398967,1.32145666534511,1.9110871056081,1.16861972894214,3.83842653448819,0,5.22551530243016,5.26081868230735,5.42584389322876,5.43210720878719,4.84716207018261,5.4334783549652,4.506527198072,5.30516829733617,6.83440554088961,6.61707398693619,7.17199211263525,7.35542873594672,8.40044871390073,8.6430738760177,9.27818970620499
4.98678902746782,5.45787076550753,4.36149363168683,3.55250342105707,4.12884520799484,4.94976541545965,5.14663372062965,3.05278722971755,2.64650991158843,3.2924185335828,4.0860618395417,3.32778256656513,4.43869780695583,2.03428973915816,5.22551530243016,0,0.0740775593375088,0.201030792901867,0.230263509702047,0.491751411516586,0.407741177143236,0.99882308514919,0.574432096461735,3.22057834429154,3.18185843418865,3.40587393534126,3.4501141226226,3.38387027564562,4.07494584743657,4.27983906380068
4.93119439168229,5.40354923460227,4.32345371324189,3.52358779103594,4.09440434677886,4.91853498796104,5.11812037940644,3.04428852483768,2.67401444559948,3.31151716278366,4.11174519002982,3.35976722261991,4.46191525218821,2.10232640757587,5.26081868230735,0.0740775593375088,0,0.172293921792591,0.174956234055464,0.560258808983451,0.452502628518821,1.06792125341648,0.637856695451977,3.14830944904694,3.11112692221143,3.33244278992709,3.37619516813119,3.32421596457047,4.00464065899313,4.2206499050649
5.01905538816346,5.4949169818877,4.45234793246863,3.66725403232549,4.22951731878518,5.05826080186558,5.26167103770829,3.20881630120402,2.84349952564252,3.48346723393506,4.28203708723647,3.52697683171045,4.63301785389174,2.20506836208587,5.42584389322876,0.201030792901867,0.172293921792591,0,0.086732457175451,0.669275722474664,0.374565924326572,1.16896900193568,0.608657575377251,3.15598187870274,3.13275722884026,3.32430057570796,3.35638620316655,3.19703748143338,3.92033150704733,4.0919508356503
4.93700752485826,5.4135156377935,4.38285218912656,3.605895916818,4.16307825730165,4.99415560298401,5.19983722635623,3.16692724813947,2.84071857071255,3.47062020567762,4.27657787470128,3.52934152328327,4.62454727894343,2.26044991587429,5.43210720878719,0.230263509702047,0.174956234055464,0.086732457175451,0,0.719029771191346,0.461209700894975,1.22409189246025,0.694014014469628,3.07026090901756,3.04623944918781,3.24020499984982,3.27395928080702,3.15363415382387,3.85525182094798,4.04966230565313
5.21344115000046,5.67176099776203,4.45134779140625,3.5827844729143,4.19374041342683,4.98586264413373,5.16212254293531,2.94958291931919,2.32492463597995,3.0126972900363,3.76282042495112,2.9744824404971,4.12750816142228,1.54254405769157,4.84716207018261,0.491751411516586,0.560258808983451,0.669275722474664,0.719029771191346,0,0.586577048211693,0.507702693190281,0.513231413612415,3.62772946950986,3.56742132742714,3.83401380752275,3.89237128295899,3.8661676950418,4.56448868039462,4.76076131146456
5.3803020345054,5.85385026671001,4.76904752736659,3.95511308586914,4.53519038892472,5.35401276815443,5.54850159117065,3.42433708857033,2.90398997894806,3.58076063296859,4.34403117870278,3.55989788444185,4.70626624793453,2.0082206467408,5.4334783549652,0.407741177143236,0.452502628518821,0.374565924326572,0.461209700894975,0.586577048211693,0,1.00247882294091,0.260676839983281,3.52380364629872,3.50493316544368,3.68437537148947,3.70898317091244,3.38812345680508,4.1985458655847,4.27413944996773
5.51304456292399,5.95719843328627,4.63127683284966,3.71777317895004,4.35286296055271,5.10801599696857,5.26211440031924,2.96307093395508,2.09775842057497,2.82015464244902,3.50224379784891,2.68680425501916,3.87771310393456,1.03646483188559,4.506527198072,0.99882308514919,1.06792125341648,1.16896900193568,1.22409189246025,0.507702693190281,1.00247882294091,0,0.816663927676126,4.0837251409004,4.00797234719449,4.30426870041109,4.37229725080054,4.35937289962409,5.07211331946767,5.25178364921309
5.55605773961215,6.02501521991866,4.88539450700515,4.04393446555966,4.64017779298025,5.4468299410835,5.63195958375762,3.45187244013859,2.82164973746789,3.51845268142867,4.25385108201255,3.45450793196824,4.62225039380736,1.78447491268587,5.30516829733617,0.574432096461735,0.637856695451977,0.608657575377251,0.694014014469628,0.513231413612415,0.260676839983281,0.816663927676126,0,3.76423479070671,3.73767435799838,3.93222446781321,3.96122664949206,3.62995640849282,4.45766497359247,4.51202112338378
2.65020750064334,3.11838253864527,3.15115066872091,3.08552438937739,3.17428789757451,3.91183729548154,4.1929498993334,3.60891397249372,4.460840706606,4.676524229048,5.51300343994427,5.10614519708656,5.71843003699255,5.00773934020097,6.83440554088961,3.22057834429154,3.14830944904694,3.15598187870274,3.07026090901756,3.62772946950986,3.52380364629872,4.0837251409004,3.76423479070671,0,0.256843425371123,0.345645102163896,0.562303053611854,2.71818851243638,2.10188750569303,3.26778797446502
2.44966139852452,2.92563660328501,2.89658725476439,2.83339277046792,2.9175234091143,3.65784787961532,3.93865448614897,3.38064426380135,4.27702448635862,4.46679629979513,5.29628859250955,4.91080307576963,5.49395845067966,4.90540311351609,6.61707398693619,3.18185843418865,3.11112692221143,3.13275722884026,3.04623944918781,3.56742132742714,3.50493316544368,4.00797234719449,3.73767435799838,0.256843425371123,0,0.594473358442118,0.817132250779427,2.93902145938005,2.35836693254626,3.51243810539729
2.85873893575013,3.31111164905452,3.46453924569305,3.42783838940912,3.50055163140819,4.22225231560348,4.50429660123973,3.95192218201461,4.77817425453946,5.01057235957806,5.85054025631167,5.43100837597546,6.05957994178566,5.25272139894322,7.17199211263525,3.40587393534126,3.33244278992709,3.32430057570796,3.24020499984982,3.83401380752275,3.68437537148947,4.30426870041109,3.93222446781321,0.345645102163896,0.594473358442118,0,0.230549829084734,2.5149654157803,1.78651780583232,3.00023536569226
3.07027424800773,3.51660971682282,3.6949539816683,3.64757585051916,3.72928975401447,4.45278589203785,4.73481483046611,4.1482011073718,4.93467080205107,5.18902821218793,6.03435009863679,5.59618993142709,6.25044686510543,5.33871846367292,7.35542873594672,3.4501141226226,3.37619516813119,3.35638620316655,3.27395928080702,3.89237128295899,3.70898317091244,4.37229725080054,3.96122664949206,0.562303053611854,0.817132250779427,0.230549829084734,0,2.32122415237936,1.55598225655654,2.77885080643158
5.36362005432182,5.8233759921418,5.73384447334966,5.4091158165582,5.68355728027482,6.49224564803941,6.76424164226632,5.54026290200154,5.78643471205701,6.27982256049401,7.14245633825933,6.49779815627259,7.44268846256519,5.38901572968883,8.40044871390073,3.38387027564562,3.32421596457047,3.19703748143338,3.15363415382387,3.8661676950418,3.38812345680508,4.35937289962409,3.62995640849282,2.71818851243638,2.93902145938005,2.5149654157803,2.32122415237936,0,1.34019229876896,0.897095807125114
4.5512704680036,4.9671401210252,5.24982396505064,5.15141162660846,5.27550204344799,6.00845007467316,6.29033556023384,5.53515224654493,6.10380119408276,6.4706662734676,7.33502750257631,6.80049859210981,7.58788171770661,6.10296399249777,8.6430738760177,4.07494584743657,4.00464065899313,3.92033150704733,3.85525182094798,4.56448868039462,4.1985458655847,5.07211331946767,4.45766497359247,2.10188750569303,2.35836693254626,1.78651780583232,1.55598225655654,1.34019229876896,0,1.35566162261378
5.8419041132556,6.27531678232258,6.38898976240905,6.15213992030599,6.37102448085237,7.151796528015,7.42949922362504,6.36070416243279,6.6687814294406,7.14517029786472,8.01039088451481,7.3800036292715,8.30309708369144,6.2789272399745,9.27818970620499,4.27983906380068,4.2206499050649,4.0919508356503,4.04966230565313,4.76076131146456,4.27413944996773,5.25178364921309,4.51202112338378,3.26778797446502,3.51243810539729,3.00023536569226,2.77885080643158,0.897095807125114,1.35566162261378,0
