0.823436425872839,0.821700514112362,0.789964343235605,0.776202361391539,0.110789121155535,0.0418751989814519,0.617609292486975,0.0287337026768875,0.403846698186007,0.000189230360801762,0.032685551554523,0.0202898456109712,0.665619895635171,0.746620243694107,0.0234654468850195,0.0148475173388647,0.305723341210198,0.013318359292005,0.00236522273342565,0.476678977366145,0.463342458008268,0.176090556526575,0.171924716698596,0.268402144752904,0.236615597790671,0.191687921052519,0.152967988072287,0.401109263312769,0.392549211889239,0.442355766246114
0.821700514112362,1.41709913125725,1.32912244669172,1.31505608441623,0.11765699622796,0.0457237585938584,0.776735753231008,0.0555589967963357,0.5074409220121,0.00199813461634779,0.0626514906520117,0.0415096091109306,1.14336887516056,1.28555309625759,0.0480920651068888,0.014272631562767,0.417982554443577,0.0306352254568774,0.000878690626762157,0.801426719947782,0.779991702651609,0.31320346161576,0.306590525203435,0.469324429852892,0.417244256798569,0.341091466802222,0.275656748500254,0.687006314464633,0.684811518019386,0.770515756717481
0.789964343235605,1.32912244669172,1.71973603133967,1.70207608989146,0.0788975534556535,0.0143945140795938,0.690537869832222,0.139411959955048,0.423865342598747,0.0277025863027287,0.152230455155389,0.116742059480104,1.53343276796724,1.66812600348034,0.13147637676797,1.94284147765345e-05,0.331291166966948,0.10291554677779,0.0101435285442251,1.13831044913162,1.11321252645195,0.532735630365571,0.524268117767315,0.739770501725801,0.673560008779087,0.572253814273804,0.483370878265767,1.00861153562594,1.01466294658316,1.11856061857873
0.776202361391539,1.31505608441623,1.70207608989146,2.02225737503011,0.0681391941908751,0.00768476807632834,0.674853168302326,0.189926976951261,0.406952157041922,0.0468008870598542,0.206348872446708,0.163037106603813,1.84244506445628,1.98825934184197,0.183579450241175,0.00152571674994917,0.315939615943158,0.150193050153849,0.0237522919549242,1.37328119749259,1.3449845986649,0.676667170205197,0.667042511317014,0.922651244829506,0.845877007720597,0.725393278580354,0.619524048408437,1.23316419861736,1.25022561708802,1.37203448555028
0.110789121155535,0.11765699622796,0.0788975534556535,0.0681391941908751,0.501409493800285,0.428908410702229,0.268665618653399,0.212627778597257,0.409778186691921,0.304895395271173,0.207304968603276,0.231624914812755,0.0168655875416288,0.0474868767249528,0.229768659943516,0.389199925865816,0.489392134008776,0.257696471317951,0.353096442180514,0.00072082778189797,0.00148297742399439,0.089673733272071,0.0924451866728124,0.0464623430956079,0.0601739587610011,0.0820358419577976,0.105231701116621,0.00965770484852069,0.0132013938081577,0.00548090239126564
0.0418751989814519,0.0457237585938584,0.0143945140795938,0.00768476807632834,0.428908410702229,1.38905643426399,0.223768343191061,0.925990039396895,0.474327891637487,1.15166677828456,0.916581599514509,0.987367855078171,0.0165633754482912,0.000135652126616925,0.998220244739545,1.34227131160545,0.920083552533248,1.08575724953212,1.28973799537864,0.128525067038627,0.141878360528136,0.596635871706482,0.607735998221548,0.427454975022607,0.488069607463818,0.572491559454135,0.656052621210927,0.226132736833446,0.262392248319843,0.204195109625977
0.617609292486975,0.776735753231008,0.690537869832222,0.674853168302326,0.268665618653399,0.223768343191061,1.07509682519791,0.0113134877279732,0.802942429573309,0.0727255647648826,0.00911766398164637,0.0193524980511861,0.511198308051123,0.646317685371331,0.0176330351481671,0.177044350351267,0.715842305044915,0.0329379195064692,0.128558071016728,0.271620096056171,0.257792327102957,0.0283714220836666,0.0262662467719186,0.0846897499147863,0.062696904932142,0.0360569362135941,0.0175837102970169,0.196203827081203,0.187589897670866,0.236829816372558
0.0287337026768875,0.0555589967963357,0.139411959955048,0.189926976951261,0.212627778597257,0.925990039396895,0.0113134877279732,2.93329600974032,0.130149545091712,2.09455512309305,2.92388575860659,2.89094078302794,0.643385083856284,0.368708462865702,2.92505263841363,1.83921759597108,0.457691320815557,2.8927379103518,2.46523496654314,1.11180550468158,1.16565061735682,2.4834190540838,2.50739035679898,2.12004626379757,2.2718245547429,2.44662108084354,2.60048336467839,1.52219412755345,1.72081157591627,1.54695670368852
0.403846698186007,0.5074409220121,0.423865342598747,0.406952157041922,0.409778186691921,0.474327891637487,0.802942429573309,0.130149545091712,1.15271718536604,0.265035964367604,0.123654056719066,0.156656972887,0.254550194399091,0.375931224062368,0.155965062555511,0.441773577034487,1.0531719679973,0.201364401904239,0.380257656549079,0.0822183297353258,0.0736878693541017,0.0101521738276902,0.011621452751263,0.000769564532955069,0.00027192681007504,0.00638158533293032,0.0194854880006408,0.0380847937471458,0.0318467731926648,0.0563784793020581
0.000189230360801762,0.00199813461634779,0.0277025863027287,0.0468008870598542,0.304895395271173,1.15166677828456,0.0727255647648826,2.09455512309305,0.265035964367604,2.40975520780625,2.09201273196026,2.20970046071298,0.275207187390972,0.120127776866988,2.24216729984847,2.12152598694725,0.710741482269958,2.34200461668136,2.38005668353496,0.608494551205132,0.645005861254183,1.64969929737985,1.67169341894983,1.33337069605668,1.45842785692913,1.61418212683551,1.76179001067361,0.880999042483817,1.00530615510239,0.872155259500367
0.032685551554523,0.0626514906520117,0.152230455155389,0.206348872446708,0.207304968603276,0.916581599514509,0.00911766398164637,2.92388575860659,0.123654056719066,2.09201273196026,3.08692203827628,2.97024846971894,0.690100843723343,0.399159643051494,3.06325098851315,1.84653457939003,0.448313416140529,3.02367986252831,2.5292392757345,1.17669460671592,1.23349716786856,2.63163296046503,2.65724126868957,2.24865639548143,2.41007807884199,2.59411629731551,2.7558589921001,1.61413408883762,1.83143921091238,1.64861499960557
0.0202898456109712,0.0415096091109306,0.116742059480104,0.163037106603813,0.231624914812755,0.987367855078171,0.0193524980511861,2.89094078302794,0.156656972887,2.20970046071298,2.97024846971894,3.16745387189493,0.601143473849752,0.331093795849768,3.16545309724549,2.00012726327253,0.525881889857866,3.15362723806359,2.72606965530738,1.07198550327603,1.12686756813693,2.55044626106214,2.57961236975329,2.14243964240088,2.31363537768216,2.51195097761931,2.6934020316534,1.49806183973876,1.71625089136769,1.53201312240603
0.665619895635171,1.14336887516056,1.53343276796724,1.84244506445628,0.0168655875416288,0.0165633754482912,0.511198308051123,0.643385083856284,0.254550194399091,0.275207187390972,0.690100843723343,0.601143473849752,4.10101166581496,3.1829184307251,0.685921838721563,0.110986684852321,0.155651525172473,0.652756808953775,0.264883067506338,2.88365827365514,2.86275071650985,1.86796572940591,1.85578583217465,2.37264193422767,2.24341010211554,1.99487894424826,1.77895879265398,2.88409054214999,3.09324822079007,3.33799287068768
0.746620243694107,1.28555309625759,1.66812600348034,1.98825934184197,0.0474868767249528,0.000135652126616925,0.646317685371331,0.368708462865702,0.375931224062368,0.120127776866988,0.399159643051494,0.331093795849768,3.1829184307251,3.47764898790157,0.378466040046339,0.022666803152176,0.290968202947988,0.337282204116626,0.0905956961413752,2.22470541425775,2.19165687667012,1.24347798129153,1.23106339683958,1.6521784719139,1.53745065296815,1.33638033157158,1.16217032305346,2.11535488358954,2.23737398675283,2.44985339490514
0.0234654468850195,0.0480920651068888,0.13147637676797,0.183579450241175,0.229768659943516,0.998220244739545,0.0176330351481671,2.92505263841363,0.155965062555511,2.24216729984847,3.06325098851315,3.16545309724549,0.685921838721563,0.378466040046339,3.78895978910424,2.09872527996227,0.544328660493004,3.74777530389985,3.07222862646565,1.20143896488218,1.26423607769185,2.98186665874652,3.02154663906971,2.48492576676604,2.7003161603739,2.94400438735315,3.17414612577261,1.70763128255529,1.99567074750378,1.78031414670344
0.0148475173388647,0.014272631562767,1.94284147765345e-05,0.00152571674994917,0.389199925865816,1.34227131160545,0.177044350351267,1.83921759597108,0.441773577034487,2.12152598694725,1.84653457939003,2.00012726327253,0.110986684852321,0.022666803152176,2.09872527996227,2.79534425328755,1.08142261121756,2.34590597330517,2.73091088616148,0.374119430520211,0.404415269407582,1.39124577707231,1.41730793547168,1.04812147696064,1.18166918430124,1.35378378044554,1.52610140740266,0.607063448812005,0.719595607390357,0.593447060142046
0.305723341210198,0.417982554443577,0.331291166966948,0.315939615943158,0.489392134008776,0.920083552533248,0.715842305044915,0.457691320815557,1.0531719679973,0.710741482269958,0.448313416140529,0.525881889857866,0.155651525172473,0.290968202947988,0.544328660493004,1.08142261121756,2.19229388874349,0.672550599748223,1.0440755944309,0.012545904092097,0.00847099004469554,0.156206154547909,0.164018717306142,0.0538607476656225,0.0845493282081442,0.138011075052686,0.200570166390442,0.000137417998796519,0.00170028708678949,0.00129572626642993
0.013318359292005,0.0306352254568774,0.10291554677779,0.150193050153849,0.257696471317951,1.08575724953212,0.0329379195064692,2.8927379103518,0.201364401904239,2.34200461668136,3.02367986252831,3.15362723806359,0.652756808953775,0.337282204116626,3.74777530389985,2.34590597330517,0.672550599748223,4.80641347702442,3.71512567559215,1.18838591518066,1.25590727392606,3.28997269783676,3.34928144988151,2.67850263856911,2.95711314436317,3.26566471851042,3.5790493013383,1.75617700505442,2.12630673332959,1.87764054122269
0.00236522273342565,0.000878690626762157,0.0101435285442251,0.0237522919549242,0.353096442180514,1.28973799537864,0.128558071016728,2.46523496654314,0.380257656549079,2.38005668353496,2.5292392757345,2.72606965530738,0.264883067506338,0.0905956961413752,3.07222862646565,2.73091088616148,1.0440755944309,3.71512567559215,4.46255082265331,0.664920426321506,0.71289259908738,2.2910693600788,2.33854873098318,1.76819507142317,1.99093229487688,2.25665192018194,2.53039189306449,1.05672060087555,1.2922387536316,1.09499809884002
0.476678977366145,0.801426719947782,1.13831044913162,1.37328119749259,0.00072082778189797,0.128525067038627,0.271620096056171,1.11180550468158,0.0822183297353258,0.608494551205132,1.17669460671592,1.07198550327603,2.88365827365514,2.22470541425775,1.20143896488218,0.374119430520211,0.012545904092097,1.18838591518066,0.664920426321506,3.53261877527974,3.49861562635162,2.51075727399669,2.49833557259374,2.9600899330833,2.84374520257188,2.62508439377073,2.42286402280154,3.38630428072248,3.40828048395142,3.49669419327395
0.463342458008268,0.779991702651609,1.11321252645195,1.3449845986649,0.00148297742399439,0.141878360528136,0.257792327102957,1.16565061735682,0.0736878693541017,0.645005861254183,1.23349716786856,1.12686756813693,2.86275071650985,2.19165687667012,1.26423607769185,0.404415269407582,0.00847099004469554,1.25590727392606,0.71289259908738,3.49861562635162,3.61400336116355,2.6172282553843,2.60488740605646,3.074389881447,2.95709743290411,2.73486446159037,2.52880258744801,3.49928975273737,3.51545034973701,3.59301657833846
0.176090556526575,0.31320346161576,0.532735630365571,0.676667170205197,0.089673733272071,0.596635871706482,0.0283714220836666,2.4834190540838,0.0101521738276902,1.64969929737985,2.63163296046503,2.55044626106214,1.86796572940591,1.24347798129153,2.98186665874652,1.39124577707231,0.156206154547909,3.28997269783676,2.2910693600788,2.51075727399669,2.6172282553843,5.66153249818204,5.64898710715091,4.91396877505515,5.30689999076136,5.62266452506154,5.57176155047602,3.51977692505766,4.30267863164922,3.9724860142396
0.171924716698596,0.306590525203435,0.524268117767315,0.667042511317014,0.0924451866728124,0.607735998221548,0.0262662467719186,2.50739035679898,0.011621452751263,1.67169341894983,2.65724126868957,2.57961236975329,1.85578583217465,1.23106339683958,3.02154663906971,1.41730793547168,0.164018717306142,3.34928144988151,2.33854873098318,2.49833557259374,2.60488740605646,5.64898710715091,5.77803739139407,4.92218415920627,5.33654336893972,5.69434495128646,5.69946760493685,3.51132180971189,4.31505872189949,3.98035293308052
0.268402144752904,0.469324429852892,0.739770501725801,0.922651244829506,0.0464623430956079,0.427454975022607,0.0846897499147863,2.12004626379757,0.000769564532955069,1.33337069605668,2.24865639548143,2.14243964240088,2.37264193422767,1.6521784719139,2.48492576676604,1.04812147696064,0.0538607476656225,2.67850263856911,1.76819507142317,2.9600899330833,3.074389881447,4.91396877505515,4.92218415920627,5.64853389619718,5.51246996951464,5.17649409241212,4.87198338128799,4.11736447814094,5.03472994585201,4.70658905518223
0.236615597790671,0.417244256798569,0.673560008779087,0.845877007720597,0.0601739587610011,0.488069607463818,0.062696904932142,2.2718245547429,0.00027192681007504,1.45842785692913,2.41007807884199,2.31363537768216,2.24341010211554,1.53745065296815,2.7003161603739,1.18166918430124,0.0845493282081442,2.95711314436317,1.99093229487688,2.84374520257188,2.95709743290411,5.30689999076136,5.33654336893972,5.51246996951464,6.02098204332125,5.64244635477199,5.32644244688718,3.98280473231493,4.97494060064775,4.62416011052133
0.191687921052519,0.341091466802222,0.572253814273804,0.725393278580354,0.0820358419577976,0.572491559454135,0.0360569362135941,2.44662108084354,0.00638158533293032,1.61418212683551,2.59411629731551,2.51195097761931,1.99487894424826,1.33638033157158,2.94400438735315,1.35378378044554,0.138011075052686,3.26566471851042,2.25665192018194,2.62508439377073,2.73486446159037,5.62266452506154,5.69434495128646,5.17649409241212,5.64244635477199,6.0414453159157,5.72543857275497,3.69446643351784,4.59748311902596,4.25022087349885
0.152967988072287,0.275656748500254,0.483370878265767,0.619524048408437,0.105231701116621,0.656052621210927,0.0175837102970169,2.60048336467839,0.0194854880006408,1.76179001067361,2.7558589921001,2.6934020316534,1.77895879265398,1.16217032305346,3.17414612577261,1.52610140740266,0.200570166390442,3.5790493013383,2.53039189306449,2.42286402280154,2.52880258744801,5.57176155047602,5.69946760493685,4.87198338128799,5.32644244688718,5.72543857275497,6.15874809279162,3.4342934509443,4.28201546996846,3.93698634072224
0.401109263312769,0.687006314464633,1.00861153562594,1.23316419861736,0.00965770484852069,0.226132736833446,0.196203827081203,1.52219412755345,0.0380847937471458,0.880999042483817,1.61413408883762,1.49806183973876,2.88409054214999,2.11535488358954,1.70763128255529,0.607063448812005,0.000137417998796519,1.75617700505442,1.05672060087555,3.38630428072248,3.49928975273737,3.51977692505766,3.51132180971189,4.11736447814094,3.98280473231493,3.69446643351784,3.4342934509443,4.63897303127278,4.63035502335753,4.61558999675369
0.392549211889239,0.684811518019386,1.01466294658316,1.25022561708802,0.0132013938081577,0.262392248319843,0.187589897670866,1.72081157591627,0.0318467731926648,1.00530615510239,1.83143921091238,1.71625089136769,3.09324822079007,2.23737398675283,1.99567074750378,0.719595607390357,0.00170028708678949,2.12630673332959,1.2922387536316,3.40828048395142,3.51545034973701,4.30267863164922,4.31505872189949,5.03472994585201,4.97494060064775,4.59748311902596,4.28201546996846,4.63035502335753,6.39937907008134,6.02919346105133
0.442355766246114,0.770515756717481,1.11856061857873,1.37203448555028,0.00548090239126564,0.204195109625977,0.236829816372558,1.54695670368852,0.0563784793020581,0.872155259500367,1.64861499960557,1.53201312240603,3.33799287068768,2.44985339490514,1.78031414670344,0.593447060142046,0.00129572626642993,1.87764054122269,1.09499809884002,3.49669419327395,3.59301657833846,3.9724860142396,3.98035293308052,4.70658905518223,4.62416011052133,4.25022087349885,3.93698634072224,4.61558999675369,6.02919346105133,6.43481435489222
