1.66542885571972,0.722264759247787,0.658893212158213,1.63171514094745,0.690262106813137,1.46719418283856,0.251227251625553,0.572945640218843,0.413197206760826,0.480187252677594,0.727918841112158,0.506016086242361,1.5020088394769,0.598243886947287,0.3455061303924,0.0305423736387764,0.792236318773855,0.921625018850999,0.905760801638005,1.25476627261493,0.790272162887928,0.018522909081784,0.194200381639048,0.236088583277279,0.283080772620816,0.0501081178387821,0.318026475834546,0.102351756012445,0.20999654845662,0.17807807517603
0.722264759247787,2.53100585594688,2.45735311702172,0.750715310416178,2.49587837914989,0.525447928413218,1.58749105273413,2.35459001928227,2.07800447133853,0.000787599247343174,2.51098075515852,8.76811094325802e-05,1.28956651248005,0.00413075687507192,1.99833507847393,0.403470421227404,0.0501231295243629,0.105149626947081,0.0958813455754086,2.21531179940536,0.0423727390818476,0.493813043740284,1.69796961280451,0.120905678059367,0.0853407810410181,0.427629048146332,0.0659659953128298,0.31717928541727,0.180643734327424,0.223698589518205
0.658893212158213,2.45735311702172,2.74146988926555,0.680983534037619,2.62040613072116,0.461002848997515,1.77859282268714,2.63857215058046,2.3439606638555,0.00948579373096781,2.74141901977207,0.00620924438191395,1.21597284545199,1.68899438279801e-05,2.27078900516566,0.513257379433136,0.0256735743350518,0.0696098988044516,0.0616990462004399,2.23634853718711,0.0194389171762235,0.62167513328,1.95709812337071,0.187144797179709,0.141248565899452,0.555500666514011,0.115770595170481,0.429368120007806,0.267862954222962,0.32163735746892
1.63171514094745,0.750715310416178,0.680983534037619,2.42412352759494,0.716247865730891,2.13141243953559,0.219947318966111,0.58602439689857,0.401240872169295,0.77106963296903,0.786106356281162,0.811579920390661,1.7589334356953,0.949239940927856,0.327965172843487,0.0870847978573437,1.22137546507417,1.40029000763745,1.38316251358405,1.52804777667517,1.24195224477534,0.0654390701147602,0.162632156918761,0.442292933873024,0.515828870040602,0.133200822327838,0.571750862438968,0.229920791012136,0.417066224958725,0.366003297575833
0.690262106813137,2.49587837914989,2.62040613072116,0.716247865730891,2.66008969448183,0.492911320487134,1.69423009868505,2.51769762223892,2.22818862122714,0.00419323821032469,2.65544630525884,0.00212166886216636,1.25520807690828,0.000801732765637109,2.15234877659715,0.46187257622136,0.0364033017106333,0.0859123949969369,0.0773026101456118,2.24437419090193,0.0293492453427699,0.562170868389189,1.84314732716681,0.154814961214027,0.113634327704303,0.495633956657206,0.0909356481930583,0.376279190617134,0.225744179173977,0.274679713500856
1.46719418283856,0.525447928413218,0.461002848997515,2.13141243953559,0.492911320487134,2.60344540414147,0.0979401566459845,0.374813884235826,0.224364686146072,1.13080946794402,0.538793917171692,1.1819100411313,1.47132887140289,1.34751154608018,0.163311909811473,0.232372209933029,1.65475516953085,1.85036749545928,1.83396561320487,1.23580021968485,1.68897732858698,0.201385730761905,0.0491057153174861,0.757810280821957,0.8521990201448,0.326523179588969,0.924272385553917,0.477401059174606,0.742609569172148,0.676601354036851
0.251227251625553,1.58749105273413,1.77859282268714,0.219947318966111,1.69423009868505,0.0979401566459845,2.46004984783393,2.0546212039701,2.3326458231385,0.225811940080111,1.965612688407,0.211789612032659,0.57455819166194,0.154327375384238,2.44629332466862,1.09663038162199,0.0535060334658288,0.016206104193496,0.0211137806869139,1.2785623896483,0.0705886759307517,1.24887144518255,2.40271847152385,0.669213839689821,0.588781671739936,1.19021140038758,0.543203674972196,1.03782060792159,0.824458763990776,0.905230268528509
0.572945640218843,2.35459001928227,2.63857215058046,0.58602439689857,2.51769762223892,0.374813884235826,2.0546212039701,3.13078600164074,2.7808662685549,0.0402445177579667,3.03875550204467,0.0332077751874227,1.11315228315639,0.0112240487374948,2.73921554522591,0.703742755690001,0.00434139650315446,0.0304719276038075,0.0248979723100948,2.24428350394759,0.00163748025189436,0.844426572368494,2.40475799464121,0.315732584652848,0.25315300650121,0.784813935843581,0.218211315760851,0.635288586462052,0.435896050791993,0.507859587331231
0.413197206760826,2.07800447133853,2.3439606638555,0.401240872169295,2.22818862122714,0.224364686146072,2.3326458231385,2.7808662685549,3.20153074349855,0.129157710559601,2.75674204937154,0.117206448764435,0.869510515849264,0.0717408436438602,3.11708452129135,0.984938633955554,0.00874426234310777,0.000308612518926221,4.86236736207957e-07,1.89436410883289,0.0158436417417196,1.15991161613803,2.81367504022483,0.543438686751989,0.461474767465866,1.11342888869863,0.415834954673021,0.945782715519103,0.71368210192239,0.804284658672787
0.480187252677594,0.000787599247343174,0.00948579373096781,0.77106963296903,0.00419323821032469,1.13080946794402,0.225811940080111,0.0402445177579667,0.129157710559601,3.63775908848194,0.0106992921928577,3.61676131823444,0.317679957281372,3.47412860498355,0.227619979933043,1.89062009643224,2.94576375646592,2.58573465472967,2.68301858623596,0.107096082234621,3.22183308719085,1.90613595147787,0.515750531715193,3.23038934908249,3.35219162573443,2.42619583342538,3.43120420967624,2.80217609901221,3.23990548814307,3.15946309277198
0.727918841112158,2.51098075515852,2.74141901977207,0.786106356281162,2.65544630525884,0.538793917171692,1.965612688407,3.03875550204467,2.75674204937154,0.0106992921928577,3.86125929205723,0.00691947064379628,1.38181558992104,1.61394789754965e-06,2.83372580337025,0.61173519030015,0.0319894964573084,0.0851791859446029,0.0758573595999095,2.88057158135397,0.0247884289905569,0.754440398448754,2.49200245183241,0.231834742652815,0.174583457726031,0.696680739931554,0.143242978033027,0.544138311407218,0.344502787571627,0.415840304286323
0.506016086242361,8.76811094325802e-05,0.00620924438191395,0.811579920390661,0.00212166886216636,1.1819100411313,0.211789612032659,0.0332077751874227,0.117206448764435,3.61676131823444,0.00691947064379628,3.7709440911291,0.342789228990336,3.61900320744686,0.212110976800064,1.87472757080884,3.05827085899778,2.68457231543959,2.78817390138369,0.124147839746751,3.36475287844183,1.89347725004627,0.495592727088471,3.28477122283193,3.41931466038636,2.43532005208421,3.5097826603635,2.833165446274,3.30847337159861,3.22218625630429
1.5020088394769,1.28956651248005,1.21597284545199,1.7589334356953,1.25520807690828,1.47132887140289,0.57455819166194,1.11315228315639,0.869510515849264,0.317679957281372,1.38181558992104,0.342789228990336,2.40091462682485,0.436278586617429,0.785351139775282,0.00124224964348141,0.645854889034664,0.793762278047157,0.776816221561366,2.13731231334406,0.64924494338787,0.00727133568121507,0.542656288146079,0.097109541054996,0.134554396634222,1.19809750565025e-05,0.163930765345264,0.0124925544354246,0.0744392425905804,0.052152732003079
0.598243886947287,0.00413075687507192,1.68899438279801e-05,0.949239940927856,0.000801732765637109,1.34751154608018,0.154327375384238,0.0112240487374948,0.0717408436438602,3.47412860498355,1.61394789754965e-06,3.61900320744686,0.436278586617429,3.96492499937622,0.14756495924563,1.72732936039306,3.35401750205807,2.95718192066126,3.07484811982733,0.195734745610866,3.71067466992929,1.74282811434457,0.395343383613812,3.2114976128654,3.3719497482107,2.29380555466789,3.48970396253566,2.72140158042973,3.27408764642243,3.17491711850193
0.3455061303924,1.99833507847393,2.27078900516566,0.327965172843487,2.15234877659715,0.163311909811473,2.44629332466862,2.73921554522591,3.11708452129135,0.227619979933043,2.83372580337025,0.212110976800064,0.785351139775282,0.14756495924563,3.90708244758223,1.29181572477751,0.0398094392206265,0.00665674936198535,0.0103524858923207,1.88351034152176,0.0571077579404786,1.5262542875104,3.55975900479274,0.802535211828462,0.697066951459658,1.51975768933586,0.639921384305505,1.3279173401521,1.0535803224512,1.17348068234941
0.0305423736387764,0.403470421227404,0.513257379433136,0.0870847978573437,0.46187257622136,0.232372209933029,1.09663038162199,0.703742755690001,0.984938633955554,1.89062009643224,0.61173519030015,1.87472757080884,0.00124224964348141,1.72732936039306,1.29181572477751,3.66228111434856,1.29839546510067,1.04510457038226,1.10133265234962,0.147991769028478,1.48014551512341,3.62726022308817,1.9260351605753,3.15751105005571,3.02318256582229,3.65352813165878,2.95014001227853,3.57598694668047,3.3899131914061,3.46564681358751
0.792236318773855,0.0501231295243629,0.0256735743350518,1.22137546507417,0.0364033017106333,1.65475516953085,0.0535060334658288,0.00434139650315446,0.00874426234310777,2.94576375646592,0.0319894964573084,3.05827085899778,0.645854889034664,3.35401750205807,0.0398094392206265,1.29839546510067,3.76824751349914,3.36355158671326,3.48871765721911,0.384318855798198,3.75911280741772,1.2885170464126,0.18758698309751,2.6006143030932,2.76365113148698,1.73718584009589,2.8902731284114,2.12179028211289,2.67281585577803,2.56900482929172
0.921625018850999,0.105149626947081,0.0696098988044516,1.40029000763745,0.0859123949969369,1.85036749545928,0.016206104193496,0.0304719276038075,0.000308612518926221,2.58573465472967,0.0851791859446029,2.68457231543959,0.793762278047157,2.95718192066126,0.00665674936198535,1.04510457038226,3.36355158671326,3.6030012069603,3.58574423644502,0.530467490017529,3.44143667907844,1.02349825373494,0.0942859469936623,2.20790202732837,2.36421563563886,1.4043052595478,2.48684453854678,1.75020812590752,2.26960802534588,2.1677056105527
0.905760801638005,0.0958813455754086,0.0616990462004399,1.38316251358405,0.0773026101456118,1.83396561320487,0.0211137806869139,0.0248979723100948,4.86236736207957e-07,2.68301858623596,0.0758573595999095,2.78817390138369,0.776816221561366,3.07484811982733,0.0103524858923207,1.10133265234962,3.48871765721911,3.58574423644502,3.739269253473,0.513456315291582,3.59345949228112,1.08291187900194,0.10928134583867,2.32171965180421,2.48419490316124,1.48699109616617,2.61255111135373,1.85049982531948,2.39503344026358,2.29005128699301
1.25476627261493,2.21531179940536,2.23634853718711,1.52804777667517,2.24437419090193,1.23580021968485,1.2785623896483,2.24428350394759,1.89436410883289,0.107096082234621,2.88057158135397,0.124147839746751,2.13731231334406,0.195734745610866,1.88351034152176,0.147991769028478,0.384318855798198,0.530467490017529,0.513456315291582,4.49641474213371,0.386086264744237,0.211605121231531,1.53635220534652,7.56285875711527e-05,0.00355747601388856,0.150606778410651,0.0111015243149195,0.0718396823665612,0.00668897233182886,0.0199168727644841
0.790272162887928,0.0423727390818476,0.0194389171762235,1.24195224477534,0.0293492453427699,1.68897732858698,0.0705886759307517,0.00163748025189436,0.0158436417417196,3.22183308719085,0.0247884289905569,3.36475287844183,0.64924494338787,3.71067466992929,0.0571077579404786,1.48014551512341,3.75911280741772,3.44143667907844,3.59345949228112,0.386086264744237,4.56590052573224,1.49067894611177,0.237709734425685,3.08201925021051,3.28245581646922,2.05740700953962,3.44805495701749,2.53800077402689,3.24334637418871,3.12163241008673
0.018522909081784,0.493813043740284,0.62167513328,0.0654390701147602,0.562170868389189,0.201385730761905,1.24887144518255,0.844426572368494,1.15991161613803,1.90613595147787,0.754440398448754,1.89347725004627,0.00727133568121507,1.74282811434457,1.5262542875104,3.62726022308817,1.2885170464126,1.02349825373494,1.08291187900194,0.211605121231531,1.49067894611177,4.32834547764022,2.27918982448318,3.46498487917567,3.2933682662896,4.2618028014363,3.20993316193058,4.11421314231568,3.85533235921599,3.96867918934202
0.194200381639048,1.69796961280451,1.95709812337071,0.162632156918761,1.84314732716681,0.0491057153174861,2.40271847152385,2.40475799464121,2.81367504022483,0.515750531715193,2.49200245183241,0.495592727088471,0.542656288146079,0.395343383613812,3.55975900479274,1.9260351605753,0.18758698309751,0.0942859469936623,0.10928134583867,1.53635220534652,0.237709734425685,2.27918982448318,4.85003199321786,1.4350363439549,1.28838944132626,2.39724399455434,1.2140055303579,2.18629428090532,1.86609190957382,2.03839477908595
0.236088583277279,0.120905678059367,0.187144797179709,0.442292933873024,0.154814961214027,0.757810280821957,0.669213839689821,0.315732584652848,0.543438686751989,3.23038934908249,0.231834742652815,3.28477122283193,0.097109541054996,3.2114976128654,0.802535211828462,3.15751105005571,2.6006143030932,2.20790202732837,2.32171965180421,7.56285875711527e-05,3.08201925021051,3.46498487917567,1.4350363439549,6.34556047700364,6.10429684763641,4.8766484494905,6.03181446821993,5.73819080228125,6.31830111697074,6.26435065876905
0.283080772620816,0.0853407810410181,0.141248565899452,0.515828870040602,0.113634327704303,0.8521990201448,0.588781671739936,0.25315300650121,0.461474767465866,3.35219162573443,0.174583457726031,3.41931466038636,0.134554396634222,3.3719497482107,0.697066951459658,3.02318256582229,2.76365113148698,2.36421563563886,2.48419490316124,0.00355747601388856,3.28245581646922,3.2933682662896,1.28838944132626,6.10429684763641,6.40203391320979,4.63857314601311,6.31456618340227,5.51799935580137,6.28974217582856,6.20322313363725
0.0501081178387821,0.427629048146332,0.555500666514011,0.133200822327838,0.495633956657206,0.326523179588969,1.19021140038758,0.784813935843581,1.11342888869863,2.42619583342538,0.696680739931554,2.43532005208421,1.19809750565025e-05,2.29380555466789,1.51975768933586,3.65352813165878,1.73718584009589,1.4043052595478,1.48699109616617,0.150606778410651,2.05740700953962,4.2618028014363,2.39724399455434,4.8766484494905,4.63857314601311,6.35823776690956,4.56353651055869,6.1469963728618,5.81951574428402,5.99627861710903
0.318026475834546,0.0659659953128298,0.115770595170481,0.571750862438968,0.0909356481930583,0.924272385553917,0.543203674972196,0.218211315760851,0.415834954673021,3.43120420967624,0.143242978033027,3.5097826603635,0.163930765345264,3.48970396253566,0.639921384305505,2.95014001227853,2.8902731284114,2.48684453854678,2.61255111135373,0.0111015243149195,3.44805495701749,3.20993316193058,1.2140055303579,6.03181446821993,6.31456618340227,4.56353651055869,6.68646696381838,5.50026728874493,6.46894736497236,6.35812950864976
0.102351756012445,0.31717928541727,0.429368120007806,0.229920791012136,0.376279190617134,0.477401059174606,1.03782060792159,0.635288586462052,0.945782715519103,2.80217609901221,0.544138311407218,2.833165446274,0.0124925544354246,2.72140158042973,1.3279173401521,3.57598694668047,2.12179028211289,1.75020812590752,1.85049982531948,0.0718396823665612,2.53800077402689,4.11421314231568,2.18629428090532,5.73819080228125,5.51799935580137,6.1469963728618,5.50026728874493,7.61640796050629,7.28548851752298,7.46009944851544
0.20999654845662,0.180643734327424,0.267862954222962,0.417066224958725,0.225744179173977,0.742609569172148,0.824458763990776,0.435896050791993,0.71368210192239,3.23990548814307,0.344502787571627,3.30847337159861,0.0744392425905804,3.27408764642243,1.0535803224512,3.3899131914061,2.67281585577803,2.26960802534588,2.39503344026358,0.00668897233182886,3.24334637418871,3.85533235921599,1.86609190957382,6.31830111697074,6.28974217582856,5.81951574428402,6.46894736497236,7.28548851752298,10.3291463897098,10.1612309872772
0.17807807517603,0.223698589518205,0.32163735746892,0.366003297575833,0.274679713500856,0.676601354036851,0.905230268528509,0.507859587331231,0.804284658672787,3.15946309277198,0.415840304286323,3.22218625630429,0.052152732003079,3.17491711850193,1.17348068234941,3.46564681358751,2.56900482929172,2.1677056105527,2.29005128699301,0.0199168727644841,3.12163241008673,3.96867918934202,2.03839477908595,6.26435065876905,6.20322313363725,5.99627861710903,6.35812950864976,7.46009944851544,10.1612309872772,10.8872052709932
