0,2.75190519317103,3.08911232066884,0.826122101419755,2.94499433657528,1.33448589418406,3.62302420030254,3.65032357692277,4.04056518569661,4.34281343884647,4.07085046555264,4.4243407743641,1.06232580359078,4.43386608120136,4.88149904251715,5.26662522279072,3.84920373167115,3.42518002497802,3.59317650591671,3.65231105262357,4.6507850556761,5.95672851519637,6.12706008565948,7.5388121661688,7.50130122368787,7.92345038695171,7.715842867869,9.07713330420112,11.5745821485163,12.1964779763608
2.75190519317103,0,0.357769511168985,3.45369876270947,0.199338792128941,4.08355540326192,1.81607359831256,0.952611819023071,1.57652765676837,6.16718974593414,1.37030363768709,6.30177458485712,2.35278745781164,6.48766934157296,2.44141814658126,5.38634612784063,6.1990071103973,5.92370780901302,6.07851241826906,2.59679699926987,7.01216090351542,5.87172524610653,3.98509862355572,8.63475497683179,8.76235820707464,8.03398552656378,9.0855408291396,9.51305524561864,12.4988647770018,12.9708139479037
3.08911232066884,0.357769511168985,0,3.80362634878525,0.160747322305071,4.42290959541199,1.64433409172519,0.595111589745371,1.2550793050531,6.36025739028555,1.11989114177864,6.49999549163082,2.71043882518642,6.70636110875411,2.10697432651646,5.37723624474784,6.45837025409459,6.20525129861695,6.35734105033767,2.76518755702505,7.26849258064534,5.82646510034577,3.67730563574199,8.71274077190977,8.86100667067643,7.98870632314709,9.19639566274296,9.49914160975623,12.5348903705294,12.9854004453209
0.826122101419755,3.45369876270947,3.80362634878525,0,3.65171749061499,0.764744052665229,4.44427873749665,4.38286073543854,4.82317252675489,4.51974335013882,4.71317010708985,4.57190777794272,1.30717128302919,4.49056864511544,5.67527562949019,5.91223504622881,3.74962011094574,3.22654471928035,3.39706775389983,3.86444271637832,4.50611956377649,6.62159086500563,6.94889120697527,7.88509813685253,7.79449970072352,8.51595964984882,7.96708876653538,9.58068990607696,11.9191374673873,12.5793222034365
2.94499433657528,0.199338792128941,0.160747322305071,3.65171749061499,0,4.27771245764903,1.73167934494566,0.755480451644738,1.40524319552611,6.28946230654312,1.21045637602139,6.4267904478866,2.55058816749012,6.62341122832678,2.26247458886976,5.39862565638767,6.35553060455971,6.09126611144826,6.24475372766361,2.66775605481169,7.16729172952853,5.86409343534367,3.82382703336607,8.69602024905742,8.83485495228302,8.02705954807698,9.16468536191409,9.52393927375386,12.5377477258437,12.9979355384733
1.33448589418406,4.08355540326192,4.42290959541199,0.764744052665229,4.27771245764903,0,4.86761493868343,4.98460363731056,5.35624677534787,3.97958555673538,5.38711686185532,4.01056941300798,2.06170228816054,3.87334731135733,6.18390403210075,5.80098209862397,3.06218257857891,2.50571162018321,2.67478343120472,4.62825970690548,3.79139127269974,6.52901942025787,7.35526596672435,7.43338531950119,7.30108127706166,8.30863681187309,7.44136759685201,9.26505124629855,11.447372655507,12.137447967061
3.62302420030254,1.81607359831256,1.64433409172519,4.44427873749665,1.73167934494566,4.86761493868343,0,1.48159344153447,0.996288945055483,5.64618505615565,2.39008376307715,5.80741471489771,3.7118480913349,6.11632009644167,1.47454564607891,3.92907019893851,6.12128529440142,6.03063884640724,6.1570915399331,4.39933981067105,6.88477302170466,4.29065243510904,2.50464489800409,7.46718264545793,7.68452041756385,6.43786481396832,8.06010946170791,8.00081659249704,11.1402787095622,11.5367945817701
3.65032357692277,0.952611819023071,0.595111589745371,4.38286073543854,0.755480451644738,4.98460363731056,1.48159344153447,0,0.770584208029476,6.68805605460675,0.914534289608625,6.835314542395,3.30539606215281,7.07326290354197,1.55943735877115,5.3855816046093,6.89035072213357,6.67284335339343,6.82025931049355,3.13863373587928,7.69341156686919,5.77027833454397,3.17130200557618,8.84488130933868,9.02651390184811,7.91939589686314,9.38083033393741,9.47661678922293,12.5881402897665,13.0022720979715
4.04056518569661,1.57652765676837,1.2550793050531,4.82317252675489,1.40524319552611,5.35624677534787,0.996288945055483,0.770584208029476,0,6.58097441086128,1.54930593681271,6.73806193709878,3.86342433862487,7.02297405558704,0.874444148498084,4.893934589936,6.95228973231147,6.803914725421,6.94079902449807,3.90921726796647,7.73574398574734,5.21005298886271,2.42421265626673,8.46021384699821,8.6806151217766,7.33291073301085,9.05632779797088,8.92637327296663,12.1033129293636,12.4801666971462
4.34281343884647,6.16718974593414,6.36025739028555,4.51974335013882,6.28946230654312,3.97958555673538,5.64618505615565,6.68805605460675,6.58097441086128,0,7.47761979615346,0.17518054314217,5.40331380074405,0.654426877891066,7.08960157619808,3.51880000996602,1.51447908904924,2.06929098598291,2.01099116948302,7.91998166614641,1.75999343983248,4.15383266316642,7.45629001826941,3.5225408673206,3.33540975022286,5.14360518854074,3.46181763294784,5.64981485096382,7.4870945019056,8.20603817393116
4.07085046555264,1.37030363768709,1.11989114177864,4.71317010708985,1.21045637602139,5.38711686185532,2.39008376307715,0.914534289608625,1.54930593681271,7.47761979615346,0,7.61836444189874,3.49854273904002,7.82618106353766,2.10089013289896,6.30007002580549,7.56552781264176,7.29390212712833,7.44881382633041,2.596530871483,8.37758295980836,6.68072397279994,3.72728638161027,9.74315028375524,9.91412628981496,8.82613557910368,10.2612402998096,10.3893906297491,13.5014001066238,13.9167839544778
4.4243407743641,6.30177458485712,6.49999549163082,4.57190777794272,6.4267904478866,4.01056941300798,5.80741471489771,6.835314542395,6.73806193709878,0.17518054314217,7.61836444189874,0,5.48628025997328,0.497862675611591,7.2538045851112,3.68377006385998,1.42264988663268,2.00480066721021,1.93386554183472,8.01906315376931,1.60733885997767,4.31233506867678,7.62979063017002,3.54696212246889,3.33434868356617,5.25854175387024,3.43784573422048,5.72102115908739,7.48314373764168,8.21377684951371
1.06232580359078,2.35278745781164,2.71043882518642,1.30717128302919,2.55058816749012,2.06170228816054,3.7118480913349,3.30539606215281,3.86342433862487,5.40331380074405,3.49854273904002,5.48628025997328,0,5.49328245296621,4.73729479485652,6.06071124188645,4.87745236225467,4.41639127769084,4.58655143717512,2.62270474227045,5.66832526578135,6.71471743310264,6.16563404375055,8.5522560217185,8.5338397467662,8.7591284317843,8.7595200599527,9.9923374784603,12.5811825313535,13.1838144338119
4.43386608120136,6.48766934157296,6.70636110875411,4.49056864511544,6.62341122832678,3.87334731135733,6.11632009644167,7.07326290354197,7.02297405558704,0.654426877891066,7.82618106353766,0.497862675611591,5.49328245296621,0,7.57687752846719,4.17254739293866,1.02513750875921,1.653562365014,1.55449801319456,8.0698702502882,1.10947618524988,4.8076142483273,8.02427022536645,3.88749025064905,3.6230594161646,5.73555165694999,3.67198403812328,6.13852979902304,7.74589609624114,8.50229603336553
4.88149904251715,2.44141814658126,2.10697432651646,5.67527562949019,2.26247458886976,6.18390403210075,1.47454564607891,1.55943735877115,0.874444148498084,7.08960157619808,2.10089013289896,7.2538045851112,4.73729479485652,7.57687752846719,0,4.98573211237576,7.59571108264012,7.49677015581856,7.62564672927059,4.63647650667242,8.35876745743351,5.18291935020165,1.63759643121461,8.64757250092894,8.9149824578727,7.22580483582008,9.3137066427896,8.86765572778432,12.1290681923896,12.4473263538766
5.26662522279072,5.38634612784063,5.37723624474784,5.91223504622881,5.39862565638767,5.80098209862397,3.92907019893851,5.3855816046093,4.893934589936,3.51880000996602,6.30007002580549,3.68377006385998,6.06071124188645,4.17254739293866,4.98573211237576,0,4.83373769764636,5.17507318054434,5.19888506312231,7.86271231842531,5.26789060983398,0.736106145812439,4.66024278641581,3.69281949124078,4.01794989591377,2.71346261794055,4.44846805360988,4.12671518149391,7.21160112124616,7.61819275816673
3.84920373167115,6.1990071103973,6.45837025409459,3.74962011094574,6.35553060455971,3.06218257857891,6.12128529440142,6.89035072213357,6.95228973231147,1.51447908904924,7.56552781264176,1.42264988663268,4.87745236225467,1.02513750875921,7.59571108264012,4.83373769764636,0,0.644145547032918,0.530081452533926,7.49602454403646,0.815922424395937,5.51955889831416,8.24310554052198,4.91257938431638,4.64297916373497,6.65211360021691,4.67416822049471,7.14107490977967,8.75176219165288,9.51744312590888
3.42518002497802,5.92370780901302,6.20525129861695,3.22654471928035,6.09126611144826,2.50571162018321,6.03063884640724,6.67284335339343,6.803914725421,2.06929098598291,7.29390212712833,2.00480066721021,4.41639127769084,1.653562365014,7.49677015581856,5.17507318054434,0.644145547032918,0,0.170781987543262,7.03848096905895,1.28602837453566,5.88435017713065,8.26446130619083,5.53275762930719,5.27660384889237,7.15262845477427,5.31577909368512,7.71899291565156,9.39293154597833,10.1547952568481
3.59317650591671,6.07851241826906,6.35734105033767,3.39706775389983,6.24475372766361,2.67478343120472,6.1570915399331,6.82025931049355,6.94079902449807,2.01099116948302,7.44881382633041,1.93386554183472,4.58655143717512,1.55449801319456,7.62564672927059,5.19888506312231,0.530081452533926,0.170781987543262,0,7.20877136502354,1.11825079464299,5.90179097310932,8.37073855501351,5.44139042686821,5.17291336036031,7.12352482805022,5.20063399458391,7.65467756334033,9.27834876265563,10.0463719504802
3.65231105262357,2.59679699926987,2.76518755702505,3.86444271637832,2.66775605481169,4.62825970690548,4.39933981067105,3.13863373587928,3.90921726796647,7.91998166614641,2.596530871483,8.01906315376931,2.62270474227045,8.0698702502882,4.63647650667242,7.86271231842531,7.49602454403646,7.03848096905895,7.20877136502354,0,8.29014273837747,8.40154997731086,6.27374232465852,10.8418239619622,10.8913337033157,10.553438952222,11.1606786573222,11.9691433379069,14.8121831871798,15.3437862675979
4.6507850556761,7.01216090351542,7.26849258064534,4.50611956377649,7.16729172952853,3.79139127269974,6.88477302170466,7.69341156686919,7.73574398574734,1.75999343983248,8.37758295980836,1.60733885997767,5.66832526578135,1.10947618524988,8.35876745743351,5.26789060983398,0.815922424395937,1.28602837453566,1.11825079464299,8.29014273837747,0,5.91288811114891,8.94051305009872,4.74742250231485,4.40302280600358,6.80932427356255,4.35625757551563,7.10630693818475,8.40835416706461,9.20984097655196
5.95672851519637,5.87172524610653,5.82646510034577,6.62159086500563,5.86409343534367,6.52901942025787,4.29065243510904,5.77027833454397,5.21005298886271,4.15383266316642,6.68072397279994,4.31233506867678,6.71471743310264,4.8076142483273,5.18291935020165,0.736106145812439,5.51955889831416,5.88435017713065,5.90179097310932,8.40154997731086,5.91288811114891,0,4.6199978218917,3.74393619629251,4.1436428582708,2.16297764167718,4.59494611759743,3.71632715351514,6.94682714891803,7.27819236994937
6.12706008565948,3.98509862355572,3.67730563574199,6.94889120697527,3.82382703336607,7.35526596672435,2.50464489800409,3.17130200557618,2.42421265626673,7.45629001826941,3.72728638161027,7.62979063017002,6.16563404375055,8.02427022536645,1.63759643121461,4.66024278641581,8.24310554052198,8.26446130619083,8.37073855501351,6.27374232465852,8.94051305009872,4.6199978218917,0,8.3255197823117,8.67528702377512,6.41378177101874,9.10848789632043,8.09385139191352,11.44699456378,11.6604477060391
7.5388121661688,8.63475497683179,8.71274077190977,7.88509813685253,8.69602024905742,7.43338531950119,7.46718264545793,8.84488130933868,8.46021384699821,3.5225408673206,9.74315028375524,3.54696212246889,8.5522560217185,3.88749025064905,8.64757250092894,3.69281949124078,4.91257938431638,5.53275762930719,5.44139042686821,10.8418239619622,4.74742250231485,3.74393619629251,8.3255197823117,0,0.539000694940607,2.9505013449322,0.968398504382158,2.48558683294743,4.03810463277194,4.70406443045872
7.50130122368787,8.76235820707464,8.86100667067643,7.79449970072352,8.83485495228302,7.30108127706166,7.68452041756385,9.02651390184811,8.6806151217766,3.33540975022286,9.91412628981496,3.33434868356617,8.5338397467662,3.6230594161646,8.9149824578727,4.01794989591377,4.64297916373497,5.27660384889237,5.17291336036031,10.8913337033157,4.40302280600358,4.1436428582708,8.67528702377512,0.539000694940607,0,3.48312538809312,0.459368510223613,2.98244316211334,4.15169595126246,4.88279291692846
7.92345038695171,8.03398552656378,7.98870632314709,8.51595964984882,8.02705954807698,8.30863681187309,6.43786481396832,7.91939589686314,7.33291073301085,5.14360518854074,8.82613557910368,5.25854175387024,8.7591284317843,5.73555165694999,7.22580483582008,2.71346261794055,6.65211360021691,7.15262845477427,7.12352482805022,10.553438952222,6.80932427356255,2.16297764167718,6.41378177101874,2.9505013449322,3.48312538809312,0,3.91763170961056,1.68065298169226,5.04835266805131,5.25288580368469
7.715842867869,9.0855408291396,9.19639566274296,7.96708876653538,9.16468536191409,7.44136759685201,8.06010946170791,9.38083033393741,9.05632779797088,3.46181763294784,10.2612402998096,3.43784573422048,8.7595200599527,3.67198403812328,9.3137066427896,4.44846805360988,4.67416822049471,5.31577909368512,5.20063399458391,11.1606786573222,4.35625757551563,4.59494611759743,9.10848789632043,0.968398504382158,0.459368510223613,3.91763170961056,0,3.3023403468348,4.07771862358345,4.85741321751204
9.07713330420112,9.51305524561864,9.49914160975623,9.58068990607696,9.52393927375386,9.26505124629855,8.00081659249704,9.47661678922293,8.92637327296663,5.64981485096382,10.3893906297491,5.72102115908739,9.9923374784603,6.13852979902304,8.86765572778432,4.12671518149391,7.14107490977967,7.71899291565156,7.65467756334033,11.9691433379069,7.10630693818475,3.71632715351514,8.09385139191352,2.48558683294743,2.98244316211334,1.68065298169226,3.3023403468348,0,3.37457731517013,3.5834143344686
11.5745821485163,12.4988647770018,12.5348903705294,11.9191374673873,12.5377477258437,11.447372655507,11.1402787095622,12.5881402897665,12.1033129293636,7.4870945019056,13.5014001066238,7.48314373764168,12.5811825313535,7.74589609624114,12.1290681923896,7.21160112124616,8.75176219165288,9.39293154597833,9.27834876265563,14.8121831871798,8.40835416706461,6.94682714891803,11.44699456378,4.03810463277194,4.15169595126246,5.04835266805131,4.07771862358345,3.37457731517013,0,0.893889686148504
12.1964779763608,12.9708139479037,12.9854004453209,12.5793222034365,12.9979355384733,12.137447967061,11.5367945817701,13.0022720979715,12.4801666971462,8.20603817393116,13.9167839544778,8.21377684951371,13.1838144338119,8.50229603336553,12.4473263538766,7.61819275816673,9.51744312590888,10.1547952568481,10.0463719504802,15.3437862675979,9.20984097655196,7.27819236994937,11.6604477060391,4.70406443045872,4.88279291692846,5.25288580368469,4.85741321751204,3.5834143344686,0.893889686148504,0
