1.06042400208734,0.424606588323979,0.339645262083409,0.82010237107307,0.947367321409943,0.0461562674782638,0.0957887458911593,0.110982053222195,0.657550038303914,0.155301107991589,0.588997419469012,0.718986641291835,0.119284641333187,0.420412968689722,0.788764030256882,0.686157780669389,0.167959574346118,0.0824718166300884,0.0815736028623304,0.0635188659831472,0.784489892872999,0.00709954646179556,0.205767651078532,0.000445747617309422,0.487303887133227,0.65960702261702,0.0517998487695044,0.051599689582182,0.482966497258379,0.280998436948532
0.424606588323979,1.56051493329631,1.44939529798936,1.26496669665806,1.07457941761387,0.819991022818416,1.00662445395392,1.07519940941091,0.0779302997362632,0.0897981827574212,0.0399345482052125,0.110622776642874,0.13057301598363,0.00042736792521314,0.16348602889496,0.0862516391847667,0.0834758735328651,0.1873372790408,0.188255642746852,0.221743997963271,0.153837742757805,0.469130123693905,0.0575960449937143,0.569398484899194,0.00667306804260415,0.0700684364289552,0.958196842211145,0.957180659912949,0.00441653872728942,0.028009849065425
0.339645262083409,1.44939529798936,1.76008111661488,1.19515096230153,0.981260573351089,1.0793060845528,1.29656546215655,1.37781238617389,0.0303428560398862,0.188717191697756,0.00739848961871736,0.0521186333227566,0.248799480939399,0.0107843151933746,0.0940386699065541,0.0338310549180734,0.180963449370241,0.328358941878387,0.329399361083746,0.373923670191672,0.0824987556499659,0.697999853493859,0.141468518318727,0.820665289514221,0.0018527186588555,0.023161810771914,1.26041878076963,1.25928461882818,0.00391990980771606,0.0946157685814164
0.82010237107307,1.26496669665806,1.19515096230153,2.59675283010078,2.31645833124028,0.525217258958845,0.733014489620549,0.831409046486049,0.464943293495282,0.00168897033817172,0.385034504316549,0.568924917073048,0.000968217133357374,0.180811310229343,0.662163656239742,0.535833965175592,0.00356021741086909,0.0135804507761028,0.0139787877275728,0.0271034026127457,0.722904998178154,0.184180750410532,0.0149425380286599,0.274392215416925,0.259771157070394,0.498723375422896,0.7227878066494,0.721209585684381,0.25842724349882,0.0537601623409376
0.947367321409943,1.07457941761387,0.981260573351089,2.31645833124028,2.79267847592255,0.345860937797627,0.52127621884526,0.600763600755985,0.716446356793433,0.0468174550395881,0.637008935212264,0.853875193315955,0.0208382258509441,0.369312289027847,0.948236118480399,0.830498864231676,0.0570290282183041,0.00343067833963007,0.00319659456101418,7.2097176081698e-05,1.06373341030364,0.0635979486396971,0.0927760388836729,0.121708501234619,0.488358370404387,0.789767137357621,0.484772490458593,0.483479089768774,0.497176762216146,0.18353137645161
0.0461562674782638,0.819991022818416,1.0793060845528,0.525217258958845,0.345860937797627,2.48285579803651,2.29348779525204,2.33593109243653,0.131982052680505,1.10341551654787,0.243572702881245,0.100800412756047,1.25328209313058,0.509999292951245,0.0438574333211377,0.152879612488899,1.10531674357627,1.4314548486868,1.43176413297642,1.51656088402993,0.0798118914346846,2.08284678709251,1.01479884353047,2.22410395533043,0.444825177551984,0.188926140503744,2.48246507681667,2.48243099133658,0.503939839339943,0.941362306229901
0.0957887458911593,1.00662445395392,1.29656546215655,0.733014489620549,0.52127621884526,2.29348779525204,2.70120374940527,2.69474979851857,0.0608127992907455,0.916744877254386,0.139857617802643,0.0385506890320859,1.06401079360832,0.361338508434692,0.00817396504515377,0.0711362187484466,0.917686990019296,1.24380392116359,1.24403025546749,1.33091840423567,0.0234183008679603,1.98273756770013,0.828979355112247,2.17164747267879,0.301213628877714,0.0961633523960188,2.63735528290528,2.63674122600303,0.349036874146171,0.75473040035858
0.110982053222195,1.07519940941091,1.37781238617389,0.831409046486049,0.600763600755985,2.33593109243653,2.69474979851857,3.20478023165815,0.0544662465447483,0.96900827959437,0.134707563295507,0.0326628664249555,1.13320244580846,0.368811576486844,0.00500605937590404,0.0646865942539661,0.974269884892344,1.33580011670492,1.33546314941131,1.43167133675578,0.0181441264538038,2.22956834936225,0.878862652579194,2.47064466944077,0.30613508419767,0.0900347969077937,3.08733027984167,3.08622228139158,0.359815723271519,0.808416984856018
0.657550038303914,0.0779302997362632,0.0303428560398862,0.464943293495282,0.716446356793433,0.131982052680505,0.0608127992907455,0.0544662465447483,2.78085136981595,1.50655391014982,2.69975441844727,2.73031640427966,1.37684179376558,2.36715591550595,2.32537469963743,2.7808474771637,1.59280973285086,1.22422663652048,1.21690331765952,1.11913527924362,2.71412276352252,0.797462877091953,1.75314309622546,0.66802918663117,2.54978700481933,2.77291094001953,0.204868519690901,0.205120409432336,2.56155110944653,2.09734186396902
0.155301107991589,0.0897981827574212,0.188717191697756,0.00168897033817172,0.0468174550395881,1.10341551654787,0.916744877254386,0.96900827959437,1.50655391014982,4.01469971753195,2.08996569862373,1.48491098543506,3.85455955464744,2.90308906963408,1.11670483427063,1.83866222118823,4.00667645838327,3.65105385200793,3.63437343414678,3.46712991046933,1.59313410240889,3.12213258325131,3.92371235997292,2.91978894369656,2.88102121571914,2.02182229812523,1.79913950539136,1.79823642277148,3.1424390721757,3.85262597929204
0.588997419469012,0.0399345482052125,0.00739848961871736,0.385034504316549,0.637008935212264,0.243572702881245,0.139857617802643,0.134707563295507,2.69975441844727,2.08996569862373,3.71087347279783,2.86550198572489,1.9358889386387,3.25860100861998,2.27690637999497,3.45184825462634,2.23093506894117,1.74906474943218,1.7375984471005,1.60741531506494,3.19379563147009,1.24488791214643,2.45899281115585,1.07619814974215,3.54777610094945,3.62256434167344,0.399221634222498,0.399402503963875,3.57031728765508,2.99631240295711
0.718986641291835,0.110622776642874,0.0521186333227566,0.568924917073048,0.853875193315955,0.100800412756047,0.0385506890320859,0.0326628664249555,2.73031640427966,1.48491098543506,2.86550198572489,3.12090437773443,1.349513058352,2.44871852959312,2.507739624873,3.08560454853708,1.58170982858149,1.1903956822244,1.18250561442581,1.08016710994549,3.09755533704734,0.75202619610787,1.75898066847587,0.619592674006889,2.70502170525855,3.0506779884672,0.162566966432358,0.162817513260562,2.74289041140759,2.17288224256955
0.119284641333187,0.13057301598363,0.248799480939399,0.000968217133357374,0.0208382258509441,1.25328209313058,1.06401079360832,1.13320244580846,1.37684179376558,3.85455955464744,1.9358889386387,1.349513058352,4.19980700002608,2.74439855218479,1.00039143155855,1.68684511958352,3.98876364066089,3.99422077858616,3.97561937809291,3.79693786888297,1.44440097793872,3.46652492121605,3.86981742912357,3.2616897705501,2.72882597470482,1.86510872859829,2.07555325530989,2.07435016625738,3.01802858728455,3.85863377814096
0.420412968689722,0.00042736792521314,0.0107843151933746,0.180811310229343,0.369312289027847,0.509999292951245,0.361338508434692,0.368811576486844,2.36715591550595,2.90308906963408,3.25860100861998,2.44871852959312,2.74439855218479,4.28604360195031,1.9118635541882,3.01744055353477,3.11320182105487,2.5395424306664,2.52279954849276,2.36142057639509,2.76303835495273,2.01116062644729,3.40361424333139,1.80878532247305,4.21176848673332,3.2829952351239,0.855512369564587,0.855316516550258,4.26662688160153,4.00986493780587
0.788764030256882,0.16348602889496,0.0940386699065541,0.662163656239742,0.948236118480399,0.0438574333211377,0.00817396504515377,0.00500605937590404,2.32537469963743,1.11670483427063,2.27690637999497,2.507739624873,1.00039143155855,1.9118635541882,2.60278998897386,2.47646003999161,1.18670482523417,0.866190722875982,0.860458470363377,0.778371543161431,2.59110571659201,0.494598995871332,1.32728205752178,0.390230846866022,2.11464177321943,2.43871121328093,0.0701477123379517,0.0703537154391665,2.13980506996078,1.64217604649646
0.686157780669389,0.0862516391847667,0.0338310549180734,0.535833965175592,0.830498864231676,0.152879612488899,0.0711362187484466,0.0646865942539661,2.7808474771637,1.83866222118823,3.45184825462634,3.08560454853708,1.68684511958352,3.01744055353477,2.47646003999161,3.88825548642665,1.97388184655508,1.5043379897775,1.49362902217101,1.36926428191732,3.62944657603065,1.01152614879363,2.20002734348329,0.851812224180374,3.40635808760743,3.84674028875705,0.256847777678992,0.257083536425359,3.49129858885241,2.78259366852389
0.167959574346118,0.0834758735328651,0.180963449370241,0.00356021741086909,0.0570290282183041,1.10531674357627,0.917686990019296,0.974269884892344,1.59280973285086,4.00667645838327,2.23093506894117,1.58170982858149,3.98876364066089,3.11320182105487,1.18670482523417,1.97388184655508,4.4353741057147,3.80699903229484,3.78293119704732,3.59370172018552,1.7209683935285,3.31149972096616,4.31588730531965,3.09450188039045,3.1292341548814,2.17697071916333,1.86499773806787,1.86382695007248,3.45581921436712,4.26934841790189
0.0824718166300884,0.1873372790408,0.328358941878387,0.0135804507761028,0.00343067833963007,1.4314548486868,1.24380392116359,1.33580011670492,1.22422663652048,3.65105385200793,1.74906474943218,1.1903956822244,3.99422077858616,2.5395424306664,0.866190722875982,1.5043379897775,3.80699903229484,4.39279600138438,4.35310783186992,4.16608780006875,1.26740986832459,3.86376331113416,3.69863956879344,3.66026353435052,2.52371966634273,1.67397705959758,2.4146727187,2.41309808975534,2.82748994319331,3.77057893367815
0.0815736028623304,0.188255642746852,0.329399361083746,0.0139787877275728,0.00319659456101418,1.43176413297642,1.24403025546749,1.33546314941131,1.21690331765952,3.63437343414678,1.7375984471005,1.18250561442581,3.97561937809291,2.52279954849276,0.860458470363377,1.49362902217101,3.78293119704732,4.35310783186992,4.35416664105124,4.15857006258294,1.25754875369812,3.8408544486545,3.67262923357686,3.63938655093254,2.5046445023178,1.66179488472268,2.40680815927732,2.40527145103575,2.80345709860608,3.73685174170998
0.0635188659831472,0.221743997963271,0.373923670191672,0.0271034026127457,7.2097176081698e-05,1.51656088402993,1.33091840423567,1.43167133675578,1.11913527924362,3.46712991046933,1.60741531506494,1.08016710994549,3.79693786888297,2.36142057639509,0.778371543161431,1.36926428191732,3.59370172018552,4.16608780006875,4.15857006258294,4.2879154268023,1.13992180500447,3.922471733342,3.48037123577973,3.73335751955497,2.33348390027886,1.527339927471,2.53609257380286,2.53454513155636,2.61612778685504,3.54494835847803
0.784489892872999,0.153837742757805,0.0824987556499659,0.722904998178154,1.06373341030364,0.0798118914346846,0.0234183008679603,0.0181441264538038,2.71412276352252,1.59313410240889,3.19379563147009,3.09755533704734,1.44440097793872,2.76303835495273,2.59110571659201,3.62944657603065,1.7209683935285,1.26740986832459,1.25754875369812,1.13992180500447,4.15668773227386,0.790469256022184,1.942115459882,0.641990471969238,3.20431169420582,3.67396587181745,0.139517708985585,0.139768863409244,3.35399728230945,2.55001874527495
0.00709954646179556,0.469130123693905,0.697999853493859,0.184180750410532,0.0635979486396971,2.08284678709251,1.98273756770013,2.22956834936225,0.797462877091953,3.12213258325131,1.24488791214643,0.75202619610787,3.46652492121605,2.01116062644729,0.494598995871332,1.01152614879363,3.31149972096616,3.86376331113416,3.8408544486545,3.922471733342,0.790469256022184,6.59554614895958,3.23788815720778,6.36045798416026,2.00597904482108,1.16311714643849,4.34813305272655,4.34118929040789,2.37941411392281,3.6379339837858
0.205767651078532,0.0575960449937143,0.141468518318727,0.0149425380286599,0.0927760388836729,1.01479884353047,0.828979355112247,0.878862652579194,1.75314309622546,3.92371235997292,2.45899281115585,1.75898066847587,3.86981742912357,3.40361424333139,1.32728205752178,2.20002734348329,4.31588730531965,3.69863956879344,3.67262923357686,3.48037123577973,1.942115459882,3.23788815720778,4.71686396581315,3.01388541353319,3.46460095973997,2.42591711248178,1.74565446834255,1.74446998465907,3.84018123166954,4.64144997206441
0.000445747617309422,0.569398484899194,0.820665289514221,0.274392215416925,0.121708501234619,2.22410395533043,2.17164747267879,2.47064466944077,0.66802918663117,2.91978894369656,1.07619814974215,0.619592674006889,3.2616897705501,1.80878532247305,0.390230846866022,0.851812224180374,3.09450188039045,3.66026353435052,3.63938655093254,3.73335751955497,0.641990471969238,6.36045798416026,3.01388541353319,7.25302686207846,1.79289322471605,0.991005543445883,4.94117247570375,4.93112875551,2.14920947404429,3.40716101697708
0.487303887133227,0.00667306804260415,0.0018527186588555,0.259771157070394,0.488358370404387,0.444825177551984,0.301213628877714,0.30613508419767,2.54978700481933,2.88102121571914,3.54777610094945,2.70502170525855,2.72882597470482,4.21176848673332,2.11464177321943,3.40635808760743,3.1292341548814,2.52371966634273,2.5046445023178,2.33348390027886,3.20431169420582,2.00597904482108,3.46460095973997,1.79289322471605,5.11729033966133,3.74458112957427,0.78336635765396,0.783137229162856,5.1117306489712,4.4422145131738
0.65960702261702,0.0700684364289552,0.023161810771914,0.498723375422896,0.789767137357621,0.188926140503744,0.0961633523960188,0.0900347969077937,2.77291094001953,2.02182229812523,3.62256434167344,3.0506779884672,1.86510872859829,3.2829952351239,2.43871121328093,3.84674028875705,2.17697071916333,1.67397705959758,1.66179488472268,1.527339927471,3.67396587181745,1.16311714643849,2.42591711248178,0.991005543445883,3.74458112957427,4.2176825612165,0.321993006775831,0.322196215043134,3.8542875765752,3.09342547333318
0.0517998487695044,0.958196842211145,1.26041878076963,0.7227878066494,0.484772490458593,2.48246507681667,2.63735528290528,3.08733027984167,0.204868519690901,1.79913950539136,0.399221634222498,0.162566966432358,2.07555325530989,0.855512369564587,0.0701477123379517,0.256847777678992,1.86499773806787,2.4146727187,2.40680815927732,2.53609257380286,0.139517708985585,4.34813305272655,1.74565446834255,4.94117247570375,0.78336635765396,0.321993006775831,6.26351824798884,6.23832852621449,0.944035224140035,1.81192530596087
0.051599689582182,0.957180659912949,1.25928461882818,0.721209585684381,0.483479089768774,2.48243099133658,2.63674122600303,3.08622228139158,0.205120409432336,1.79823642277148,0.399402503963875,0.162817513260562,2.07435016625738,0.855316516550258,0.0703537154391665,0.257083536425359,1.86382695007248,2.41309808975534,2.40527145103575,2.53454513155636,0.139768863409244,4.34118929040789,1.74446998465907,4.93112875551,0.783137229162856,0.322196215043134,6.23832852621449,6.23858042295889,0.943446260619084,1.80984345100175
0.482966497258379,0.00441653872728942,0.00391990980771606,0.25842724349882,0.497176762216146,0.503939839339943,0.349036874146171,0.359815723271519,2.56155110944653,3.1424390721757,3.57031728765508,2.74289041140759,3.01802858728455,4.26662688160153,2.13980506996078,3.49129858885241,3.45581921436712,2.82748994319331,2.80345709860608,2.61612778685504,3.35399728230945,2.37941411392281,3.84018123166954,2.14920947404429,5.1117306489712,3.8542875765752,0.944035224140035,0.943446260619084,6.57118455226504,5.39172790885416
0.280998436948532,0.028009849065425,0.0946157685814164,0.0537601623409376,0.18353137645161,0.941362306229901,0.75473040035858,0.808416984856018,2.09734186396902,3.85262597929204,2.99631240295711,2.17288224256955,3.85863377814096,4.00986493780587,1.64217604649646,2.78259366852389,4.26934841790189,3.77057893367815,3.73685174170998,3.54494835847803,2.55001874527495,3.6379339837858,4.64144997206441,3.40716101697708,4.4422145131738,3.09342547333318,1.81192530596087,1.80984345100175,5.39172790885416,7.06229518972747
