0,3.10641397328524,3.34297864651289,3.3314880898562,3.55485204275497,1.58887219095585,10.1539580154243,10.9842347318115,11.2792628657687,10.7205871661257,11.4475105510677,11.8589279816878,11.8124838641035,14.901420385495,14.9800486385103,15.247714844183,15.2576758289679,15.4480328799831,15.335182459449,15.3776263292933,15.6858001325028,16.2599924223172,16.5637626367082,16.7368874068466,16.7932658731037,17.0180222623968,17.127294012344,17.263963101925,17.5411341164422,18.4163099990062
3.10641397328524,0,2.25932939107711,2.24783883442042,2.2062648241489,4.14099228552923,11.6270898762292,12.4573665926165,12.7523947265737,12.1937190269306,12.9206424118726,13.3320598424927,13.2856157249084,16.3745522462999,16.4531804993153,16.720846704988,16.7308076897728,16.921164740788,16.808314320254,16.8507581900982,17.1589319933077,17.7331242831221,18.0368944975131,18.2100192676515,18.2663977339086,18.4911541232017,18.6004258731489,18.73709496273,19.0142659772472,19.8894418598111
3.34297864651289,2.25932939107711,0,0.505318843843385,2.70776746054685,4.37755695875688,11.8636545494569,12.6939312658441,12.9889593998013,12.4302837001583,13.1572070851002,13.5686245157204,13.5221803981361,16.6111169195276,16.6897451725429,16.9574113782156,16.9673723630005,17.1577294140157,17.0448789934816,17.0873228633259,17.3954966665354,17.9696889563498,18.2734591707408,18.4465839408791,18.5029624071362,18.7277187964293,18.8369905463766,18.9736596359576,19.2508306504748,20.1260065330388
3.3314880898562,2.24783883442042,0.505318843843385,0,2.69627690389016,4.36606640210019,11.8521639928002,12.6824407091874,12.9774688431446,12.4187931435016,13.1457165284435,13.5571339590637,13.5106898414794,16.5996263628709,16.6782546158862,16.9459208215589,16.9558818063438,17.146238857359,17.0333884368249,17.0758323066692,17.3840061098787,17.9581983996931,18.2619686140841,18.4350933842225,18.4914718504795,18.7162282397726,18.8254999897199,18.9621690793009,19.2393400938181,20.1145159763821
3.55485204275497,2.2062648241489,2.70776746054685,2.69627690389016,0,4.58943035499896,12.075527945699,12.9058046620862,13.2008327960434,12.6421570964004,13.3690804813423,13.7804979119625,13.7340537943781,16.8229903157697,16.901618568785,17.1692847744577,17.1792457592425,17.3696028102578,17.2567523897237,17.299196259568,17.6073700627775,18.1815623525919,18.4853325669828,18.6584573371212,18.7148358033783,18.9395921926714,19.0488639426187,19.1855330321997,19.4627040467169,20.3378799292809
1.58887219095585,4.14099228552923,4.37755695875688,4.36606640210019,4.58943035499896,0,11.1885363276683,12.0188130440555,12.3138411780127,11.7551654783697,12.4820888633116,12.8935062939318,12.8470621763475,15.935998697739,16.0146269507543,16.282293156427,16.2922541412119,16.4826111922271,16.369760771693,16.4122046415373,16.7203784447468,17.2945707345612,17.5983409489522,17.7714657190906,17.8278441853476,18.0526005746408,18.161872324588,18.298541414169,18.5757124286862,19.4508883112502
10.1539580154243,11.6270898762292,11.8636545494569,11.8521639928002,12.075527945699,11.1885363276683,0,6.37605734280771,3.06639644486365,6.85426326483698,7.58118664977894,7.9926040803991,7.94615996281476,11.0350964842063,11.1137247372216,11.3813909428943,11.3913519276792,11.5817089786944,11.4688585581603,11.5113024280046,11.8194762312141,12.3936685210285,12.6974387354195,12.8705635055579,12.9269419718149,13.151698361108,13.2609701110553,13.3976392006363,13.6748102151535,14.5499860977175
10.9842347318115,12.4573665926165,12.6939312658441,12.6824407091874,12.9058046620862,12.0188130440555,6.37605734280771,0,7.50136219315215,7.6845399812242,8.41146336616616,8.82288079678632,8.77643667920198,11.8653732005935,11.9440014536089,12.2116676592815,12.2216286440664,12.4119856950816,12.2991352745475,12.3415791443918,12.6497529476013,13.2239452374157,13.5277154518067,13.7008402219451,13.7572186882022,13.9819750774953,14.0912468274425,14.2279159170235,14.5050869315407,15.3802628141047
11.2792628657687,12.7523947265737,12.9889593998013,12.9774688431446,13.2008327960434,12.3138411780127,3.06639644486365,7.50136219315215,0,7.97956811518142,8.70649150012337,9.11790893074353,9.0714648131592,12.1604013345507,12.2390295875661,12.5066957932388,12.5166567780236,12.7070138290388,12.5941634085047,12.636607278349,12.9447810815585,13.5189733713729,13.8227435857639,13.9958683559023,14.0522468221594,14.2770032114525,14.3862749613997,14.5229440509808,14.8001150654979,15.675290948062
10.7205871661257,12.1937190269306,12.4302837001583,12.4187931435016,12.6421570964004,11.7551654783697,6.85426326483698,7.6845399812242,7.97956811518142,0,1.397644294248,1.97074196046713,1.92429784288279,6.42674282060887,6.50537107362419,6.77303727929688,6.78299826408172,6.97335531509695,6.86050489456287,6.90294876440715,7.21112256761665,7.78531485743104,8.08908507182203,8.26220984196041,8.3185883082175,8.5433446975106,8.65261644745785,8.78928553703888,9.06645655155608,9.94163243412007
11.4475105510677,12.9206424118726,13.1572070851002,13.1457165284435,13.3690804813423,12.4820888633116,7.58118664977894,8.41146336616616,8.70649150012337,1.397644294248,0,2.69766534540909,2.65122122782475,7.15366620555082,7.23229445856615,7.49996066423884,7.50992164902368,7.7002787000389,7.58742827950483,7.62987214934911,7.93804595255861,8.512238242373,8.81600845676398,8.98913322690236,9.04551169315945,9.27026808245256,9.3795398323998,9.51620892198084,9.79337993649803,10.668555819062
11.8589279816878,13.3320598424927,13.5686245157204,13.5571339590637,13.7804979119625,12.8935062939318,7.9926040803991,8.82288079678632,9.11790893074353,1.97074196046713,2.69766534540909,0,1.97455031929763,7.56508363617099,7.64371188918631,7.911378094859,7.92133907964384,8.11169613065906,7.99884571012499,8.04128957996927,8.34946338317877,8.92365567299316,9.22742588738415,9.40055065752252,9.45692912377961,9.68168551307272,9.79095726301997,9.927626352601,10.2047973671182,11.0799732496822
11.8124838641035,13.2856157249084,13.5221803981361,13.5106898414794,13.7340537943781,12.8470621763475,7.94615996281476,8.77643667920198,9.0714648131592,1.92429784288279,2.65122122782475,1.97455031929763,0,7.51863951858665,7.59726777160197,7.86493397727466,7.8748949620595,8.06525201307473,7.95240159254065,7.99484546238493,8.30301926559443,8.87721155540882,9.18098176979981,9.35410653993819,9.41048500619528,9.63524139548838,9.74451314543563,9.88118223501666,10.1583532495339,11.0335291320978
14.901420385495,16.3745522462999,16.6111169195276,16.5996263628709,16.8229903157697,15.935998697739,11.0350964842063,11.8653732005935,12.1604013345507,6.42674282060887,7.15366620555082,7.56508363617099,7.51863951858665,0,1.62820270228492,1.89586890795761,7.32583621366533,1.44983898630739,1.26403124617696,7.44578671399076,7.75396051720026,2.18884120904513,8.63192302140563,8.80504779154401,3.44141993687823,9.08618264709421,9.19545439704145,3.26576920824933,4.18928818021681,10.4844703837037
14.9800486385103,16.4531804993153,16.6897451725429,16.6782546158862,16.901618568785,16.0146269507543,11.1137247372216,11.9440014536089,12.2390295875661,6.50537107362419,7.23229445856615,7.64371188918631,7.59726777160197,1.62820270228492,0,0.445689515882427,7.40446446668065,2.174815196773,2.06196477623893,7.52441496700608,7.83258877021558,2.9867747391071,8.71055127442095,8.88367604455933,2.22917385402508,9.16481090010953,9.27408265005677,3.99074541871494,2.97704209736365,10.563098636719
15.247714844183,16.720846704988,16.9574113782156,16.9459208215589,17.1692847744577,16.282293156427,11.3813909428943,12.2116676592815,12.5066957932388,6.77303727929688,7.49996066423884,7.911378094859,7.86493397727466,1.89586890795761,0.445689515882427,0,7.67213067235334,2.4424814024457,2.32963098191162,7.79208117267877,8.10025497588827,3.25444094477979,8.97821748009364,9.15134225023202,2.49684005969777,9.43247710578222,9.54174885572946,4.25841162438763,3.24470830303635,10.8307648423917
15.2576758289679,16.7308076897728,16.9673723630005,16.9558818063438,17.1792457592425,16.2922541412119,11.3913519276792,12.2216286440664,12.5166567780236,6.78299826408172,7.50992164902368,7.92133907964384,7.8748949620595,7.32583621366533,7.40446446668065,7.67213067235334,0,7.87244870815341,7.75959828761934,1.80351647880029,1.67291889578191,8.68440825048751,4.33497013293716,4.50809490307554,9.21768170127396,4.78922975862574,4.89850150857298,9.68837893009534,9.96554994461254,6.18751749523521
15.4480328799831,16.921164740788,17.1577294140157,17.146238857359,17.3696028102578,16.4826111922271,11.5817089786944,12.4119856950816,12.7070138290388,6.97335531509695,7.7002787000389,8.11169613065906,8.06525201307473,1.44983898630739,2.174815196773,2.4424814024457,7.87244870815341,0,1.8836010602614,7.99239920847884,8.30057301168834,2.80841102312957,9.17853551589371,9.35166028603209,3.98803243136631,9.63279514158229,9.74206689152953,2.14035960629764,4.73590067470489,11.0310828781918
15.335182459449,16.808314320254,17.0448789934816,17.0333884368249,17.2567523897237,16.369760771693,11.4688585581603,12.2991352745475,12.5941634085047,6.86050489456287,7.58742827950483,7.99884571012499,7.95240159254065,1.26403124617696,2.06196477623893,2.32963098191162,7.75959828761934,1.8836010602614,0,7.87954878794477,8.18772259115426,0.967783790713964,9.06568509535964,9.23880986549802,3.87518201083224,9.51994472104821,9.62921647099546,3.69953128220333,4.62305025417081,10.9182324576577
15.3776263292933,16.8507581900982,17.0873228633259,17.0758323066692,17.299196259568,16.4122046415373,11.5113024280046,12.3415791443918,12.636607278349,6.90294876440715,7.62987214934911,8.04128957996927,7.99484546238493,7.44578671399076,7.52441496700608,7.79208117267877,1.80351647880029,7.99239920847884,7.87954878794477,0,2.23164078233522,8.80435875081294,4.45492063326259,4.62804540340097,9.33763220159939,4.90918025895117,5.01845200889841,9.80832943042077,10.085500444938,6.30746799556064
15.6858001325028,17.1589319933077,17.3954966665354,17.3840061098787,17.6073700627775,16.7203784447468,11.8194762312141,12.6497529476013,12.9447810815585,7.21112256761665,7.93804595255861,8.34946338317877,8.30301926559443,7.75396051720026,7.83258877021558,8.10025497588827,1.67291889578191,8.30057301168834,8.18772259115426,2.23164078233522,0,9.11253255402243,4.76309443647209,4.93621920661047,9.64580600480889,5.21735406216066,5.32662581210791,10.1165032336303,10.3936742481475,6.61564179877013
16.2599924223172,17.7331242831221,17.9696889563498,17.9581983996931,18.1815623525919,17.2945707345612,12.3936685210285,13.2239452374157,13.5189733713729,7.78531485743104,8.512238242373,8.92365567299316,8.87721155540882,2.18884120904513,2.9867747391071,3.25444094477979,8.68440825048751,2.80841102312957,0.967783790713964,8.80435875081294,9.11253255402243,0,9.99049505822781,10.1636198283662,4.79999197370041,10.4447546839164,10.5540264338636,4.6243412450715,5.54786021703898,11.8430424205258
16.5637626367082,18.0368944975131,18.2734591707408,18.2619686140841,18.4853325669828,17.5983409489522,12.6974387354195,13.5277154518067,13.8227435857639,8.08908507182203,8.81600845676398,9.22742588738415,9.18098176979981,8.63192302140563,8.71055127442095,8.97821748009364,4.33497013293716,9.17853551589371,9.06568509535964,4.45492063326259,4.76309443647209,9.99049505822781,0,0.93236912196135,10.5237685090143,3.17276338677671,3.28203513672395,10.9944657378356,11.2716367523528,2.14507355674746
16.7368874068466,18.2100192676515,18.4465839408791,18.4350933842225,18.6584573371212,17.7714657190906,12.8705635055579,13.7008402219451,13.9958683559023,8.26220984196041,8.98913322690236,9.40055065752252,9.35410653993819,8.80504779154401,8.88367604455933,9.15134225023202,4.50809490307554,9.35166028603209,9.23880986549802,4.62804540340097,4.93621920661047,10.1636198283662,0.93236912196135,0,10.6968932791526,3.34588815691508,3.45515990686233,11.167590507974,11.4447615224912,2.78491648425939
16.7932658731037,18.2663977339086,18.5029624071362,18.4914718504795,18.7148358033783,17.8278441853476,12.9269419718149,13.7572186882022,14.0522468221594,8.3185883082175,9.04551169315945,9.45692912377961,9.41048500619528,3.44141993687823,2.22917385402508,2.49684005969777,9.21768170127396,3.98803243136631,3.87518201083224,9.33763220159939,9.64580600480889,4.79999197370041,10.5237685090143,10.6968932791526,0,10.9780281347028,11.0872998846501,5.80396265330824,3.6225989784728,12.3763158713123
17.0180222623968,18.4911541232017,18.7277187964293,18.7162282397726,18.9395921926714,18.0526005746408,13.151698361108,13.9819750774953,14.2770032114525,8.5433446975106,9.27026808245256,9.68168551307272,9.63524139548838,9.08618264709421,9.16481090010953,9.43247710578222,4.78922975862574,9.63279514158229,9.51994472104821,4.90918025895117,5.21735406216066,10.4447546839164,3.17276338677671,3.34588815691508,10.9780281347028,0,1.2783558291599,11.4487253635242,11.7258963780414,5.02531074907475
17.127294012344,18.6004258731489,18.8369905463766,18.8254999897199,19.0488639426187,18.161872324588,13.2609701110553,14.0912468274425,14.3862749613997,8.65261644745785,9.3795398323998,9.79095726301997,9.74451314543563,9.19545439704145,9.27408265005677,9.54174885572946,4.89850150857298,9.74206689152953,9.62921647099546,5.01845200889841,5.32662581210791,10.5540264338636,3.28203513672395,3.45515990686233,11.0872998846501,1.2783558291599,0,11.5579971134715,11.8351681279887,5.13458249902199
17.263963101925,18.73709496273,18.9736596359576,18.9621690793009,19.1855330321997,18.298541414169,13.3976392006363,14.2279159170235,14.5229440509808,8.78928553703888,9.51620892198084,9.927626352601,9.88118223501666,3.26576920824933,3.99074541871494,4.25841162438763,9.68837893009534,2.14035960629764,3.69953128220333,9.80832943042077,10.1165032336303,4.6243412450715,10.9944657378356,11.167590507974,5.80396265330824,11.4487253635242,11.5579971134715,0,6.55183089664682,12.8470131001337
17.5411341164422,19.0142659772472,19.2508306504748,19.2393400938181,19.4627040467169,18.5757124286862,13.6748102151535,14.5050869315407,14.8001150654979,9.06645655155608,9.79337993649803,10.2047973671182,10.1583532495339,4.18928818021681,2.97704209736365,3.24470830303635,9.96554994461254,4.73590067470489,4.62305025417081,10.085500444938,10.3936742481475,5.54786021703898,11.2716367523528,11.4447615224912,3.6225989784728,11.7258963780414,11.8351681279887,6.55183089664682,0,13.1241841146509
18.4163099990062,19.8894418598111,20.1260065330388,20.1145159763821,20.3378799292809,19.4508883112502,14.5499860977175,15.3802628141047,15.675290948062,9.94163243412007,10.668555819062,11.0799732496822,11.0335291320978,10.4844703837037,10.563098636719,10.8307648423917,6.18751749523521,11.0310828781918,10.9182324576577,6.30746799556064,6.61564179877013,11.8430424205258,2.14507355674746,2.78491648425939,12.3763158713123,5.02531074907475,5.13458249902199,12.8470131001337,13.1241841146509,0
