1.19270128746554,1.17495822887849,0.644602131466918,0.479129708168631,0.0219545956953886,1.18828366483761,0.335627742137135,0.0261199367727518,0.0773487164400775,0.781881385617928,0.0877641207334769,0.985363730199601,0.864472103586741,0.712418865166981,0.649402078139839,0.826321981268016,0.674490224998026,1.06733234722112,0.980665227040846,0.653688518885029,0.064709897342083,1.03967228888603,0.712730862534168,0.537181924915438,1.15925007621109,0.329816087420647,1.11411872669268,1.15544841576987,0.0226614187217629,0.0250324311280683
1.17495822887849,1.92489439296728,0.960797712623304,0.742841033488069,0.0635908455259897,1.92041917524255,0.564647631909298,0.0747958030284539,0.164608531041217,1.03317446744806,0.186297426789263,1.39253626269921,1.18033057547176,0.929660491258131,0.828777210217138,1.11849876845744,0.870815976815119,1.55897711836821,1.39414030267373,0.844118046089534,0.0470626527828886,1.51261842155863,0.945389703760645,0.671115173732029,1.77860551651914,0.379328878927786,1.68160857820165,1.77883707928577,0.00815218591636047,0.0802731995366539
0.644602131466918,0.960797712623304,1.72014662916744,1.49199694485,0.524154913737438,1.06498592887181,1.31110925362067,0.577120092450669,0.749849105343055,0.2373162063328,0.804175725940646,0.46459413628788,0.317392248489255,0.178671553670662,0.133913361268599,0.278250135025108,0.1503971171781,0.599276099640367,0.461571771094111,0.134566419533118,0.107167521224611,0.55623975983026,0.176221472504865,0.0650833551611223,0.837316320367056,0.00133054949071409,0.723419461559968,0.84759761021015,0.227385551114796,0.643373518683269
0.479129708168631,0.742841033488069,1.49199694485,1.87065448950086,0.808218084355731,0.836842689534312,1.68909455769604,0.885505795441815,1.0830030231533,0.101518263553944,1.15284598775555,0.275896455345509,0.157973925592537,0.0618041488938403,0.0361032167400936,0.128580083026505,0.0448531237689562,0.391113726163199,0.271644347804318,0.0353079879680891,0.268853359203552,0.351611273147661,0.0580330967621232,0.00487602382896934,0.610921764796412,0.0251746989538777,0.500848123119574,0.620005343218181,0.460872371660103,0.986701548389501
0.0219545956953886,0.0635908455259897,0.524154913737438,0.808218084355731,2.6069562420776,0.0620482047228452,1.33361758121361,2.60578216312594,2.3203802868462,0.252809613863454,2.37624107577435,0.0763855665129185,0.184686100912979,0.351261774313192,0.421927967842743,0.228512299762798,0.401111049462801,0.0265867066404368,0.0876503079664324,0.449536061015388,1.79520434502329,0.0472890080094746,0.398254347317389,0.643762113595023,0.000469681853813686,1.09056354245903,0.00986889471313379,1.67056327846637e-05,2.2259514922165,2.60682283925725
1.18828366483761,1.92041917524255,1.06498592887181,0.836842689534312,0.0620482047228452,2.99729185628752,0.656829655012937,0.0755653560784748,0.179233871796233,1.50509021397529,0.207434462107505,2.06903258889071,1.74828920906699,1.36796549073608,1.21253339682724,1.66018575204233,1.28184016886313,2.35152135400722,2.09697555935574,1.25442199325611,0.0824933275304467,2.30016050635774,1.42543307099129,1.00524270953057,2.75052229220265,0.58396682442459,2.61208463886531,2.77459152190971,0.0217190368081184,0.0852036777930012
0.335627742137135,0.564647631909298,1.31110925362067,1.68909455769604,1.33361758121361,0.656829655012937,2.50187703892676,1.48481888418119,1.72312922204535,0.0162915463643647,1.84865149294275,0.129016478408808,0.0454760798609573,0.00218753745295786,0.000284929534368317,0.0284206526355244,3.15097399514741e-05,0.224044790289994,0.124252418299095,0.000558727746311938,0.613668479318018,0.188614082112397,0.000990089161961194,0.0244782839395663,0.429424846167358,0.16929056301712,0.321474298589695,0.438598406761828,0.954360732337789,1.69941307681639
0.0261199367727518,0.0747958030284539,0.577120092450669,0.885505795441815,2.60578216312594,0.0755653560784748,1.48481888418119,3.24043373275067,2.58804627073579,0.275257870110839,2.77607705917735,0.0798890969678836,0.200228834346737,0.387390033322916,0.466296492351679,0.249714237652591,0.443906216145925,0.0260667375256416,0.0926420207163412,0.50093271563683,2.05467429738677,0.0484666739200303,0.445413274994768,0.725470814244515,0.00132600663501314,1.25274339726059,0.00870589122028953,0.000332425485108701,2.67884807187147,3.23893771383024
0.0773487164400775,0.164608531041217,0.749849105343055,1.0830030231533,2.3203802868462,0.179233871796233,1.72312922204535,2.58804627073579,2.83145026055433,0.111280768776563,2.82727100269669,0.00942964141116676,0.0646875621709295,0.180422263131082,0.235849727652823,0.0921667730619542,0.218320498004983,0.00043601348441058,0.0129369286750678,0.254192885119217,1.51249549162546,0.000958743611751522,0.210990500744179,0.412941086829798,0.0450902607902486,0.81318456775875,0.00941671357367913,0.0410575045921684,2.03048495770075,2.72329411118349
0.781881385617928,1.03317446744806,0.2373162063328,0.101518263553944,0.252809613863454,1.50509021397529,0.0162915463643647,0.275257870110839,0.111280768776563,4.36773139569262,0.10811524718227,3.66861365307954,4.22825711551409,4.21501389633075,3.94660607225227,4.3408394125067,4.09351310588411,3.33212780950928,3.86866413749564,4.08542479420901,1.36071187357111,3.6605356622418,4.27808951415334,3.72134084536659,2.79232213099956,2.97393928862377,3.45410965721006,3.10811760121587,1.25446594326744,0.407879302386461
0.0877641207334769,0.186297426789263,0.804175725940646,1.15284598775555,2.37624107577435,0.207434462107505,1.84865149294275,2.77607705917735,2.82727100269669,0.10811524718227,3.25625060626699,0.00672954758443556,0.0606016868244694,0.180071393167501,0.237974745439206,0.0886322446486103,0.21980214446921,0.00169695303251505,0.00983352100980106,0.258010019968758,1.61033522090631,0.0001556719843121,0.213036136473745,0.427317784826773,0.058266161452285,0.861822789394415,0.0149938722686409,0.0543079286129693,2.23485575051061,3.08971108732773
0.985363730199601,1.39253626269921,0.46459413628788,0.275896455345509,0.0763855665129185,2.06903258889071,0.129016478408808,0.0798890969678836,0.00942964141116676,3.66861365307954,0.00672954758443556,4.61237072994953,4.1724033263187,3.54926789873041,3.24774425389735,4.0623945120518,3.41105593674736,4.26872981743829,4.60760322032799,3.43215011602957,0.868724442275574,4.54140298303887,3.79648676870546,3.03384687740316,3.70357008717429,2.27797639440867,4.34898781421012,4.04820230415178,0.733632897605137,0.127476406088008
0.864472103586741,1.18033057547176,0.317392248489255,0.157973925592537,0.184686100912979,1.74828920906699,0.0454760798609573,0.200228834346737,0.0646875621709295,4.22825711551409,0.0606016868244694,4.1724033263187,4.869156381339,4.20336939070479,3.86210596040497,4.75875354116404,4.05977549142102,3.83421767521343,4.47131165488575,4.10896263728849,1.22512932057464,4.25154175987656,4.4886559769702,3.69385530458838,3.26446715011396,2.88625644846186,4.05855529494439,3.67146821343145,1.11573512025297,0.306793775552566
0.712418865166981,0.929660491258131,0.178671553670662,0.0618041488938403,0.351261774313192,1.36796549073608,0.00218753745295786,0.387390033322916,0.180422263131082,4.21501389633075,0.180071393167501,3.54926789873041,4.20336939070479,4.78870288345727,4.41874125804618,4.43665614048533,4.64506119390737,3.20637988406987,3.80554677930262,4.65886322762083,1.63411915837057,3.58606200513494,4.78492924050646,4.27234639224286,2.6534888273331,3.468539696568,3.39447990270477,3.00967753218486,1.56562312043544,0.577199834384347
0.649402078139839,0.828777210217138,0.133913361268599,0.0361032167400936,0.421927967842743,1.21253339682724,0.000284929534368317,0.466296492351679,0.235849727652823,3.94660607225227,0.237974745439206,3.24774425389735,3.86210596040497,4.41874125804618,4.5649599118131,4.07556742465323,4.53968126302396,2.91125154388936,3.46937060915773,4.56410834484957,1.76917812020448,3.25352291836466,4.54002066730038,4.32550017748826,2.37741570140131,3.58539389752657,3.05313800180692,2.68987303690741,1.70858752259821,0.684500033918993
0.826321981268016,1.11849876845744,0.278250135025108,0.128580083026505,0.228512299762798,1.66018575204233,0.0284206526355244,0.249714237652591,0.0921667730619542,4.3408394125067,0.0886322446486103,4.0623945120518,4.75875354116404,4.43665614048533,4.07556742465323,5.04089742404855,4.29557782493075,3.72601698210298,4.38653236143903,4.37090577428093,1.35590327412131,4.1669180922109,4.76988127105157,3.9489028709689,3.15529783586329,3.11942658120201,3.98967196042925,3.5814731247333,1.26210169711384,0.381554346110309
0.674490224998026,0.870815976815119,0.1503971171781,0.0448531237689562,0.401111049462801,1.28184016886313,3.15097399514741e-05,0.443906216145925,0.218320498004983,4.09351310588411,0.21980214446921,3.41105593674736,4.05977549142102,4.64506119390737,4.53968126302396,4.29557782493075,4.81037582045156,3.06910798811113,3.66198196130215,4.78212538469359,1.74832997023232,3.44260922715134,4.80171103486696,4.43308496121703,2.52066742362467,3.63323497724797,3.25093021349635,2.86720618839064,1.69443155513529,0.659227042799594
1.06733234722112,1.55897711836821,0.599276099640367,0.391113726163199,0.0265867066404368,2.35152135400722,0.224044790289994,0.0260667375256416,0.00043601348441058,3.33212780950928,0.00169695303251505,4.26872981743829,3.83421767521343,3.20637988406987,2.91125154388936,3.72601698210298,3.06910798811113,4.77498312842553,4.44424583405503,3.08850988235329,0.661895034746418,4.72236090083941,3.46906870370027,2.69182806325682,4.2027708483904,1.95113787042718,4.72927492550234,4.52060416254014,0.522155530354399,0.0462612564108884
0.980665227040846,1.39414030267373,0.461571771094111,0.271644347804318,0.0876503079664324,2.09697555935574,0.124252418299095,0.0926420207163412,0.0129369286750678,3.86866413749564,0.00983352100980106,4.60760322032799,4.47131165488575,3.80554677930262,3.46937060915773,4.38653236143903,3.66198196130215,4.44424583405503,5.18666118000961,3.71734863818781,0.944629133528649,4.96630805994903,4.17270655814267,3.29806673827218,3.88986256885401,2.49060869123886,4.76992463484996,4.38158501967366,0.816605305062013,0.14968487935198
0.653688518885029,0.844118046089534,0.134566419533118,0.0353079879680891,0.449536061015388,1.25442199325611,0.000558727746311938,0.50093271563683,0.254192885119217,4.08542479420901,0.258010019968758,3.43215011602957,4.10896263728849,4.65886322762083,4.56410834484957,4.37090577428093,4.78212538469359,3.08850988235329,3.71734863818781,5.23505492648865,1.89265236496994,3.4972861414682,5.1719790758232,4.81010783930349,2.52984260664996,3.95228997307308,3.32350085353402,2.91293195263653,1.87561071681698,0.753547842890744
0.064709897342083,0.0470626527828886,0.107167521224611,0.268853359203552,1.79520434502329,0.0824933275304467,0.613668479318018,2.05467429738677,1.51249549162546,1.36071187357111,1.61033522090631,0.868724442275574,1.22512932057464,1.63411915837057,1.76917812020448,1.35590327412131,1.74832997023232,0.661895034746418,0.944629133528649,1.89265236496994,4.07179954582236,0.797756704535534,1.83820915304069,2.31670069443884,0.38043610053048,3.16279286265607,0.624809404013161,0.450368228556026,3.93197906291571,2.80556050302605
1.03967228888603,1.51261842155863,0.55623975983026,0.351611273147661,0.0472890080094746,2.30016050635774,0.188614082112397,0.0484666739200303,0.000958743611751522,3.6605356622418,0.0001556719843121,4.54140298303887,4.25154175987656,3.58606200513494,3.25352291836466,4.1669180922109,3.44260922715134,4.72236090083941,4.96630805994903,3.4972861414682,0.797756704535534,5.44908209859425,3.97107977424585,3.07771362416905,4.28615581846421,2.27400003392367,5.24082913006113,4.86260560398667,0.6628345640122,0.0830043094025692
0.712730862534168,0.945389703760645,0.176221472504865,0.0580330967621232,0.398254347317389,1.42543307099129,0.000990089161961194,0.445413274994768,0.210990500744179,4.27808951415334,0.213036136473745,3.79648676870546,4.4886559769702,4.78492924050646,4.54002066730038,4.76988127105157,4.80171103486696,3.46906870370027,4.17270655814267,5.1719790758232,1.83820915304069,3.97107977424585,6.049590292091,4.90916434898352,2.89691461575388,4.04282158737828,3.86565132693546,3.39580899924101,1.84202950418576,0.690473043298485
0.537181924915438,0.671115173732029,0.0650833551611223,0.00487602382896934,0.643762113595023,1.00524270953057,0.0244782839395663,0.725470814244515,0.412941086829798,3.72134084536659,0.427317784826773,3.03384687740316,3.69385530458838,4.27234639224286,4.32550017748826,3.9489028709689,4.43308496121703,2.69182806325682,3.29806673827218,4.81010783930349,2.31670069443884,3.07771362416905,4.90916434898352,5.50242857625975,2.14593570371242,4.62616053416087,2.89914940830724,2.49628146834817,2.39064329752637,1.09303747667495
1.15925007621109,1.77860551651914,0.837316320367056,0.610921764796412,0.000469681853813686,2.75052229220265,0.429424846167358,0.00132600663501314,0.0450902607902486,2.79232213099956,0.058266161452285,3.70357008717429,3.26446715011396,2.6534888273331,2.37741570140131,3.15529783586329,2.52066742362467,4.2027708483904,3.88986256885401,2.52984260664996,0.38043610053048,4.28615581846421,2.89691461575388,2.14593570371242,5.04895898403281,1.45008162979595,4.90053638907254,5.04491798195401,0.249337131623635,0.000341750104686511
0.329816087420647,0.379328878927786,0.00133054949071409,0.0251746989538777,1.09056354245903,0.58396682442459,0.16929056301712,1.25274339726059,0.81318456775875,2.97393928862377,0.861822789394415,2.27797639440867,2.88625644846186,3.468539696568,3.58539389752657,3.11942658120201,3.63323497724797,1.95113787042718,2.49060869123886,3.95228997307308,3.16279286265607,2.27400003392367,4.04282158737828,4.62616053416087,1.45008162979595,6.00042136976066,2.07565549023688,1.71472108048531,3.52581913102364,1.91338902073466
1.11411872669268,1.68160857820165,0.723419461559968,0.500848123119574,0.00986889471313379,2.61208463886531,0.321474298589695,0.00870589122028953,0.00941671357367913,3.45410965721006,0.0149938722686409,4.34898781421012,4.05855529494439,3.39447990270477,3.05313800180692,3.98967196042925,3.25093021349635,4.72927492550234,4.76992463484996,3.32350085353402,0.624809404013161,5.24082913006113,3.86565132693546,2.89914940830724,4.90053638907254,2.07565549023688,6.7049559563914,6.11732380190522,0.485991821712003,0.0195567653089048
1.15544841576987,1.77883707928577,0.84759761021015,0.620005343218181,1.67056327846637e-05,2.77459152190971,0.438598406761828,0.000332425485108701,0.0410575045921684,3.10811760121587,0.0543079286129693,4.04820230415178,3.67146821343145,3.00967753218486,2.68987303690741,3.5814731247333,2.86720618839064,4.52060416254014,4.38158501967366,2.91293195263653,0.450368228556026,4.86260560398667,3.39580899924101,2.49628146834817,5.04491798195401,1.71472108048531,6.11732380190522,6.5423391354786,0.312393759486233,1.90644533901718e-05
0.0226614187217629,0.00815218591636047,0.227385551114796,0.460872371660103,2.2259514922165,0.0217190368081184,0.954360732337789,2.67884807187147,2.03048495770075,1.25446594326744,2.23485575051061,0.733632897605137,1.11573512025297,1.56562312043544,1.70858752259821,1.26210169711384,1.69443155513529,0.522155530354399,0.816605305062013,1.87561071681698,3.93197906291571,0.6628345640122,1.84202950418576,2.39064329752637,0.249337131623635,3.52581913102364,0.485991821712003,0.312393759486233,6.44412175988767,4.39142026696351
0.0250324311280683,0.0802731995366539,0.643373518683269,0.986701548389501,2.60682283925725,0.0852036777930012,1.69941307681639,3.23893771383024,2.72329411118349,0.407879302386461,3.08971108732773,0.127476406088008,0.306793775552566,0.577199834384347,0.684500033918993,0.381554346110309,0.659227042799594,0.0462612564108884,0.14968487935198,0.753547842890744,2.80556050302605,0.0830043094025692,0.690473043298485,1.09303747667495,0.000341750104686511,1.91338902073466,0.0195567653089048,1.90644533901718e-05,4.39142026696351,6.18817275893008
