0.166031565041439,0.148512343301042,0.154764235637558,0.136184428909234,0.154574161368207,0.0625184149748634,0.0544369186900964,0.0974422839587383,0.115096397838213,0.145046485660299,0.0819682340825365,0.148062484811434,0.12649397933677,0.0840678765566483,0.0229011853622412,0.030210650714622,0.000104879277846859,9.38872703524218e-05,5.84954703288787e-05,0.0172923912616429,0.000922200600911527,0.0036135077810342,0.0370055338515263,0.00912908674116997,0.00859123270461604,0.0231540796609493,0.0168345271673669,0.0216508660676049,0.010322526071894,0.0089682454140898
0.148512343301042,0.188211294800602,0.186268241521586,0.173504654126111,0.155981060375991,0.0450252941721017,0.0372070654308674,0.136974545489445,0.102506659746935,0.141577456107343,0.120455668961241,0.182098606508564,0.165007155405895,0.0673199784339222,0.0475189986484481,0.0577707701516956,0.00278153662795821,0.00284485244463228,0.00308205830337505,0.0395586999655007,0.00912615041919596,0.0159732338128173,0.0670365901582715,0.0264734981981123,0.00126259094692571,0.0101887037042721,0.00578694714096395,0.00908719335893293,0.00204224115594087,0.00141839107219965
0.154764235637558,0.186268241521586,0.974140248650551,0.890294031636716,0.586191910408469,0.125289207906714,0.0978328125257273,0.714258801704312,0.359155192246821,0.534460535113932,0.637368263988251,0.962353965829737,0.8883090579559,0.230973493363791,0.278456784404109,0.33474312841804,0.0374113165317449,0.0379677785229244,0.0399015937585085,0.257332517504744,0.0823555858189611,0.124967659113022,0.400540639297567,0.186929957227695,5.02884888038402e-05,0.0172443240447113,0.00624318273792701,0.0143454332310093,0.000178623515019627,7.21398559422326e-06
0.136184428909234,0.173504654126111,0.890294031636716,1.35417804357861,0.514754313682561,0.0579553968140158,0.0376409290112076,1.15697346828156,0.276655178124514,0.464567658758138,1.06326027728757,1.32502826455481,1.33791144245244,0.147770785461432,0.562726732491747,0.652219173481848,0.155694198093665,0.157188950513336,0.161959232225769,0.552828018034091,0.252941413241386,0.333267576276688,0.764832824330626,0.44176819193192,0.0340736596664568,0.0005849716965316,0.00739448065404824,0.00147228864194737,0.0262623618677509,0.0326800237855887
0.154574161368207,0.155981060375991,0.586191910408469,0.514754313682561,1.32525846026535,0.643439107909879,0.578381615992639,0.32655458956277,1.06386266231223,1.27351466157641,0.251285041950689,0.733949267985069,0.584047185326158,0.8988481530159,0.0183125280483822,0.0383855147917358,0.0777876511546332,0.0772248070402544,0.0747562025261019,0.00754634225729767,0.0326367414708906,0.0108440398314067,0.0652513114115645,0.000112478368207825,0.231861250138863,0.382308786705947,0.325099594050749,0.371236887851035,0.254888640409933,0.239200292859683
0.0625184149748634,0.0450252941721017,0.125289207906714,0.0579553968140158,0.643439107909879,2.1202504307315,2.00102261491355,2.69775588535026e-08,1.45082781209923,0.897568225182353,0.0106277471935519,0.134087504578022,0.0423092013997213,2.05089563440663,0.314392405545694,0.252813912100728,1.10480237125573,1.10496542666637,1.09959528396951,0.470079632267323,0.939595038023307,0.800810785941925,0.23222558897035,0.642661182284661,1.53464436255708,1.80666584627828,1.71870650591561,1.79340061258009,1.58919453810135,1.55880978217639
0.0544369186900964,0.0372070654308674,0.0978328125257273,0.0376409290112076,0.578381615992639,2.00102261491355,2.09967595952764,0.00282005484035652,1.34155236509451,0.814582831210228,0.0249256036340215,0.0979934803704476,0.0215099249333082,1.96849721664984,0.377808013115801,0.311641620616066,1.20338688907692,1.20356178605236,1.19819310981914,0.551054269396797,1.03715842823362,0.895855038932583,0.292999676072496,0.732954843306802,1.62549050891807,1.880397945144,1.79849935533299,1.86727931197148,1.67684197065516,1.64777035465994
0.0974422839587383,0.136974545489445,0.714258801704312,1.15697346828156,0.32655458956277,2.69775588535026e-08,0.00282005484035652,2.19540329629189,0.111421763906321,0.274933564097888,2.08431483687712,1.41243925536711,2.02229216922257,0.0211203504441553,1.32917901311558,1.49668822832592,0.612681706371347,0.617293408780929,0.630205790236074,1.39820095527102,0.841403498766799,1.00612431572441,1.72617772877013,1.2144262665924,0.290919304911525,0.118149172423879,0.178465305665148,0.132099584157966,0.265401235782016,0.289895194077773
0.115096397838213,0.102506659746935,0.359155192246821,0.276655178124514,1.06386266231223,1.45082781209923,1.34155236509451,0.111421763906321,2.1271064720467,1.43007476039116,0.0592100929423314,0.473571488602313,0.322696996514408,1.95559966149156,0.0411632324600593,0.0187812646780543,0.499844264776118,0.49939021918007,0.494263606992653,0.087583150606581,0.368946543790004,0.272571122298519,0.00773418276820603,0.173511098663751,0.867384915430367,1.14592446553726,1.05239281203895,1.13300074236522,0.919900157690717,0.890010185103636
0.145046485660299,0.141577456107343,0.534460535113932,0.464567658758138,1.27351466157641,0.897568225182353,0.814582831210228,0.274933564097888,1.43007476039116,1.67878789460214,0.19983515154379,0.710964016891685,0.554838619685055,1.25894816689752,0.00200235120070769,0.012042970592939,0.169491337475287,0.168793414328382,0.165181550410635,0.000259904832780045,0.0952805920677582,0.0510969529094889,0.0293311550231761,0.0155133239458483,0.396388170382071,0.597246592718814,0.524117727649083,0.584476361147717,0.429580010842237,0.408330331876189
0.0819682340825365,0.120455668961241,0.637368263988251,1.06326027728757,0.251285041950689,0.0106277471935519,0.0249256036340215,2.08431483687712,0.0592100929423314,0.19983515154379,2.54713262803548,1.30442801982517,2.06643592277557,0.00113139630056702,1.70309411585601,1.90761503486969,0.881135564051994,0.887547047717364,0.904749143920384,1.82684775870845,1.17204776916583,1.37226056676506,2.18534229633034,1.61996179630019,0.470499972076785,0.228803378895707,0.317483452064384,0.250443203432976,0.437975731979091,0.471507480020562
0.148062484811434,0.182098606508564,0.962353965829737,1.32502826455481,0.733949267985069,0.134087504578022,0.0979934803704476,1.41243925536711,0.473571488602313,0.710964016891685,1.30442801982517,2.1442488101574,1.98610909264876,0.307977030325705,0.621850060500953,0.747837862611188,0.130226327112346,0.13193618995329,0.137350830904196,0.641246933012437,0.245480478429914,0.346997219602863,0.943366458252236,0.491890415808216,0.0118308276876431,0.00624115388273205,6.24572285690128e-05,0.00400155690695714,0.00666678684826838,0.0107698495207003
0.12649397933677,0.165007155405895,0.8883090579559,1.33791144245244,0.584047185326158,0.0423092013997213,0.0215099249333082,2.02229216922257,0.322696996514408,0.554838619685055,2.06643592277557,1.98610909264876,3.40826504331099,0.164113389490312,1.22315418818518,1.44486538777441,0.4405472955993,0.44538400974531,0.458945489721676,1.40742871920976,0.69430029256405,0.893181869413178,1.88563502632581,1.16638334448763,0.139013001507799,0.0221429799323887,0.0559369327559773,0.0288024673140312,0.118076452837575,0.137366418503889
0.0840678765566483,0.0673199784339222,0.230973493363791,0.147770785461432,0.8988481530159,2.05089563440663,1.96849721664984,0.0211203504441553,1.95559966149156,1.25894816689752,0.00113139630056702,0.307977030325705,0.164113389490312,3.80489520029676,0.247181478789474,0.183658554591987,1.27147238053277,1.27412373367003,1.27052192305271,0.438385306032069,1.06541258078098,0.875323661771806,0.163533931874752,0.665389994224728,1.931172268589,2.34284136803199,2.24182359099981,2.3523889081176,2.03869028304467,1.9955255424005
0.0229011853622412,0.0475189986484481,0.278456784404109,0.562726732491747,0.0183125280483822,0.314392405545694,0.377808013115801,1.32917901311558,0.0411632324600593,0.00200235120070769,1.70309411585601,0.621850060500953,1.22315418818518,0.247181478789474,3.21845765252391,3.11515729183041,2.2463383169098,2.25865404214808,2.2885976130772,3.19710537158916,2.66734115471246,2.88744824465502,3.13134939548634,3.08849512205943,1.57423603796137,1.06157360212068,1.27584521416522,1.12250944344575,1.52440300395875,1.59181248669496
0.030210650714622,0.0577707701516956,0.33474312841804,0.652219173481848,0.0383855147917358,0.252813912100728,0.311641620616066,1.49668822832592,0.0187812646780543,0.012042970592939,1.90761503486969,0.747837862611188,1.44486538777441,0.183658554591987,3.11515729183041,3.51432543619515,2.18007646391973,2.19425465925909,2.22828632419072,3.40756212877127,2.66970642056744,2.94425448699702,3.49222952924199,3.22657352580129,1.47553973908987,0.959373755157543,1.1727311076936,1.01952690182215,1.42513557112361,1.49462729964059
0.000104879277846859,0.00278153662795821,0.0374113165317449,0.155694198093665,0.0777876511546332,1.10480237125573,1.20338688907692,0.612681706371347,0.499844264776118,0.169491337475287,0.881135564051994,0.130226327112346,0.4405472955993,1.27147238053277,2.2463383169098,2.18007646391973,4.86136555350108,4.86065697484656,4.8557735646121,3.48955280373274,4.64315757327419,4.3852190241651,2.58258086495287,4.05308428236049,3.79579458326495,2.8159419422172,3.28217461904398,2.9725750597661,3.75656817058203,3.89091198662336
9.38872703524218e-05,0.00284485244463228,0.0379677785229244,0.157188950513336,0.0772248070402544,1.10496542666637,1.20356178605236,0.617293408780929,0.49939021918007,0.168793414328382,0.887547047717364,0.13193618995329,0.44538400974531,1.27412373367003,2.25865404214808,2.19425465925909,4.86065697484656,4.92519292142364,4.9198154814192,3.52645423215168,4.70064625376015,4.43743644937463,2.60775183115913,4.10079872986898,3.81186877431377,2.82397931367888,3.29474687925683,2.98238314973458,3.77437714130629,3.91108510825778
5.84954703288787e-05,0.00308205830337505,0.0399015937585085,0.161959232225769,0.0747562025261019,1.09959528396951,1.19819310981914,0.630205790236074,0.494263606992653,0.165181550410635,0.904749143920384,0.137350830904196,0.458945489721676,1.27052192305271,2.2885976130772,2.22828632419072,4.8557735646121,4.9198154814192,5.03995601225565,3.60509839231545,4.81346920771516,4.54233146726281,2.66440689646816,4.19856812985152,3.82609124174301,2.82686412300009,3.30406003731131,2.98773258563386,3.79151671201532,3.93193794377718
0.0172923912616429,0.0395586999655007,0.257332517504744,0.552828018034091,0.00754634225729767,0.470079632267323,0.551054269396797,1.39820095527102,0.087583150606581,0.000259904832780045,1.82684775870845,0.641246933012437,1.40742871920976,0.438385306032069,3.19710537158916,3.40756212877127,3.48955280373274,3.52645423215168,3.60509839231545,6.18367044114319,4.54402514723916,5.13165838360185,4.84166472874738,5.8356784214974,2.46038880257891,1.63521938606202,1.99970295708895,1.747563717303,2.41140124131997,2.53182943639801
0.000922200600911527,0.00912615041919596,0.0823555858189611,0.252941413241386,0.0326367414708906,0.939595038023307,1.03715842823362,0.841403498766799,0.368946543790004,0.0952805920677582,1.17204776916583,0.245480478429914,0.69430029256405,1.06541258078098,2.66734115471246,2.66970642056744,4.64315757327419,4.70064625376015,4.81346920771516,4.54402514723916,6.00891652964149,5.69505090473951,3.39515749266286,5.31358208906639,3.61648579591022,2.60037807187348,3.08505726313294,2.76263580104552,3.59137850876415,3.74292044845659
0.0036135077810342,0.0159732338128173,0.124967659113022,0.333267576276688,0.0108440398314067,0.800810785941925,0.895855038932583,1.00612431572441,0.272571122298519,0.0510969529094889,1.37226056676506,0.346997219602863,0.893181869413178,0.875323661771806,2.88744824465502,2.94425448699702,4.3852190241651,4.43743644937463,4.54233146726281,5.13165838360185,5.69505090473951,6.36752370613641,3.88302405272402,5.98420868577276,3.32949544330709,2.34590836579936,2.80709016317023,2.49746955217445,3.2983986251281,3.44518028849696
0.0370055338515263,0.0670365901582715,0.400540639297567,0.764832824330626,0.0652513114115645,0.23222558897035,0.292999676072496,1.72617772877013,0.00773418276820603,0.0293311550231761,2.18534229633034,0.943366458252236,1.88563502632581,0.163533931874752,3.13134939548634,3.49222952924199,2.58258086495287,2.60775183115913,2.66440689646816,4.84166472874738,3.39515749266286,3.88302405272402,5.53098112565079,4.49423571060002,1.68747119968629,1.0428416838153,1.31191500222379,1.12047723357399,1.6336316504745,1.72619400753529
0.00912908674116997,0.0264734981981123,0.186929957227695,0.44176819193192,0.000112478368207825,0.642661182284661,0.732954843306802,1.2144262665924,0.173511098663751,0.0155133239458483,1.61996179630019,0.491890415808216,1.16638334448763,0.665389994224728,3.08849512205943,3.22657352580129,4.05308428236049,4.10079872986898,4.19856812985152,5.8356784214974,5.31358208906639,5.98420868577276,4.49423571060002,6.89898698410649,2.98765241822872,2.04658581107186,2.47888707803317,2.18552671197036,2.95047275940279,3.09111328179823
0.00859123270461604,0.00126259094692571,5.02884888038402e-05,0.0340736596664568,0.231861250138863,1.53464436255708,1.62549050891807,0.290919304911525,0.867384915430367,0.396388170382071,0.470499972076785,0.0118308276876431,0.139013001507799,1.931172268589,1.57423603796137,1.47553973908987,3.79579458326495,3.81186877431377,3.82609124174301,2.46038880257891,3.61648579591022,3.32949544330709,1.68747119968629,2.98765241822872,4.71043099818438,3.61223256136476,4.16871319732418,3.81383367295205,4.65658084015552,4.70853283993956
0.0231540796609493,0.0101887037042721,0.0172443240447113,0.0005849716965316,0.382308786705947,1.80666584627828,1.880397945144,0.118149172423879,1.14592446553726,0.597246592718814,0.228803378895707,0.00624115388273205,0.0221429799323887,2.34284136803199,1.06157360212068,0.959373755157543,2.8159419422172,2.82397931367888,2.82686412300009,1.63521938606202,2.60037807187348,2.34590836579936,1.0428416838153,2.04658581107186,3.61223256136476,4.0320215844311,3.92327347945479,4.01875406413319,3.72786998610681,3.6846490063346
0.0168345271673669,0.00578694714096395,0.00624318273792701,0.00739448065404824,0.325099594050749,1.71870650591561,1.79849935533299,0.178465305665148,1.05239281203895,0.524117727649083,0.317483452064384,6.24572285690128e-05,0.0559369327559773,2.24182359099981,1.27584521416522,1.1727311076936,3.28217461904398,3.29474687925683,3.30406003731131,1.99970295708895,3.08505726313294,2.80709016317023,1.31191500222379,2.47888707803317,4.16871319732418,3.92327347945479,4.53229371045111,4.15600897679403,4.31884723020426,4.275293818292
0.0216508660676049,0.00908719335893293,0.0143454332310093,0.00147228864194737,0.371236887851035,1.79340061258009,1.86727931197148,0.132099584157966,1.13300074236522,0.584476361147717,0.250443203432976,0.00400155690695714,0.0288024673140312,2.3523889081176,1.12250944344575,1.01952690182215,2.9725750597661,2.98238314973458,2.98773258563386,1.747563717303,2.76263580104552,2.49746955217445,1.12047723357399,2.18552671197036,3.81383367295205,4.01875406413319,4.15600897679403,4.26662494010818,3.94666658814793,3.90275055381761
0.010322526071894,0.00204224115594087,0.000178623515019627,0.0262623618677509,0.254888640409933,1.58919453810135,1.67684197065516,0.265401235782016,0.919900157690717,0.429580010842237,0.437975731979091,0.00666678684826838,0.118076452837575,2.03869028304467,1.52440300395875,1.42513557112361,3.75656817058203,3.77437714130629,3.79151671201532,2.41140124131997,3.59137850876415,3.2983986251281,1.6336316504745,2.95047275940279,4.65658084015552,3.72786998610681,4.31884723020426,3.94666658814793,4.87685598228722,4.83293986300256
0.0089682454140898,0.00141839107219965,7.21398559422326e-06,0.0326800237855887,0.239200292859683,1.55880978217639,1.64777035465994,0.289895194077773,0.890010185103636,0.408330331876189,0.471507480020562,0.0107698495207003,0.137366418503889,1.9955255424005,1.59181248669496,1.49462729964059,3.89091198662336,3.91108510825778,3.93193794377718,2.53182943639801,3.74292044845659,3.44518028849696,1.72619400753529,3.09111328179823,4.70853283993956,3.6846490063346,4.275293818292,3.90275055381761,4.83293986300256,5.00930378879833
