0,0.0572181732399571,0.830643342416874,1.24784075080158,1.18214170257037,2.16124516582321,2.15683368718889,2.16655029341586,2.06294524141171,1.55472648832298,2.54922772491185,2.01415540557597,3.32130864967889,3.80279101222491,3.33868684684086,3.61993569980735,5.02718735998683,5.09103671192438,5.20587058635643,6.31511722366135,6.17310369348111,6.52632825561578,5.62300162298918,7.04676037566559,4.85928009781658,4.15174499015064,4.66465622115781,4.38935477301441,5.02224249518487,5.15739886301159
0.0572181732399571,0,0.789815060407981,1.19538003012699,1.20150763431397,2.2184111371879,2.21347312346651,2.10966550011361,2.11030444735343,1.58384427718805,2.4944325849136,1.96826289194087,3.2664620272998,3.85846653822952,3.31163095002761,3.58699519069236,5.04401377504577,5.10771451133498,5.2220031904495,6.29276433601279,6.1788755236037,6.52378853331138,5.58511924013485,7.03425128251086,4.89611711109113,4.19985547182316,4.70893111096978,4.43666184819091,5.06098279477594,5.19467830145453
0.830643342416874,0.789815060407981,0,0.54773022895573,1.12701488809896,2.84381226356862,2.87815058312674,1.74102594153382,2.38293633620361,1.58400707302482,2.24653634870953,1.19368112714848,2.60578717604974,4.31708846221973,3.63568433236624,3.81897942800962,5.76068316908814,5.82339761302835,5.93429307338919,6.64314565478425,6.81834560665412,7.09172863656092,5.70404009570621,7.49926731830165,5.68447066985732,4.97167318499223,5.4939475936258,5.21207432229671,5.85063898390773,5.98342960947769
1.24784075080158,1.19538003012699,0.54773022895573,0,1.64992787647884,3.35851768068208,3.37857214508384,1.23563440330738,2.92797415937628,2.10383062066447,1.77479011703896,0.848370324626388,2.08662020198472,4.86353167295251,3.44718223111902,3.56406513281006,5.90415520089236,5.96499306397558,6.07021559138273,6.43219244865362,6.85721174673733,7.05516659716165,5.35549352056815,7.36962864382126,5.99646172243007,5.38502968461665,5.87168279272162,5.61785840640289,6.17850930213033,6.29812178480576
1.18214170257037,1.20150763431397,1.12701488809896,1.64992787647884,0,2.15863067517709,2.26817118780772,2.8675525774317,1.32463960768759,0.457017031714663,3.36982100439945,2.00160873445261,3.56542913292402,3.33245735453031,4.50709105669249,4.76281286687703,6.03104871145716,6.09600176760848,6.2157020674688,7.49383621689395,7.26890150696506,7.67109408673895,6.72573696309301,8.22402048763542,5.571966958172,4.59266247128456,5.20735298261496,4.84940962467145,5.6923371617327,5.85616166334431
2.16124516582321,2.2184111371879,2.84381226356862,3.35851768068208,2.15863067517709,0,0.217881160432039,4.31565367306827,1.34570127857974,2.00390187496893,4.64612756437988,3.99632423173285,5.44389707124304,1.823354362215,4.70992327216401,5.12894804272519,4.77201124172111,4.8355124988224,4.96101587504812,7.36376160734005,6.24997688432637,6.88615256498406,7.18678037844159,7.73391505026866,3.76139270380171,2.53894032260605,3.21513112935139,2.80007414567949,3.81871733681601,4.01193465517703
2.15683368718889,2.21347312346651,2.87815058312674,3.37857214508384,2.26817118780772,0.217881160432039,0,4.28943914613883,1.54367770138532,2.14929819170932,4.59695738029509,4.04793780894415,5.46492115297201,1.96757672652474,4.56251758581995,4.99071815449066,4.55426773487489,4.61774530884657,4.74324575214501,7.18123786187724,6.0342756327019,6.67548958779889,7.04465773303345,7.53275325702053,3.55912593987587,2.37090165367074,3.03497095931277,2.63174227569287,3.62284800050455,3.81343903900609
2.16655029341586,2.10966550011361,1.74102594153382,1.23563440330738,2.8675525774317,4.31565367306827,4.28943914613883,0,4.09966624052595,3.32432406269825,0.573906250573143,1.51477359571507,1.55908400115774,5.95805779570035,2.75550292258464,2.71635227583521,5.83140543705028,5.88600940015368,5.9749477280754,5.58267182689304,6.52151282839979,6.5506783709795,4.27402896440242,6.66553774721358,6.32399568465322,5.99112653587524,6.3707663954127,6.19782906808414,6.54145680701508,6.62491669693467
2.06294524141171,2.11030444735343,2.38293633620361,2.92797415937628,1.32463960768759,1.34570127857974,1.54367770138532,4.09966624052595,0,0.945744845866522,4.55581891419752,3.32421230499947,4.88997752232887,2.02080234936034,5.26323765965049,5.60386937888574,5.98878349599554,6.0535189551102,6.17853527031705,8.13561061197673,7.39812991410818,7.94948793358607,7.64261923216108,8.67907125882568,5.10276763937034,3.86727912540329,4.5546145584199,4.12772992742444,5.16416213895248,5.35638989063775
1.55472648832298,1.58384427718805,1.58400707302482,2.10383062066447,0.457017031714663,2.00390187496893,2.14929819170932,3.32432406269825,0.945744845866522,0,3.82625021955004,2.40110867097617,3.97737569854301,2.96578676110386,4.89324084472463,5.16902738961141,6.20117077315264,6.26639398736902,6.38838080603652,7.86193852607977,7.49714324010811,7.94411769491957,7.15110671020658,8.54674823081693,5.59644255202237,4.51631629359561,5.16284614975508,4.77646011241488,5.69648385520488,5.87143101964808
2.54922772491185,2.4944325849136,2.24653634870953,1.77479011703896,3.36982100439945,4.64612756437988,4.59695738029509,0.573906250573143,4.55581891419752,3.82625021955004,0,2.08252539854254,1.82252582579533,6.34976503573111,2.35940204884737,2.24622799449125,5.64622705343258,5.6972314540244,5.77759035245037,5.07710755176179,6.21195361934531,6.17013520064177,3.7074291610256,6.2061960195416,6.31656368206629,6.12154745467517,6.44445943435782,6.31287116127771,6.54803714636452,6.61342145679269
2.01415540557597,1.96826289194087,1.19368112714848,0.848370324626388,2.00160873445261,3.99632423173285,4.04793780894415,1.51477359571507,3.32421230499947,2.40110867097617,2.08252539854254,0,1.58029566817086,5.33318994980275,4.1190063416794,4.16289852113017,6.74516170943379,6.80556935167446,6.90950316060466,7.04542538527572,7.66220438293906,7.81777807708809,5.78849701930372,8.05945496264745,6.83101815296649,6.16378808682304,6.67641760615137,6.40287063645166,7.00777121874808,7.13201289991432
3.32130864967889,3.2664620272998,2.60578717604974,2.08662020198472,3.56542913292402,5.44389707124304,5.46492115297201,1.55908400115774,4.88997752232887,3.97737569854301,1.82252582579533,1.58029566817086,0,6.88493346462712,4.18041431946453,4.03285970395732,7.38853600561346,7.44268994524401,7.53033007612329,6.77707804603466,8.02858098782438,7.98942501062104,5.16797611631016,7.97448533844221,7.84067003847976,7.39600066787731,7.82868488825014,7.6172850487911,8.04896811992305,8.14283599510153
3.80279101222491,3.85846653822952,4.31708846221973,4.86353167295251,3.33245735453031,1.823354362215,1.96757672652474,5.95805779570035,2.02080234936034,2.96578676110386,6.34976503573111,5.33318994980275,6.88493346462712,0,6.52898989524172,6.95190352730794,6.12331599273231,6.18184065438036,6.30380736644701,9.11179502937582,7.6829865683763,8.42177158288956,9.00880846219805,9.37310219595379,4.65298166130314,3.1512340486639,3.85354172874826,3.36674232416974,4.60437061649465,4.82314790429409
3.33868684684086,3.31163095002761,3.63568433236624,3.44718223111902,4.50709105669249,4.70992327216401,4.56251758581995,2.75550292258464,5.26323765965049,4.89324084472463,2.35940204884737,4.1190063416794,4.18041431946453,6.52898989524172,0,0.502468505058242,3.58714657220539,3.62634248965138,3.68121843862515,3.00791735048878,3.89269187274048,3.81108486935027,2.48673998720201,3.94045439251154,4.78041657478554,5.12733203271365,5.19906093464457,5.24006370574059,5.04650762689362,5.04413646793231
3.61993569980735,3.58699519069236,3.81897942800962,3.56406513281006,4.76281286687703,5.12894804272519,4.99071815449066,2.71635227583521,5.60386937888574,5.16902738961141,2.24622799449125,4.16289852113017,4.03285970395732,6.95190352730794,0.502468505058242,0,4.01553806185677,4.05100903910061,4.09770880006937,2.88287161979581,4.18382912470177,3.99334016833753,2.06084750336197,3.96016536869906,5.27367695619979,5.62759951031117,5.70115693125905,5.74189657265903,5.54091027623515,5.5343746257123
5.02718735998683,5.04401377504577,5.76068316908814,5.90415520089236,6.03104871145716,4.77201124172111,4.55426773487489,5.83140543705028,5.98878349599554,6.20117077315264,5.64622705343258,6.74516170943379,7.38853600561346,6.12331599273231,3.58714657220539,4.01553806185677,0,0.0652445252315958,0.18977443653253,4.06593038717879,1.58396693659419,2.4584512113073,5.22718494924614,3.65418397288658,1.98020738515555,3.26150325349778,2.82931002586423,3.18284037407706,2.22508519462425,2.08884536905268
5.09103671192438,5.10771451133498,5.82339761302835,5.96499306397558,6.09600176760848,4.8355124988224,4.61774530884657,5.88600940015368,6.0535189551102,6.26639398736902,5.6972314540244,6.80556935167446,7.44268994524401,6.18184065438036,3.62634248965138,4.05100903910061,0.0652445252315958,0,0.125517970840889,4.05595489826348,1.53281694354483,2.4178437288108,5.24067038475618,3.62258244579216,2.01188637098048,3.30925587849699,2.86799287336109,3.22705156206265,2.25329462109828,2.1123264937064
5.20587058635643,5.2220031904495,5.93429307338919,6.07021559138273,6.2157020674688,4.96101587504812,4.74324575214501,5.9749477280754,6.17853527031705,6.38838080603652,5.77759035245037,6.90950316060466,7.53033007612329,6.30380736644701,3.68121843862515,4.09770880006937,0.18977443653253,0.125517970840889,0,4.01342966876794,1.42193412646682,2.32281678386645,5.24212334497012,3.5418067366591,2.098204526954,3.41824935068657,2.96412964808414,3.33111578109611,2.33377857051224,2.18538391349961
6.31511722366135,6.29276433601279,6.64314565478425,6.43219244865362,7.49383621689395,7.36376160734005,7.18123786187724,5.58267182689304,8.13561061197673,7.86193852607977,5.07710755176179,7.04542538527572,6.77707804603466,9.11179502937582,3.00791735048878,2.88287161979581,4.06593038717879,4.05595489826348,4.01342966876794,0,3.10453667630636,2.2878773800759,2.03132210929923,1.41130058225488,5.97332383416976,6.94525325345025,6.7165582374164,6.95516794664536,6.23772394079046,6.1293153571455
6.17310369348111,6.1788755236037,6.81834560665412,6.85721174673733,7.26890150696506,6.24997688432637,6.0342756327019,6.52151282839979,7.39812991410818,7.49714324010811,6.21195361934531,7.66220438293906,8.02858098782438,7.6829865683763,3.89269187274048,4.18382912470177,1.58396693659419,1.53281694354483,1.42193412646682,3.10453667630636,0,0.986338426298891,4.74958266996656,2.2807393356152,3.48637593600542,4.84018197032564,4.37109571382671,4.75026986765864,3.70301549440041,3.53237942152663
6.52632825561578,6.52378853331138,7.09172863656092,7.05516659716165,7.67109408673895,6.88615256498406,6.67548958779889,6.5506783709795,7.94948793358607,7.94411769491957,6.17013520064177,7.81777807708809,7.98942501062104,8.42177158288956,3.81108486935027,3.99334016833753,2.4584512113073,2.4178437288108,2.32281678386645,2.2878773800759,0.986338426298891,0,4.13245672633916,1.29809331869738,4.4189638177066,5.7077285589688,5.28563709024707,5.6392095418957,4.64758243816743,4.48646691794082
5.62300162298918,5.58511924013485,5.70404009570621,5.35549352056815,6.72573696309301,7.18678037844159,7.04465773303345,4.27402896440242,7.64261923216108,7.15110671020658,3.7074291610256,5.78849701930372,5.16797611631016,9.00880846219805,2.48673998720201,2.06084750336197,5.22718494924614,5.24067038475618,5.24212334497012,2.03132210929923,4.74958266996656,4.13245672633916,0,3.44149668855723,6.86646972446258,7.47731934245129,7.43944483165433,7.55665159861098,7.14057380698902,7.08789689937854
7.04676037566559,7.03425128251086,7.49926731830165,7.36962864382126,8.22402048763542,7.73391505026866,7.53275325702053,6.66553774721358,8.67907125882568,8.54674823081693,6.2061960195416,8.05945496264745,7.97448533844221,9.37310219595379,3.94045439251154,3.96016536869906,3.65418397288658,3.62258244579216,3.5418067366591,1.41130058225488,2.2807393356152,1.29809331869738,3.44149668855723,0,5.63411314583342,6.83783694639388,6.47350653849125,6.79455850027393,5.87489744758813,5.72606420930835
4.85928009781658,4.89611711109113,5.68447066985732,5.99646172243007,5.571966958172,3.76139270380171,3.55912593987587,6.32399568465322,5.10276763937034,5.59644255202237,6.31656368206629,6.83101815296649,7.84067003847976,4.65298166130314,4.78041657478554,5.27367695619979,1.98020738515555,2.01188637098048,2.098204526954,5.97332383416976,3.48637593600542,4.4189638177066,6.86646972446258,5.63411314583342,0,1.51798745988596,0.90529831398713,1.34938859238845,0.27412530016056,0.30266910710359
4.15174499015064,4.19985547182316,4.97167318499223,5.38502968461665,4.59266247128456,2.53894032260605,2.37090165367074,5.99112653587524,3.86727912540329,4.51631629359561,6.12154745467517,6.16378808682304,7.39600066787731,3.1512340486639,5.12733203271365,5.62759951031117,3.26150325349778,3.30925587849699,3.41824935068657,6.94525325345025,4.84018197032564,5.7077285589688,7.47731934245129,6.83783694639388,1.51798745988596,0,0.717768335972626,0.261138396272911,1.4531375945047,1.67202736056023
4.66465622115781,4.70893111096978,5.4939475936258,5.87168279272162,5.20735298261496,3.21513112935139,3.03497095931277,6.3707663954127,4.5546145584199,5.16284614975508,6.44445943435782,6.67641760615137,7.82868488825014,3.85354172874826,5.19906093464457,5.70115693125905,2.82931002586423,2.86799287336109,2.96412964808414,6.7165582374164,4.37109571382671,5.28563709024707,7.43944483165433,6.47350653849125,0.90529831398713,0.717768335972626,0,0.486900696971217,0.7714552323298,0.991009862665436
4.38935477301441,4.43666184819091,5.21207432229671,5.61785840640289,4.84940962467145,2.80007414567949,2.63174227569287,6.19782906808414,4.12772992742444,4.77646011241488,6.31287116127771,6.40287063645166,7.6172850487911,3.36674232416974,5.24006370574059,5.74189657265903,3.18284037407706,3.22705156206265,3.33111578109611,6.95516794664536,4.75026986765864,5.6392095418957,7.55665159861098,6.79455850027393,1.34938859238845,0.261138396272911,0.486900696971217,0,1.25014774609954,1.47042762127129
5.02224249518487,5.06098279477594,5.85063898390773,6.17850930213033,5.6923371617327,3.81871733681601,3.62284800050455,6.54145680701508,5.16416213895248,5.69648385520488,6.54803714636452,7.00777121874808,8.04896811992305,4.60437061649465,5.04650762689362,5.54091027623515,2.22508519462425,2.25329462109828,2.33377857051224,6.23772394079046,3.70301549440041,4.64758243816743,7.14057380698902,5.87489744758813,0.27412530016056,1.4531375945047,0.7714552323298,1.25014774609954,0,0.220280045080415
5.15739886301159,5.19467830145453,5.98342960947769,6.29812178480576,5.85616166334431,4.01193465517703,3.81343903900609,6.62491669693467,5.35638989063775,5.87143101964808,6.61342145679269,7.13201289991432,8.14283599510153,4.82314790429409,5.04413646793231,5.5343746257123,2.08884536905268,2.1123264937064,2.18538391349961,6.1293153571455,3.53237942152663,4.48646691794082,7.08789689937854,5.72606420930835,0.30266910710359,1.67202736056023,0.991009862665436,1.47042762127129,0.220280045080415,0
