1.02136084202643,1.01658454001424,0.510154294451497,0.590490820050944,0.227605180245762,0.156475652216956,0.794018563357571,0.195692689737364,0.0430647291456681,0.0624770306036355,0.856691312030569,0.286136632482767,0.0507722131501853,0.661739855572951,0.181739857921965,0.141940293033405,0.0605199457141605,0.00863756717995567,0.909422843671023,0.653036094273026,0.878788161472744,2.61949970465913e-05,0.000897428648071852,0.520255213498209,0.58350389587411,0.0167599548524957,8.5604272711759e-05,0.454062914819296,0.00216253869182026,0.0517045237894527
1.01658454001424,2.24847139079705,0.770367150287242,0.951759906798242,0.320371727287689,0.213093013452587,1.40960240196062,0.441602732059512,0.115915320515276,0.158589730300112,1.85046894406072,0.640641603079155,0.133966529035853,1.44262533942658,0.42261418397465,0.3397716466433,0.157469500708868,0.0346210322459286,1.98013901305489,1.42683759850372,1.92732933400083,0.0029580367112092,0.0104205121837522,1.14067784316869,1.2779031064356,0.0585379725254489,0.00260749041307085,1.00237423437335,0.0165402380214843,0.143285924734389
0.510154294451497,0.770367150287242,2.34749706551162,2.30067401612863,1.7019802471343,1.51755447862591,1.95008302017958,0.0546242392029388,0.302911326984138,0.245523399878694,0.404439803774526,0.0106941445091486,0.28319876810274,0.150605622748655,0.0735304169349993,0.120411453817778,0.263713034512087,0.485656845116993,0.507607236685255,0.142167483990522,0.457076729838292,0.664818910965772,0.608184331962184,0.0438590346663492,0.0836655460165279,0.469821551640507,0.721386405975743,0.015225345939851,0.6303543379236,0.316644766356503
0.590490820050944,0.951759906798242,2.30067401612863,2.81940432413548,1.72421373074781,1.53520164868948,2.38015221989089,0.0279238936969275,0.25639657615943,0.200254451490082,0.559330951596791,0.000710509744996202,0.236916162175293,0.244418164703718,0.0423135916488286,0.0822678754884265,0.217676805037003,0.440675770354948,0.684081452061869,0.233568356125985,0.631073301254407,0.626495974677168,0.567873397229763,0.0938935056383929,0.152890420531482,0.425863994445631,0.689925577744209,0.0465070710743118,0.594613579131957,0.269823290674813
0.227605180245762,0.320371727287689,1.7019802471343,1.72421373074781,2.74087746351687,2.55186445320189,1.30872067452611,0.456382697410946,0.966309929996002,0.86556013531892,0.0660455135040325,0.305502586717029,0.938612552507686,0.00105632087138741,0.526218739938638,0.646433568994842,0.915251168434209,1.26276431967876,0.117862448940466,0.00212926382213308,0.0850458844880193,1.523231148576,1.45166577784478,0.0518876809328139,0.020344450844461,1.28243226037096,1.63716062603263,0.103094542307909,1.52435501251156,1.03966242332728
0.156475652216956,0.213093013452587,1.51755447862591,1.53520164868948,2.55186445320189,3.05021964844101,1.12191624290903,0.704385320035154,1.31512722100355,1.19749523015019,0.0158047193125679,0.516145553211088,1.2864997924917,0.0332149628249621,0.801406499801335,0.952678756549715,1.26537009434864,1.65756005573093,0.046755965541744,0.038840283185186,0.0249754531241897,1.95066539069557,1.87579715196309,0.148747456109417,0.0886574390890722,1.70432696438993,2.09770223325741,0.233031623641814,1.97934337323561,1.42783090147663
0.794018563357571,1.40960240196062,1.95008302017958,2.38015221989089,1.30872067452611,1.12191624290903,3.14170643305209,0.00989220659269563,0.0677835764065686,0.039059808672834,1.03030441133412,0.063254772203341,0.0563560501651956,0.606942985785623,0.00455396719537404,0.000237092399022032,0.0450220045396614,0.183098948031748,1.19082220656132,0.591810204030453,1.1442112400516,0.319828375350681,0.272834636466412,0.351492430569125,0.459967105220847,0.162342740725312,0.358173079405069,0.252524947616988,0.280530350483057,0.0664832973235745
0.195692689737364,0.441602732059512,0.0546242392029388,0.0279238936969275,0.456382697410946,0.704385320035154,0.00989220659269563,5.08382198818624,3.52163144800989,3.77938080693862,1.53182292124686,4.77810721505058,3.71596751878846,2.78686461059548,5.06481792671781,4.9242648876153,3.99700391615755,2.90556079201342,1.27438294156719,2.86867441470048,1.58217142587387,2.38677713871991,2.64377658799633,3.58470578142369,3.26280777071683,3.59323037760488,2.69505049644374,3.98328255477979,3.16224484119428,4.23743717053543
0.0430647291456681,0.115915320515276,0.302911326984138,0.25639657615943,0.966309929996002,1.31512722100355,0.0677835764065686,3.52163144800989,4.51463588291621,4.34153886651056,0.721087899146747,3.21591718143586,4.48600630251954,1.56089851610999,3.82464359788655,4.09282508163297,4.46350830152215,3.88168606771873,0.551994793591238,1.6155328854655,0.722392303614174,3.32472248698562,3.61821727002733,2.17069164320778,1.91299418976243,4.38358491247537,3.6876845412005,2.49063814427795,4.08569984682918,4.51157635296392
0.0624770306036355,0.158589730300112,0.245523399878694,0.200254451490082,0.86556013531892,1.19749523015019,0.039059808672834,3.77938080693862,4.34153886651056,4.60491787096057,0.843173878447224,3.47401157449386,4.52682017642596,1.75217187321751,4.08575260175595,4.33730483433775,4.602849902331,3.70917957524512,0.658505246258353,1.81118090466132,0.850234099355852,3.15653146865034,3.44543737395395,2.39539652503227,2.12573670984013,4.30939792312788,3.51998939355263,2.73002202829001,3.95437535168139,4.58961006888535
0.856691312030569,1.85046894406072,0.404439803774526,0.559330951596791,0.0660455135040325,0.0158047193125679,1.03030441133412,1.53182292124686,0.721087899146747,0.843173878447224,3.98880031685744,1.99636795219645,0.783689120645048,3.44510034113914,1.5483716294483,1.37260256745523,0.869219878064289,0.44498294001491,3.6282563587847,3.42783409148911,3.97547301866212,0.258924625724644,0.327187140716514,2.95035520050229,3.18932673363194,0.593012916584236,0.281785090650414,2.71429939639443,0.406297700238794,0.884758853562535
0.286136632482767,0.640641603079155,0.0106941445091486,0.000710509744996202,0.305502586717029,0.516145553211088,0.063254772203341,4.77810721505058,3.21591718143586,3.47401157449386,1.99636795219645,5.84234609727492,3.41234354711068,3.52215763343915,5.16400666200964,4.90974552095064,3.71035354463673,2.60191786469063,1.69484826116771,3.62722918186385,2.09425354059496,2.09125226553976,2.34120128675879,4.46167884124026,4.09283007523109,3.32016975400066,2.38939886459793,4.94097466425994,2.87067290525211,4.05274871366271
0.0507722131501853,0.133966529035853,0.28319876810274,0.236916162175293,0.938612552507686,1.2864997924917,0.0563560501651956,3.71596751878846,4.48600630251954,4.52682017642596,0.783689120645048,3.41234354711068,4.74828840934175,1.67539529621131,4.05722866502925,4.3441414488259,4.72471655624845,3.87819339968588,0.60473560979726,1.73391557069313,0.788665380961647,3.31294908755228,3.61869392413425,2.31800657376143,2.04764392153836,4.52820872473839,3.71951990107913,2.65578534000353,4.17411722059476,4.74802801824308
0.661739855572951,1.44262533942658,0.150605622748655,0.244418164703718,0.00105632087138741,0.0332149628249621,0.606942985785623,2.78686461059548,1.56089851610999,1.75217187321751,3.44510034113914,3.52215763343915,1.67539529621131,5.45633756264615,2.90823519737474,2.67237457364148,1.84019849182312,1.11552408093356,3.08467238258475,5.43850592078781,3.72431091710705,0.783459118360136,0.921151630047856,4.83856823311117,5.15667762809302,1.45722902357101,0.879163987992571,4.54546024643287,1.14007673612224,1.95770159724771
0.181739857921965,0.42261418397465,0.0735304169349993,0.0423135916488286,0.526218739938638,0.801406499801335,0.00455396719537404,5.06481792671781,3.82464359788655,4.08575260175595,1.5483716294483,5.16400666200964,4.05722866502925,2.90823519737474,6.02675639843857,5.77245477729603,4.42496041457724,3.19213080033233,1.28001526069489,3.00233431846544,1.61029530880955,2.63777260061262,2.92966722985598,3.79707219289007,3.44082450505337,4.09461836326742,3.04410299332538,4.26305575511181,3.61231934981882,4.89857540767539
0.141940293033405,0.3397716466433,0.120411453817778,0.0822678754884265,0.646433568994842,0.952678756549715,0.000237092399022032,4.9242648876153,4.09282508163297,4.33730483433775,1.37260256745523,4.90974552095064,4.3441414488259,2.67237457364148,5.77245477729603,6.26465125039991,4.75883080315129,3.47715141357037,1.11813721931752,2.76307200020438,1.42283872660554,2.90930728031371,3.22360992413671,3.54562741935145,3.19304448581538,4.51146386644577,3.3878987490024,4.00876207058544,4.01264381379192,5.37160984402314
0.0605199457141605,0.157469500708868,0.263713034512087,0.217676805037003,0.915251168434209,1.26537009434864,0.0450220045396614,3.99700391615755,4.46350830152215,4.602849902331,0.869219878064289,3.71035354463673,4.72471655624845,1.84019849182312,4.42496041457724,4.75883080315129,5.1862959296344,3.89627340825074,0.676239934134961,1.90507138378865,0.880318455217274,3.32592871621418,3.64881897224766,2.53541121443508,2.24479388792891,4.77769102315374,3.80326148696713,2.90313761319732,4.34651266568023,5.17172557981855
0.00863756717995567,0.0346210322459286,0.485656845116993,0.440675770354948,1.26276431967876,1.65756005573093,0.183098948031748,2.90556079201342,3.88168606771873,3.70917957524512,0.44498294001491,2.60191786469063,3.87819339968588,1.11552408093356,3.19213080033233,3.47715141357037,3.89627340825074,4.37665016608535,0.315830323436885,1.15983978737501,0.436086401692695,3.80625943564135,4.11262824475785,1.64216789068602,1.41477366829602,4.35588700652047,4.12880140107271,1.92583791014245,4.33536232473252,4.14686449517223
0.909422843671023,1.98013901305489,0.507607236685255,0.684081452061869,0.117862448940466,0.046755965541744,1.19082220656132,1.27438294156719,0.551994793591238,0.658505246258353,3.6282563587847,1.69484826116771,0.60473560979726,3.08467238258475,1.28001526069489,1.11813721931752,0.676239934134961,0.315830323436885,3.83835991655637,3.06747260247701,3.78533013601645,0.16446923119072,0.217778159586781,2.59715642458424,2.83014475223278,0.430934011380273,0.177528870114417,2.36873038728517,0.27457739143862,0.680092998128869
0.653036094273026,1.42683759850372,0.142167483990522,0.233568356125985,0.00212926382213308,0.038840283185186,0.591810204030453,2.86867441470048,1.6155328854655,1.81118090466132,3.42783409148911,3.62722918186385,1.73391557069313,5.43850592078781,3.00233431846544,2.76307200020438,1.90507138378865,1.15983978737501,3.06747260247701,5.60829016012099,3.71202634555218,0.818821326336303,0.961175141746323,4.9758093130546,5.30592950001566,1.51738909288652,0.920943319320874,4.6795750611444,1.19181639046752,2.03325948981275
0.878788161472744,1.92732933400083,0.457076729838292,0.631073301254407,0.0850458844880193,0.0249754531241897,1.1442112400516,1.58217142587387,0.722392303614174,0.850234099355852,3.97547301866212,2.09425354059496,0.788665380961647,3.72431091710705,1.61029530880955,1.42283872660554,0.880318455217274,0.436086401692695,3.78533013601645,3.71202634555218,4.59030622812716,0.245997799173481,0.315495707769347,3.15964345205388,3.43623751048678,0.592895305773663,0.26968952262223,2.89760708099717,0.398357142298741,0.902632779420664
2.61949970465913e-05,0.0029580367112092,0.664818910965772,0.626495974677168,1.523231148576,1.95066539069557,0.319828375350681,2.38677713871991,3.32472248698562,3.15653146865034,0.258924625724644,2.09125226553976,3.31294908755228,0.783459118360136,2.63777260061262,2.90930728031371,3.32592871621418,3.80625943564135,0.16446923119072,0.818821326336303,0.245997799173481,4.17786644480604,4.10230203115489,1.22993299162456,1.03322336694043,3.93151430538461,4.17749432035643,1.47626674008219,4.13839996149125,3.62110912092934
0.000897428648071852,0.0104205121837522,0.608184331962184,0.567873397229763,1.45166577784478,1.87579715196309,0.272834636466412,2.64377658799633,3.61821727002733,3.44543737395395,0.327187140716514,2.34120128675879,3.61869392413425,0.921151630047856,2.92966722985598,3.22360992413671,3.64881897224766,4.11262824475785,0.217778159586781,0.961175141746323,0.315495707769347,4.10230203115489,4.46848172109019,1.41253875985589,1.19785034438403,4.29686444827043,4.41927523119205,1.68214347211828,4.46379676474719,3.98246489690839
0.520255213498209,1.14067784316869,0.0438590346663492,0.0938935056383929,0.0518876809328139,0.148747456109417,0.351492430569125,3.58470578142369,2.17069164320778,2.39539652503227,2.95035520050229,4.46167884124026,2.31800657376143,4.83856823311117,3.79707219289007,3.54562741935145,2.53541121443508,1.64216789068602,2.59715642458424,4.9758093130546,3.15964345205388,1.22993299162456,1.41253875985589,5.89188184436884,5.5013734061391,2.12809735601902,1.39440925010261,5.59475081548883,1.74576487554194,2.74189851692109
0.58350389587411,1.2779031064356,0.0836655460165279,0.152890420531482,0.020344450844461,0.0886574390890722,0.459967105220847,3.26280777071683,1.91299418976243,2.12573670984013,3.18932673363194,4.09283007523109,2.04764392153836,5.15667762809302,3.44082450505337,3.19304448581538,2.24479388792891,1.41477366829602,2.83014475223278,5.30592950001566,3.43623751048678,1.03322336694043,1.19785034438403,5.5013734061391,5.84343155308175,1.8430316351001,1.16827924451213,5.20534458868362,1.48407393850836,2.41651509711529
0.0167599548524957,0.0585379725254489,0.469821551640507,0.425863994445631,1.28243226037096,1.70432696438993,0.162342740725312,3.59323037760488,4.38358491247537,4.30939792312788,0.593012916584236,3.32016975400066,4.52820872473839,1.45722902357101,4.09461836326742,4.51146386644577,4.77769102315374,4.35588700652047,0.430934011380273,1.51738909288652,0.592895305773663,3.93151430538461,4.29686444827043,2.12809735601902,1.8430316351001,6.05958674218744,4.76009994617906,2.49562236290147,5.54891387274375,5.62942349289907
8.5604272711759e-05,0.00260749041307085,0.721386405975743,0.689925577744209,1.63716062603263,2.09770223325741,0.358173079405069,2.69505049644374,3.6876845412005,3.51998939355263,0.281785090650414,2.38939886459793,3.71951990107913,0.879163987992571,3.04410299332538,3.3878987490024,3.80326148696713,4.12880140107271,0.177528870114417,0.920943319320874,0.26968952262223,4.17749432035643,4.41927523119205,1.39440925010261,1.16827924451213,4.76009994617906,5.30328172139605,1.68313570070311,5.18060776894205,4.34314195423442
0.454062914819296,1.00237423437335,0.015225345939851,0.0465070710743118,0.103094542307909,0.233031623641814,0.252524947616988,3.98328255477979,2.49063814427795,2.73002202829001,2.71429939639443,4.94097466425994,2.65578534000353,4.54546024643287,4.26305575511181,4.00876207058544,2.90313761319732,1.92583791014245,2.36873038728517,4.6795750611444,2.89760708099717,1.47626674008219,1.68214347211828,5.59475081548883,5.20534458868362,2.49562236290147,1.68313570070311,6.14374633402383,2.08321464478842,3.16747904329883
0.00216253869182026,0.0165402380214843,0.6303543379236,0.594613579131957,1.52435501251156,1.97934337323561,0.280530350483057,3.16224484119428,4.08569984682918,3.95437535168139,0.406297700238794,2.87067290525211,4.17411722059476,1.14007673612224,3.61231934981882,4.01264381379192,4.34651266568023,4.33536232473252,0.27457739143862,1.19181639046752,0.398357142298741,4.13839996149125,4.46379676474719,1.74576487554194,1.48407393850836,5.54891387274375,5.18060776894205,2.08321464478842,6.12343717775505,5.13097249114489
0.0517045237894527,0.143285924734389,0.316644766356503,0.269823290674813,1.03966242332728,1.42783090147663,0.0664832973235745,4.23743717053543,4.51157635296392,4.58961006888535,0.884758853562535,4.05274871366271,4.74802801824308,1.95770159724771,4.89857540767539,5.37160984402314,5.17172557981855,4.14686449517223,0.680092998128869,2.03325948981275,0.902632779420664,3.62110912092934,3.98246489690839,2.74189851692109,2.41651509711529,5.62942349289907,4.34314195423442,3.16747904329883,5.13097249114489,6.64802232215059
