0.606545754338593,0.601699878100534,0.584358885068217,0.544515245008983,0.00364657119072009,0.360449824707903,0.316508403922498,0.0937126115879572,0.228470631265381,0.151082295115767,0.247908482369435,0.000179831499380612,0.251404359214403,0.131471541418282,0.0867001920010466,0.00393904072356044,0.220473049370081,0.272337751026488,0.233067367437206,0.0593310253299055,0.363747780556623,0.350118322148151,0.392818902560985,0.44730116669629,0.38871746858221,0.450614297132759,0.47778397993348,0.494745590085728,0.43263703646527,0.46434096101313
0.601699878100534,0.946866470276359,0.924034494497357,0.862997625064227,0.00069494458427477,0.456608619476203,0.405943525534402,0.172701762987092,0.28327862474155,0.267178785697749,0.31474310842707,0.00101417612752419,0.425874058543739,0.236245588310052,0.163120278637458,0.0156255694049503,0.37830077900836,0.461882329182147,0.400159740437704,0.0617810229686127,0.605236949582533,0.584176044454522,0.6505694163181,0.73160885772669,0.644576654387208,0.737038389342695,0.776277921834461,0.80150402359781,0.713258234932099,0.761120176453955
0.584358885068217,0.924034494497357,1.48125213480998,1.38697688761694,0.00410226977118677,0.485436340921196,0.438103581794639,0.348941670136239,0.287995076184842,0.510189970964358,0.331671633257404,0.0195235852617466,0.76377935136325,0.461210236343318,0.338648301090818,0.0642153752949133,0.691355544054254,0.828601960353197,0.731338330398753,0.0391372238916441,1.05257812178166,1.02057388055362,1.12207969481353,1.23714056068794,1.11377985016718,1.24579576045158,1.29866098567306,1.33375172800775,1.21799459992174,1.28594105295694
0.544515245008983,0.862997625064227,1.38697688761694,1.7980026692573,0.0384654564343077,0.394729965274558,0.346118323912062,0.577407048891051,0.203898551718183,0.795243227877576,0.242636655159251,0.0829174550213017,1.1127825014831,0.733516859936153,0.570589917168056,0.170113946049714,1.02615399123777,1.1969273402351,1.07951868279273,0.00595554184961467,1.45587420501137,1.42044463307155,1.53110976548725,1.64762833594008,1.52245891494058,1.65582581201311,1.70533573240965,1.73531663623426,1.62833849718596,1.69099760344672
0.00364657119072009,0.00069494458427477,0.00410226977118677,0.0384654564343077,3.004994887973,0.42269827429158,0.684706395544553,1.75200900248052,1.04655523297116,1.48179413649104,1.11410776365258,2.97117953803429,0.985030159924766,1.62406382856398,1.92264346308821,2.83897816143965,1.15333454483381,0.974751731384784,1.15191383819364,2.52058505029578,0.640088471621857,0.690087317215403,0.548889474044718,0.341991336276544,0.568786849838824,0.338179690805017,0.240536956076906,0.195633689154296,0.452199792335438,0.353821245580927
0.360449824707903,0.456608619476203,0.485436340921196,0.394729965274558,0.42269827429158,1.4728638174724,1.42212424915326,0.0267827357817692,1.25768519926155,0.00157214608854206,1.31814937210972,0.390416029253045,0.0233415519498585,0.00697547626095929,0.0362125670794256,0.283527585273154,0.00905237777365819,0.0352766169050485,0.0134972729515361,0.811180248467219,0.121914639661906,0.105726661048058,0.160940994053886,0.24678862949193,0.155323063215981,0.253741584045175,0.302931298091691,0.339215674935363,0.227515668537174,0.290309106897398
0.316508403922498,0.405943525534402,0.438103581794639,0.346118323912062,0.684706395544553,1.42212424915326,2.03129935855362,0.0909429358919831,1.79935650029936,0.0276132335358588,1.91273604820798,0.670959661859284,0.00258753802595013,0.0468362069566588,0.112925301958254,0.520816064334309,0.000232313804065409,0.00780791948754045,4.59775354664238e-05,1.25368453588954,0.0744178479706998,0.0600829625358958,0.110784631178417,0.196985319258714,0.105366158900807,0.204310632328039,0.255743959475151,0.294686150802069,0.177626471024861,0.244717019931572
0.0937126115879572,0.172701762987092,0.348941670136239,0.577407048891051,1.75200900248052,0.0267827357817692,0.0909429358919831,4.18167639536771,0.253983859226809,3.8779701356042,0.256393615744597,2.55244196991113,3.09430622349307,4.05368566730126,4.17106436116691,3.15103327955495,3.41455424512963,3.18233644065556,3.46692637394668,1.26897954106778,2.61098323972471,2.70789838433848,2.44902573381458,1.90698341688129,2.50063839263633,1.91525090578235,1.59023662862277,1.45612447393296,2.32710191171433,2.12123770708425
0.228470631265381,0.28327862474155,0.287995076184842,0.203898551718183,1.04655523297116,1.25768519926155,1.79935650029936,0.253983859226809,2.30188134562615,0.136713159278761,2.29500141019558,1.06621262093207,0.0206688569615725,0.179141993655818,0.298232353332007,0.884392055668985,0.0461893676345917,0.0122113698514004,0.0384189374681965,1.74301164958116,0.00670224935701391,0.00276018928027799,0.0208721543756942,0.0712616286385965,0.0182531473297178,0.0755497080547429,0.112919718386661,0.141649647119273,0.0550919807229855,0.0978099372321752
0.151082295115767,0.267178785697749,0.510189970964358,0.795243227877576,1.48179413649104,0.00157214608854206,0.0276132335358588,3.8779701356042,0.136713159278761,4.82642931541546,0.132297951227633,2.25316267246186,3.8923220954991,4.71573238336602,4.24884704657362,2.90789263382959,4.3055824943377,4.08060370965237,4.40384596294453,0.997745207502513,3.43658055016024,3.5498727123297,3.25799954163546,2.57371030304151,3.323979825738,2.59288128982186,2.16542172776935,2.00025154299993,3.15386372779114,2.91944499849227
0.247908482369435,0.31474310842707,0.331671633257404,0.242636655159251,1.11410776365258,1.31814937210972,1.91273604820798,0.256393615744597,2.29500141019558,0.132297951227633,2.78489371056524,1.16690323506271,0.0150531147063755,0.177388116279972,0.305749593724019,0.965430257349235,0.0393773762359353,0.00751783240894444,0.0317326809369654,1.95671786819025,0.0142105591728185,0.00772167553918468,0.0347743918685026,0.0994968401762026,0.031210509587515,0.105153105510491,0.150011050493478,0.184697256280423,0.0812269216057659,0.136395547542069
0.000179831499380612,0.00101417612752419,0.0195235852617466,0.0829174550213017,2.97117953803429,0.390416029253045,0.670959661859284,2.55244196991113,1.06621262093207,2.25316267246186,1.16690323506271,4.91996806076171,1.52958917681432,2.48695652930332,2.93380024173405,4.66714339892177,1.79597220683061,1.57001053723939,1.83774616760874,3.05687999620029,1.08072926549735,1.1571408391161,0.948701352090271,0.606788597478383,0.983504884944534,0.604790914862273,0.438473352264264,0.366841902786496,0.826435422126677,0.673229609473192
0.251404359214403,0.425874058543739,0.76377935136325,1.1127825014831,0.985030159924766,0.0233415519498585,0.00258753802595013,3.09430622349307,0.0206688569615725,3.8923220954991,0.0150531147063755,1.52958917681432,4.68422880238688,3.78822522841097,3.32403549560738,2.06396748059858,4.54162111687619,4.66197878793939,4.65092326718448,0.53918117127363,4.20029953563309,4.29703928267968,4.03290039801505,3.34614457192072,4.0889401891501,3.37086279639061,2.88167831588122,2.69467943323929,3.914996536828,3.69731227507503
0.131471541418282,0.236245588310052,0.461210236343318,0.733516859936153,1.62406382856398,0.00697547626095929,0.0468362069566588,4.05368566730126,0.179141993655818,4.71573238336602,0.177388116279972,2.48695652930332,3.78822522841097,5.08573315270477,4.5788241983787,3.19849609082389,4.22368149407128,4.01612685739405,4.37283282861858,1.14133296121208,3.34830123266238,3.46615936030364,3.16661891956579,2.463968564104,3.23657591040137,2.483736857201,2.05543650901485,1.89149181245055,3.07011183190535,2.82872323339146
0.0867001920010466,0.163120278637458,0.338648301090818,0.570589917168056,1.92264346308821,0.0362125670794256,0.112925301958254,4.17106436116691,0.298232353332007,4.24884704657362,0.305749593724019,2.93380024173405,3.32403549560738,4.5788241983787,5.09104043063322,3.70124835445093,3.72948801219652,3.51226380756261,3.86627684121709,1.4603581178028,2.85914991100545,2.97242387936369,2.68141214969529,2.03788966501719,2.7464916481838,2.05205118323931,1.67511115767488,1.52737973395365,2.57631687989181,2.34295065748648
0.00393904072356044,0.0156255694049503,0.0642153752949133,0.170113946049714,2.83897816143965,0.283527585273154,0.520816064334309,3.15103327955495,0.884392055668985,2.90789263382959,0.965430257349235,4.66714339892177,2.06396748059858,3.19849609082389,3.70124835445093,5.87507571793029,2.39936164916318,2.16705241298375,2.49123629703215,2.8043228323887,1.58160314400093,1.67726866559801,1.42366122591943,0.958006726604939,1.47229596908035,0.96020614123946,0.722110668475372,0.623959086589045,1.29968691485184,1.10444509793392
0.220473049370081,0.37830077900836,0.691355544054254,1.02615399123777,1.15333454483381,0.00905237777365819,0.000232313804065409,3.41455424512963,0.0461893676345917,4.3055824943377,0.0393773762359353,1.79597220683061,4.54162111687619,4.22368149407128,3.72948801219652,2.39936164916318,5.05028615593938,4.81719047922848,5.03719785352572,0.684856953747894,4.17483722437844,4.2921512837171,3.992344255736,3.22276353028947,4.06317951568867,3.25215686367961,2.7413185138479,2.55264399518028,3.89583781913175,3.65501770053162
0.272337751026488,0.461882329182147,0.828601960353197,1.1969273402351,0.974751731384784,0.0352766169050485,0.00780791948754045,3.18233644065556,0.0122113698514004,4.08060370965237,0.00751783240894444,1.57001053723939,4.66197878793939,4.01612685739405,3.51226380756261,2.16705241298375,4.81719047922848,5.70583300977906,5.35623970708897,0.521935250424083,4.98999267732012,5.12532955703967,4.8020274646277,3.85325749571423,4.89153707476955,3.90404173903848,3.26732078671452,3.05356407175306,4.74446230085529,4.48442678334331
0.233067367437206,0.400159740437704,0.731338330398753,1.07951868279273,1.15191383819364,0.0134972729515361,4.59775354664238e-05,3.46692637394668,0.0384189374681965,4.40384596294453,0.0317326809369654,1.83774616760874,4.65092326718448,4.37283282861858,3.86627684121709,2.49123629703215,5.03719785352572,5.35623970708897,5.77482102889133,0.679384731406592,4.64112088161512,4.77833700225611,4.45348269584661,3.52968529080538,4.54600469080876,3.57419250239921,2.97721243616885,2.772064400947,4.40954421195188,4.14278638808588
0.0593310253299055,0.0617810229686127,0.0391372238916441,0.00595554184961467,2.52058505029578,0.811180248467219,1.25368453588954,1.26897954106778,1.74301164958116,0.997745207502513,1.95671786819025,3.05687999620029,0.53918117127363,1.14133296121208,1.4603581178028,2.8043228323887,0.684856953747894,0.521935250424083,0.679384731406592,4.14686715637909,0.251641035465547,0.288480098804102,0.186013470816493,0.0690810832212234,0.198507092397368,0.0660778269453948,0.0273364313152218,0.012932426442589,0.117503755787094,0.0627470695992471
0.363747780556623,0.605236949582533,1.05257812178166,1.45587420501137,0.640088471621857,0.121914639661906,0.0744178479706998,2.61098323972471,0.00670224935701391,3.43658055016024,0.0142105591728185,1.08072926549735,4.20029953563309,3.34830123266238,2.85914991100545,1.58160314400093,4.17483722437844,4.98999267732012,4.64112088161512,0.251641035465547,6.06570505411839,5.93669070620444,5.87752135133584,4.72711817251426,5.95289716528913,4.8201503684417,4.00893380158662,3.7761548604034,5.7796897357986,5.54562086028666
0.350118322148151,0.584176044454522,1.02057388055362,1.42044463307155,0.690087317215403,0.105726661048058,0.0600829625358958,2.70789838433848,0.00276018928027799,3.5498727123297,0.00772167553918468,1.1571408391161,4.29703928267968,3.46615936030364,2.97242387936369,1.67726866559801,4.2921512837171,5.12532955703967,4.77833700225611,0.288480098804102,5.93669070620444,6.08453017236753,5.75777427332998,4.61633678236662,5.85012454396337,4.70305710186055,3.91315899061254,3.68126418411176,5.68820179643677,5.44043448227384
0.392818902560985,0.6505694163181,1.12207969481353,1.53110976548725,0.548889474044718,0.160940994053886,0.110784631178417,2.44902573381458,0.0208721543756942,3.25799954163546,0.0347743918685026,0.948701352090271,4.03290039801505,3.16661891956579,2.68141214969529,1.42366122591943,3.992344255736,4.8020274646277,4.45348269584661,0.186013470816493,5.87752135133584,5.75777427332998,6.34571668343351,4.99767864161751,6.33301528986668,5.12477402124128,4.23644792779381,4.00616783963623,6.22020943638559,6.00716214013791
0.44730116669629,0.73160885772669,1.23714056068794,1.64762833594008,0.341991336276544,0.24678862949193,0.196985319258714,1.90698341688129,0.0712616286385965,2.57371030304151,0.0994968401762026,0.606788597478383,3.34614457192072,2.463968564104,2.03788966501719,0.958006726604939,3.22276353028947,3.85325749571423,3.52968529080538,0.0690810832212234,4.72711817251426,4.61633678236662,4.99767864161751,5.24562628769401,4.98672985611721,5.24179238138281,4.47664333414319,4.25076883923042,5.2262335157341,5.23865545601885
0.38871746858221,0.644576654387208,1.11377985016718,1.52245891494058,0.568786849838824,0.155323063215981,0.105366158900807,2.50063839263633,0.0182531473297178,3.323979825738,0.031210509587515,0.983504884944534,4.0889401891501,3.23657591040137,2.7464916481838,1.47229596908035,4.06317951568867,4.89153707476955,4.54600469080876,0.198507092397368,5.95289716528913,5.85012454396337,6.33301528986668,4.98672985611721,6.5210575945654,5.1166015501971,4.22436338009476,3.9943621518402,6.34711065572295,6.11079372369089
0.450614297132759,0.737038389342695,1.24579576045158,1.65582581201311,0.338179690805017,0.253741584045175,0.204310632328039,1.91525090578235,0.0755497080547429,2.59288128982186,0.105153105510491,0.604790914862273,3.37086279639061,2.483736857201,2.05205118323931,0.96020614123946,3.25215686367961,3.90404173903848,3.57419250239921,0.0660778269453948,4.8201503684417,4.70305710186055,5.12477402124128,5.24179238138281,5.1166015501971,5.4382797505166,4.50917104922598,4.2922027538581,5.40997655582403,5.43371919606349
0.47778397993348,0.776277921834461,1.29866098567306,1.70533573240965,0.240536956076906,0.302931298091691,0.255743959475151,1.59023662862277,0.112919718386661,2.16542172776935,0.150011050493478,0.438473352264264,2.88167831588122,2.05543650901485,1.67511115767488,0.722110668475372,2.7413185138479,3.26732078671452,2.97721243616885,0.0273364313152218,4.00893380158662,3.91315899061254,4.23644792779381,4.47664333414319,4.22436338009476,4.50917104922598,4.5925808217823,4.35956407594345,4.49423094662338,4.57742284438157
0.494745590085728,0.80150402359781,1.33375172800775,1.73531663623426,0.195633689154296,0.339215674935363,0.294686150802069,1.45612447393296,0.141649647119273,2.00025154299993,0.184697256280423,0.366841902786496,2.69467943323929,1.89149181245055,1.52737973395365,0.623959086589045,2.55264399518028,3.05356407175306,2.772064400947,0.012932426442589,3.7761548604034,3.68126418411176,4.00616783963623,4.25076883923042,3.9943621518402,4.2922027538581,4.35956407594345,4.46413179741394,4.29782641858702,4.41360642272666
0.43263703646527,0.713258234932099,1.21799459992174,1.62833849718596,0.452199792335438,0.227515668537174,0.177626471024861,2.32710191171433,0.0550919807229855,3.15386372779114,0.0812269216057659,0.826435422126677,3.914996536828,3.07011183190535,2.57631687989181,1.29968691485184,3.89583781913175,4.74446230085529,4.40954421195188,0.117503755787094,5.7796897357986,5.68820179643677,6.22020943638559,5.2262335157341,6.34711065572295,5.40997655582403,4.49423094662338,4.29782641858702,7.90503578649527,7.60875785072567
0.46434096101313,0.761120176453955,1.28594105295694,1.69099760344672,0.353821245580927,0.290309106897398,0.244717019931572,2.12123770708425,0.0978099372321752,2.91944499849227,0.136395547542069,0.673229609473192,3.69731227507503,2.82872323339146,2.34295065748648,1.10444509793392,3.65501770053162,4.48442678334331,4.14278638808588,0.0627470695992471,5.54562086028666,5.44043448227384,6.00716214013791,5.23865545601885,6.11079372369089,5.43371919606349,4.57742284438157,4.41360642272666,7.60875785072567,8.34828973000936
