0.190446756135395,0.190037672377461,0.07734531181057,0.0196988006881056,0.159737001791795,0.130295683531543,0.0262894641031093,0.0150736195413901,0.0202852875954489,0.177615146719045,0.0266563655903822,0.0059792819430784,0.010425675422717,0.0449367952747974,0.0479391510737679,0.000670099404948665,0.173324734722315,0.175695591217457,0.170581811782079,0.116918626895667,0.129051055867019,0.136922747269038,0.0233326655136317,0.127255738610049,0.16825110858803,0.0715388660027578,0.163634212019891,0.0522810849298345,0.0734344598806427,0.0928753388084713
0.190037672377461,0.510004698001916,0.196449946634381,0.0376094364725419,0.429774025262896,0.347521303494228,0.0531038963031591,0.0275527897446985,0.0398007557282858,0.481754936236779,0.054812809793956,0.00948222743224791,0.0186184235317506,0.114989233683747,0.130410831623097,0.000261064947983947,0.444625199701233,0.453277100817838,0.438519841973666,0.286383222407637,0.319450033649113,0.341352215562266,0.070114108007826,0.315248212744268,0.434103213209097,0.166776162896207,0.421012263551194,0.118467618062625,0.172940988176347,0.22501500876488
0.07734531181057,0.196449946634381,1.3011225218323,0.203669886485486,0.865147538655143,1.09088963491993,0.176635700908054,0.234800781821181,0.220066454164226,0.767466091729406,0.187272071954698,0.393443467792019,0.32523206527219,1.04040587293909,1.20175503131904,0.555249185609541,0.156552722215759,0.176951824298053,0.151991497905244,0.00443698432986928,0.0177949656595824,0.0316726011685993,1.07469053084599,0.0153067071331372,0.151436954080849,0.0317130754579384,0.128195529090905,0.08380692390018,0.0298616063208814,0.00473134739236869
0.0196988006881056,0.0376094364725419,0.203669886485486,2.24142792139972,0.00317935398543057,0.0567313309352104,2.21177683903649,2.0794582223916,2.24138358930839,0.00948500541036168,2.22407752571606,2.11109755597654,2.18349372688141,0.36674557277917,0.489623609912872,1.93949025194588,0.454550376580718,0.445459566827696,0.564615316149015,1.34167735698812,1.18041823874587,1.0765411723197,0.972760149827819,1.22989029992765,0.70092334717778,1.87261170038109,0.803089875801326,2.06962170965955,1.89136235862293,1.72496140585062
0.159737001791795,0.429774025262896,0.865147538655143,0.00317935398543057,1.97564517229272,1.6142802135066,9.50787081066551e-06,0.00988187741282776,0.00330100562683855,1.87793565756247,6.70477406172765e-06,0.0577099539320112,0.0293093589942264,0.613618408265389,0.834953274165521,0.151199412670836,0.795857434174987,0.863344218343965,0.844455203783834,0.359510163816577,0.448599015839089,0.51365144830442,0.703561535367562,0.443536345243841,0.908658025059802,0.105498614207896,0.866199456192516,0.0388160375120359,0.11830864697792,0.227231996628976
0.130295683531543,0.347521303494228,1.09088963491993,0.0567313309352104,1.6142802135066,1.95138842610451,0.0377107806988199,0.0776538861875478,0.0625750573746258,1.56472422185548,0.0407815149711466,0.191692345855714,0.135605056764118,0.830741279835938,1.13825192084888,0.346013555177488,0.51548437392471,0.566905348108417,0.540688369341764,0.15497219434069,0.218341938974165,0.266715613965532,1.02151314741105,0.212417211277017,0.580617745118487,0.0126789183076932,0.540624714080143,0.000304832282848277,0.0159104358375091,0.0654808916728005
0.0262894641031093,0.0531038963031591,0.176635700908054,2.21177683903649,9.50787081066551e-06,0.0377107806988199,2.78387587125689,2.06006618336179,2.69883441415595,0.0277355788469618,2.78387144119279,2.4261838903465,2.54810553010519,0.337281996105558,0.463068977075593,2.20101747199467,0.589299533172476,0.584396269427127,0.743238400173735,1.72818878458107,1.52406942228942,1.39378989674313,0.998055350653579,1.59411803566904,0.943681543757009,2.3932445344076,1.08188829678696,2.63369778317248,2.426616258299,2.23374891535108
0.0150736195413901,0.0275527897446985,0.234800781821181,2.0794582223916,0.00988187741282776,0.0776538861875478,2.06006618336179,2.13441681275081,2.11872527898342,0.00225524012216516,2.08536958780669,2.07040401209797,2.11799105416065,0.404551110046903,0.537419477771965,1.92818720024666,0.3862590701491,0.376131067796543,0.480854975915105,1.19809713525185,1.04660423039584,0.949519086644419,1.02650829822935,1.09165450679443,0.597716768603207,1.71070610121951,0.689443625762326,1.91218268152554,1.72947829067142,1.5637891458816
0.0202852875954489,0.0398007557282858,0.220066454164226,2.24138358930839,0.00330100562683855,0.0625750573746258,2.69883441415595,2.11872527898342,2.93913532650696,0.0115685189116896,2.89383158217042,2.66570131797774,2.78833477453661,0.39411142499278,0.547637308077234,2.43812431372647,0.522019838928212,0.515840733622295,0.666223468740228,1.65374127412114,1.44286509501569,1.31016883527684,1.15296472001298,1.51599947228024,0.859300422681627,2.37386386166593,0.996930826220845,2.66963898490071,2.42375949025866,2.21147468513987
0.177615146719045,0.481754936236779,0.767466091729406,0.00948500541036168,1.87793565756247,1.56472422185548,0.0277355788469618,0.00225524012216516,0.0115685189116896,3.10889677261296,0.0312120058754251,0.00875567857154547,0.000253681460407051,0.516680885483854,0.753495571934425,0.0688482887781769,1.30618292592923,1.43405879546406,1.47970748664853,0.780878599137806,0.923368077200653,1.02633351372069,0.636344474184968,0.928379465376086,1.6982325369546,0.325389672508098,1.66016512475102,0.181221987908977,0.364386582976869,0.592044037327356
0.0266563655903822,0.054812809793956,0.187272071954698,2.22407752571606,6.70477406172765e-06,0.0407815149711466,2.78387144119279,2.08536958780669,2.89383158217042,0.0312120058754251,3.46850142103763,2.8147738895097,2.94479926981687,0.355665978950954,0.502693369971277,2.58894080896681,0.648013575503468,0.647109910629814,0.836229710520784,2.02104939518852,1.76860450697361,1.61119817059455,1.13026177106654,1.86537486158246,1.09928470981361,2.87799000727956,1.27538950162974,3.23137487193565,2.95533810819647,2.72147459471887
0.0059792819430784,0.00948222743224791,0.393443467792019,2.11109755597654,0.0577099539320112,0.191692345855714,2.4261838903465,2.07040401209797,2.66570131797774,0.00875567857154547,2.8147738895097,3.6610267600399,3.32561112371292,0.602301794262423,0.877328742554464,3.42700865137891,0.32582867107584,0.316300150777398,0.436092977187251,1.39450749863749,1.17192787016596,1.03681383563114,1.783325492071,1.25015825572935,0.596336813958092,2.23740416277997,0.725178159285443,2.67797873740381,2.34777507405045,2.09440298459755
0.010425675422717,0.0186184235317506,0.32523206527219,2.18349372688141,0.0293093589942264,0.135605056764118,2.54810553010519,2.11799105416065,2.78833477453661,0.000253681460407051,2.94479926981687,3.32561112371292,3.46021912564428,0.524002253658657,0.752229516308319,3.09184498568743,0.401364581571245,0.393194973639687,0.528261851225493,1.52851475831417,1.3025484095313,1.1640262734339,1.55019258911722,1.38301670004241,0.709013607310064,2.35901758029733,0.846952103288558,2.76985936494474,2.45525923094835,2.20891990528402
0.0449367952747974,0.114989233683747,1.04040587293909,0.36674557277917,0.613618408265389,0.830741279835938,0.337281996105558,0.404551110046903,0.39411142499278,0.516680885483854,0.355665978950954,0.602301794262423,0.524002253658657,1.25999017825972,1.25986294600445,0.774802950397072,0.0498444844553922,0.0604285720275706,0.0436003707304762,0.0149181876652955,0.0030511041510084,0.000110636085643101,1.20528579434354,0.00444860219238175,0.0391804162820404,0.130291533124659,0.0267121366344414,0.219018309800034,0.128966367782652,0.0687039334745112
0.0479391510737679,0.130410831623097,1.20175503131904,0.489623609912872,0.834953274165521,1.13825192084888,0.463068977075593,0.537419477771965,0.547637308077234,0.753495571934425,0.502693369971277,0.877328742554464,0.752229516308319,1.25986294600445,2.09807732178077,1.17489624080942,0.0713623841107016,0.0872375559748813,0.0652606961715252,0.0196602557755106,0.00349008649971294,2.57844311177813e-05,1.9599665265641,0.00535565524387183,0.0620880651708857,0.186366184396343,0.0435870606942794,0.31911163945282,0.187791080157211,0.100039290136721
0.000670099404948665,0.000261064947983947,0.555249185609541,1.93949025194588,0.151199412670836,0.346013555177488,2.20101747199467,1.92818720024666,2.43812431372647,0.0688482887781769,2.58894080896681,3.42700865137891,3.09184498568743,0.774802950397072,1.17489624080942,4.46066848110937,0.195721876371612,0.184802524410463,0.276058881876267,1.16054258229412,0.941854339838135,0.812023774183555,2.39328468192327,1.01719427418833,0.399313144638022,2.03666209592339,0.511188066934855,2.53611714257451,2.18157767882095,1.91650698225933
0.173324734722315,0.444625199701233,0.156552722215759,0.454550376580718,0.795857434174987,0.51548437392471,0.589299533172476,0.3862590701491,0.522019838928212,1.30618292592923,0.648013575503468,0.32582867107584,0.401364581571245,0.0498444844553922,0.0713623841107016,0.195721876371612,2.45594000107933,2.44494459041605,2.44954736778917,1.93051252366399,2.06744549925347,2.15636105780143,0.00783119874154803,2.06812020140542,2.44522642418434,1.36050752192369,2.42735061809313,1.11547105850876,1.44080894942332,1.73800609910952
0.175695591217457,0.453277100817838,0.176951824298053,0.445459566827696,0.863344218343965,0.566905348108417,0.584396269427127,0.376131067796543,0.515840733622295,1.43405879546406,0.647109910629814,0.316300150777398,0.393194973639687,0.0604285720275706,0.0872375559748813,0.184802524410463,2.44494459041605,2.70566505257444,2.67662589490486,2.03849482735868,2.19365425126776,2.29726777138701,0.0137269220995448,2.19992516417206,2.68005246876098,1.4094408049315,2.65459353257855,1.14703196818415,1.50346303201228,1.83947668370676
0.170581811782079,0.438519841973666,0.151991497905244,0.564615316149015,0.844455203783834,0.540688369341764,0.743238400173735,0.480854975915105,0.666223468740228,1.47970748664853,0.836229710520784,0.436092977187251,0.528261851225493,0.0436003707304762,0.0652606961715252,0.276058881876267,2.44954736778917,2.67662589490486,3.39660293021389,2.58791871967538,2.77878908534524,2.91009283517874,0.0037180418091296,2.80357598559656,3.39218081001517,1.80754555184495,3.37259409386655,1.48987779393292,1.95075961787995,2.39467641181211
0.116918626895667,0.286383222407637,0.00443698432986928,1.34167735698812,0.359510163816577,0.15497219434069,1.72818878458107,1.19809713525185,1.65374127412114,0.780878599137806,2.02104939518852,1.39450749863749,1.52851475831417,0.0149181876652955,0.0196602557755106,1.16054258229412,1.93051252366399,2.03849482735868,2.58791871967538,4.87440857172519,4.42619137564244,4.16173971666442,0.184459439263307,4.69229384406718,3.56927926954262,3.79143054552675,3.96442553083099,3.35551159100838,4.1273634414489,4.67391227979097
0.129051055867019,0.319450033649113,0.0177949656595824,1.18041823874587,0.448599015839089,0.218341938974165,1.52406942228942,1.04660423039584,1.44286509501569,0.923368077200653,1.76860450697361,1.17192787016596,1.3025484095313,0.0030511041510084,0.00349008649971294,0.941854339838135,2.06744549925347,2.19365425126776,2.77878908534524,4.42619137564244,4.65111278726255,4.38663681852134,0.108550915094897,4.64518669394011,3.77562579391043,3.3829177756461,4.11182464198999,2.95997300223323,3.6817630400516,4.26571853883854
0.136922747269038,0.341352215562266,0.0316726011685993,1.0765411723197,0.51365144830442,0.266715613965532,1.39378989674313,0.949519086644419,1.31016883527684,1.02633351372069,1.61119817059455,1.03681383563114,1.1640262734339,0.000110636085643101,2.57844311177813e-05,0.812023774183555,2.15636105780143,2.29726777138701,2.91009283517874,4.16173971666442,4.38663681852134,4.54776519433473,0.0694789022494033,4.44114721165654,3.91782694896465,3.13740332229257,4.2041706846864,2.72321188987121,3.41894033403948,4.01909358286069
0.0233326655136317,0.070114108007826,1.07469053084599,0.972760149827819,0.703561535367562,1.02151314741105,0.998055350653579,1.02650829822935,1.15296472001298,0.636344474184968,1.13026177106654,1.783325492071,1.55019258911722,1.20528579434354,1.9599665265641,2.39328468192327,0.00783119874154803,0.0137269220995448,0.0037180418091296,0.184459439263307,0.108550915094897,0.0694789022494033,3.79292312863498,0.124151799957345,0.00118027003531296,0.609744347527394,0.000472443118626487,0.893648465878345,0.641765728865282,0.456609602148635
0.127255738610049,0.315248212744268,0.0153067071331372,1.22989029992765,0.443536345243841,0.212417211277017,1.59411803566904,1.09165450679443,1.51599947228024,0.928379465376086,1.86537486158246,1.25015825572935,1.38301670004241,0.00444860219238175,0.00535565524387183,1.01719427418833,2.06812020140542,2.19992516417206,2.80357598559656,4.69229384406718,4.64518669394011,4.44114721165654,0.124151799957345,5.11954086755797,3.95799117713221,3.61457012492678,4.38862314338714,3.17615050284986,3.99333537403231,4.69100845882105
0.16825110858803,0.434103213209097,0.151436954080849,0.70092334717778,0.908658025059802,0.580617745118487,0.943681543757009,0.597716768603207,0.859300422681627,1.6982325369546,1.09928470981361,0.596336813958092,0.709013607310064,0.0391804162820404,0.0620880651708857,0.399313144638022,2.44522642418434,2.68005246876098,3.39218081001517,3.56927926954262,3.77562579391043,3.91782694896465,0.00118027003531296,3.95799117713221,5.62229044412844,2.50881592370123,5.57847970283804,2.09364610992469,2.83236766270184,3.66353941558593
0.0715388660027578,0.166776162896207,0.0317130754579384,1.87261170038109,0.105498614207896,0.0126789183076932,2.3932445344076,1.71070610121951,2.37386386166593,0.325389672508098,2.87799000727956,2.23740416277997,2.35901758029733,0.130291533124659,0.186366184396343,2.03666209592339,1.36050752192369,1.4094408049315,1.80754555184495,3.79143054552675,3.3829177756461,3.13740332229257,0.609744347527394,3.61457012492678,2.50881592370123,5.1004550695309,2.88370012500758,4.65743507921204,5.09851989265411,4.93805915039547
0.163634212019891,0.421012263551194,0.128195529090905,0.803089875801326,0.866199456192516,0.540624714080143,1.08188829678696,0.689443625762326,0.996930826220845,1.66016512475102,1.27538950162974,0.725178159285443,0.846952103288558,0.0267121366344414,0.0435870606942794,0.511188066934855,2.42735061809313,2.65459353257855,3.37259409386655,3.96442553083099,4.11182464198999,4.2041706846864,0.000472443118626487,4.38862314338714,5.57847970283804,2.88370012500758,6.74946824673527,2.44564648036289,3.31658251645185,4.3600121631476
0.0522810849298345,0.118467618062625,0.08380692390018,2.06962170965955,0.0388160375120359,0.000304832282848277,2.63369778317248,1.91218268152554,2.66963898490071,0.181221987908977,3.23137487193565,2.67797873740381,2.76985936494474,0.219018309800034,0.31911163945282,2.53611714257451,1.11547105850876,1.14703196818415,1.48987779393292,3.35551159100838,2.95997300223323,2.72321188987121,0.893648465878345,3.17615050284986,2.09364610992469,4.65743507921204,2.44564648036289,5.39862901355522,5.03114653861406,4.76173945078883
0.0734344598806427,0.172940988176347,0.0298616063208814,1.89136235862293,0.11830864697792,0.0159104358375091,2.426616258299,1.72947829067142,2.42375949025866,0.364386582976869,2.95533810819647,2.34777507405045,2.45525923094835,0.128966367782652,0.187791080157211,2.18157767882095,1.44080894942332,1.50346303201228,1.95075961787995,4.1273634414489,3.6817630400516,3.41894033403948,0.641765728865282,3.99333537403231,2.83236766270184,5.09851989265411,3.31658251645185,5.03114653861406,6.31672906884217,6.04685668081887
0.0928753388084713,0.22501500876488,0.00473134739236869,1.72496140585062,0.227231996628976,0.0654808916728005,2.23374891535108,1.5637891458816,2.21147468513987,0.592044037327356,2.72147459471887,2.09440298459755,2.20891990528402,0.0687039334745112,0.100039290136721,1.91650698225933,1.73800609910952,1.83947668370676,2.39467641181211,4.67391227979097,4.26571853883854,4.01909358286069,0.456609602148635,4.69100845882105,3.66353941558593,4.93805915039547,4.3600121631476,4.76173945078883,6.04685668081887,7.97187688438974
