1.91143237616376,1.76310299331224,1.91009704846547,1.90854483964403,1.76992862656603,1.87966654126232,0.377909584639114,0.233620757720101,0.720957530625223,1.30442452409549,0.781716455582517,0.787937600139524,0.304155923439962,0.00826348601242488,0.367743701660716,0.820744217023787,0.361725845700739,0.175395944170198,0.0829452583034014,0.191647498770354,0.909392352502847,1.00557242158797,1.15074640736042,1.37539492644229,0.546260404903966,0.478970872070119,1.32230074106836,1.61772298998161,0.00467163019499051,0.0349798108954174
1.76310299331224,2.80367037905032,2.35895109452268,2.37655272854814,1.80945232516467,2.71862948769993,0.263820354989522,0.136193975769725,0.573028616022716,1.22359703593277,1.44743005536349,1.45753047219618,0.710992900962782,0.00121843955176026,0.230525433189479,1.51362472065707,0.824154884261333,0.490829260283345,0.30055206430794,0.524425647190532,1.66759608527224,1.80842044526009,2.01980094277799,2.3374053244137,1.13074548726519,1.0283581296524,2.27906766231507,2.65378389473735,0.0610991093784961,0.177926044462078
1.91009704846547,2.35895109452268,2.78076013420323,2.75958686747488,2.19079825583528,2.71496959412522,0.400224864341879,0.247772538084224,0.810375715310665,1.58883003698232,1.04786299881748,1.05667642488878,0.417312764581266,0.00703273241826619,0.427512697089513,1.10510414931641,0.501097015322146,0.246781649715799,0.119508802715711,0.269827215219426,1.24039924215463,1.37257245700836,1.5760519353944,1.89902820185548,0.754760431767655,0.665639169299313,1.84115279108185,2.27478666985614,0.00791294371953288,0.0519905091817705
1.90854483964403,2.37655272854814,2.75958686747488,2.77719806967847,2.17265053308491,2.72282886020563,0.393609890285529,0.242100053669783,0.798776693350592,1.57071345130891,1.06353705414061,1.07240257277825,0.428428438793434,0.00617235825570339,0.417227063101623,1.12113712239371,0.513403104773489,0.255696051852187,0.125738009132345,0.279176863891601,1.25718988378873,1.38973774783883,1.59358318150087,1.91650342620154,0.769325258879792,0.679615912687173,1.85860497739459,2.29056024837155,0.00921543538559977,0.0559663435732753
1.76992862656603,1.80945232516467,2.19079825583528,2.17265053308491,2.49785508098728,2.14740562468569,0.54851809168937,0.382496241020769,1.04998489279071,1.89588116772809,0.646161728264188,0.652827634079002,0.178787008910153,0.041647496446009,0.655741008707811,0.688534298463532,0.228481644075056,0.0742391735822774,0.0166764348409649,0.0858829750143761,0.788465955554673,0.896958697126738,1.06695504018766,1.3464009457504,0.404756684549644,0.338283102715621,1.28827784763608,1.68821090366073,0.00555939302466202,0.000619618094789942
1.87966654126232,2.71862948769993,2.71496959412522,2.72282886020563,2.14740562468569,3.50586088241353,0.348811860616479,0.2020181806038,0.744621888079983,1.55529496743005,1.410779036768,1.42221043909398,0.628494317645623,0.000828453324305478,0.363176172355413,1.48734469415514,0.748160059540337,0.405917947210574,0.222955697417414,0.439390360829857,1.67323891769533,1.83552416973844,2.0867027292752,2.48500370532494,1.07939237603162,0.96917831782744,2.43838610568951,2.96366012908821,0.0288531867182797,0.115015447244729
0.377909584639114,0.263820354989522,0.400224864341879,0.393609890285529,0.54851809168937,0.348811860616479,1.01107720977946,0.842224702482306,0.968592044618019,0.817291759385614,0.000324990910085088,0.000434139682527146,0.0766782082856428,0.328331905006384,0.950812033117557,0.00115921216133819,0.0617785038080418,0.149827605919843,0.227094488018055,0.141102719735212,0.0045600156659833,0.0133700339482017,0.0344850525298428,0.0861009917841602,0.0188997620760851,0.0328070558047742,0.0672885137978776,0.170725749116249,0.304546969072945,0.283291196179202
0.233620757720101,0.136193975769725,0.247772538084224,0.242100053669783,0.382496241020769,0.2020181806038,0.842224702482306,1.06030632461319,0.851362310199452,0.662712004252299,0.0231779081337349,0.0223395118714769,0.200394497490773,0.465299314731977,1.06016420414549,0.0186799371012185,0.177967506128664,0.308132122420837,0.408064997712921,0.296584345755812,0.0109286700627207,0.00304803479138283,0.000288663656049071,0.0167095638613417,0.0979537503293049,0.127317184058847,0.00845247974342911,0.0652979157945381,0.483456379854142,0.474206313351935
0.720957530625223,0.573028616022716,0.810375715310665,0.798776693350592,1.04998489279071,0.744621888079983,0.968592044618019,0.851362310199452,1.75212685988669,1.52837621955915,0.03031138999307,0.0315517773408773,0.0362341768472718,0.28697658917494,1.35778254642102,0.0378877978164724,0.0236407936288661,0.1096231583708,0.199365411660554,0.100148990431621,0.0569128651008652,0.0883379503303829,0.146387390165871,0.263245871384937,0.000173317888401581,0.00457858404506295,0.226494228270474,0.433892696239612,0.275937045759377,0.265965388961591
1.30442452409549,1.22359703593277,1.58883003698232,1.57071345130891,1.89588116772809,1.55529496743005,0.817291759385614,0.662712004252299,1.52837621955915,2.66744858692275,0.24558488069604,0.249785605075739,0.00750887579093718,0.159722894216981,1.21129465967038,0.271738420257939,0.0184470912594739,0.00551144646318624,0.0459793493403065,0.00307609700214329,0.334553920442569,0.41408012164875,0.545309899987105,0.778067902369618,0.0903169693985308,0.057624626877673,0.722233057151016,1.08872717099854,0.117958398968352,0.0922670973000592
0.781716455582517,1.44743005536349,1.04786299881748,1.06353705414061,0.646161728264188,1.410779036768,0.000324990910085088,0.0231779081337349,0.03031138999307,0.24558488069604,4.07158161490352,4.06434792854479,2.93290763387904,0.232498938154133,0.0484000060603265,4.04303383869945,3.22987553876786,2.53771648156676,2.01918143491123,2.63523060426946,3.99690969816488,3.81857246176051,3.50233661139419,2.97469147981755,3.72619850213137,3.59370609678126,3.29010246891383,2.42830223075962,0.74290334211448,1.52814814275768
0.787937600139524,1.45753047219618,1.05667642488878,1.07240257277825,0.652827634079002,1.42221043909398,0.000434139682527146,0.0223395118714769,0.0315517773408773,0.249785605075739,4.06434792854479,4.08663262757125,2.92680541403777,0.230544641838387,0.0467676471605087,4.06466347144715,3.22582568855153,2.53117286197419,2.01197777301212,2.62900353783535,4.01814395016835,3.84082335681216,3.52347572614429,2.99361096295749,3.72704546241956,3.59335236972784,3.31120509018715,2.4452344500116,0.738576985327295,1.52120029077932
0.304155923439962,0.710992900962782,0.417312764581266,0.428428438793434,0.178787008910153,0.628494317645623,0.0766782082856428,0.200394497490773,0.0362341768472718,0.00750887579093718,2.93290763387904,2.92680541403777,4.64177779564637,0.470448010347143,0.407005147388662,2.92657025509407,4.60198935640557,4.22861646785152,3.54313957345211,4.34283703934851,2.95084787239367,2.70148759864041,2.36366486057349,1.86443280857234,4.18573455100023,4.41558714719944,2.15143574804449,1.38199008246589,1.29084565404584,2.73650335524422
0.00826348601242488,0.00121843955176026,0.00703273241826619,0.00617235825570339,0.041647496446009,0.000828453324305478,0.328331905006384,0.465299314731977,0.28697658917494,0.159722894216981,0.232498938154133,0.230544641838387,0.470448010347143,0.736261728583059,0.549770648003936,0.221914920735907,0.448849883801809,0.557688704068898,0.622508038687316,0.549019659752778,0.201272526076782,0.168451463672323,0.124764944892025,0.0680529189762575,0.359849756119428,0.395563734626263,0.0869968591689041,0.0235683820849699,0.687728239546117,0.660952144101512
0.367743701660716,0.230525433189479,0.427512697089513,0.417227063101623,0.655741008707811,0.363176172355413,0.950812033117557,1.06016420414549,1.35778254642102,1.21129465967038,0.0484000060603265,0.0467676471605087,0.407005147388662,0.549770648003936,2.58250966052822,0.0397389765015661,0.370513562231664,0.638989686275592,0.838332319133414,0.61877226045333,0.0245795759337861,0.00775561689673454,0.000146590971579208,0.0280549332462785,0.206352911712346,0.269488644875372,0.0136727164499888,0.117672032199599,0.767664563966105,0.935306138698551
0.820744217023787,1.51362472065707,1.10510414931641,1.12113712239371,0.688534298463532,1.48734469415514,0.00115921216133819,0.0186799371012185,0.0378877978164724,0.271738420257939,4.04303383869945,4.06466347144715,2.92657025509407,0.221914920735907,0.0397389765015661,4.23126767118475,3.2442283175787,2.52643160740616,1.9966459938154,2.6278464447771,4.18448765081051,3.9989365622008,3.66403840501789,3.11320446227635,3.78103145772271,3.63974214792568,3.45239216629265,2.54920595792478,0.72105724620429,1.49993581969386
0.361725845700739,0.824154884261333,0.501097015322146,0.513403104773489,0.228481644075056,0.748160059540337,0.0617785038080418,0.177967506128664,0.0236407936288661,0.0184470912594739,3.22987553876786,3.22582568855153,4.60198935640557,0.448849883801809,0.370513562231664,3.2442283175787,5.37814789769089,4.39613601363711,3.60031943133531,4.57673514537477,3.32429062287277,3.05018624623697,2.68155855201329,2.13304347888995,4.80519463768478,5.13893123219736,2.47401602036245,1.60382959547077,1.25488036013965,2.72034572275083
0.175395944170198,0.490829260283345,0.246781649715799,0.255696051852187,0.0742391735822774,0.405917947210574,0.149827605919843,0.308132122420837,0.1096231583708,0.00551144646318624,2.53771648156676,2.53117286197419,4.22861646785152,0.557688704068898,0.638989686275592,2.52643160740616,4.39613601363711,5.08475708561496,4.23706513035084,5.0613639106489,2.54107570187749,2.29738816935584,1.97062799245578,1.49724999384707,3.83999323197103,4.1598704165833,1.7596452946158,1.05005864654391,1.46744568482947,3.21322165943188
0.0829452583034014,0.30055206430794,0.119508802715711,0.125738009132345,0.0166764348409649,0.222955697417414,0.227094488018055,0.408064997712921,0.199365411660554,0.0459793493403065,2.01918143491123,2.01197777301212,3.54313957345211,0.622508038687316,0.838332319133414,1.9966459938154,3.60031943133531,4.23706513035084,4.56311575992905,4.22171932279316,1.97767488606967,1.7661740214132,1.48317901847058,1.08134632811752,3.08963253597688,3.36253246490788,1.2846645981256,0.709197322739917,1.57433368794308,3.46301383977686
0.191647498770354,0.524425647190532,0.269827215219426,0.279176863891601,0.0858829750143761,0.439390360829857,0.141102719735212,0.296584345755812,0.100148990431621,0.00307609700214329,2.63523060426946,2.62900353783535,4.34283703934851,0.549019659752778,0.61877226045333,2.6278464447771,4.57673514537477,5.0613639106489,4.22171932279316,5.30371846120253,2.65376842560805,2.40260638848722,2.06611006948,1.57720028760279,4.00834388748765,4.34916698284767,1.85406254806869,1.1146993714543,1.45292108818668,3.18985817676768
0.909392352502847,1.66759608527224,1.24039924215463,1.25718988378873,0.788465955554673,1.67323891769533,0.0045600156659833,0.0109286700627207,0.0569128651008652,0.334553920442569,3.99690969816488,4.01814395016835,2.95084787239367,0.201272526076782,0.0245795759337861,4.18448765081051,3.32429062287277,2.54107570187749,1.97767488606967,2.65376842560805,4.75054050595491,4.46107220238726,4.06898975601222,3.45973374036898,3.95593427149045,3.80127619524016,3.88502647664274,2.854118303986,0.680594505546731,1.45884637638389
1.00557242158797,1.80842044526009,1.37257245700836,1.38973774783883,0.896958697126738,1.83552416973844,0.0133700339482017,0.00304803479138283,0.0883379503303829,0.41408012164875,3.81857246176051,3.84082335681216,2.70148759864041,0.168451463672323,0.00775561689673454,3.9989365622008,3.05018624623697,2.29738816935584,1.7661740214132,2.40260638848722,4.46107220238726,4.67654932258506,4.28412308238688,3.67099987374875,3.66712240621694,3.51285234388172,4.09633458015978,3.05956446905494,0.597645494288361,1.29073099093115
1.15074640736042,2.01980094277799,1.5760519353944,1.59358318150087,1.06695504018766,2.0867027292752,0.0344850525298428,0.000288663656049071,0.146387390165871,0.545309899987105,3.50233661139419,3.52347572614429,2.36366486057349,0.124764944892025,0.000146590971579208,3.66403840501789,2.68155855201329,1.97062799245578,1.48317901847058,2.06611006948,4.06898975601222,4.28412308238688,4.61553325385219,3.99668643704474,3.27728541485265,3.12390729359941,4.40323173481079,3.37774503186026,0.484008773635566,1.06500783411882
1.37539492644229,2.3374053244137,1.89902820185548,1.91650342620154,1.3464009457504,2.48500370532494,0.0861009917841602,0.0167095638613417,0.263245871384937,0.778067902369618,2.97469147981755,2.99361096295749,1.86443280857234,0.0680529189762575,0.0280549332462785,3.11320446227635,2.13304347888995,1.49724999384707,1.08134632811752,1.57720028760279,3.45973374036898,3.67099987374875,3.99668643704474,4.48866130561757,2.68235602718932,2.53271327957002,4.43031768664735,3.86623590102212,0.325177368599511,0.748781704140579
0.546260404903966,1.13074548726519,0.754760431767655,0.769325258879792,0.404756684549644,1.07939237603162,0.0188997620760851,0.0979537503293049,0.000173317888401581,0.0903169693985308,3.72619850213137,3.72704546241956,4.18573455100023,0.359849756119428,0.206352911712346,3.78103145772271,4.80519463768478,3.83999323197103,3.08963253597688,4.00834388748765,3.95593427149045,3.66712240621694,3.27728541485265,2.68235602718932,5.58884397686109,5.43311098990526,3.09219016635583,2.10125218736788,1.06466230145502,2.31057404415806
0.478970872070119,1.0283581296524,0.665639169299313,0.679615912687173,0.338283102715621,0.96917831782744,0.0328070558047742,0.127317184058847,0.00457858404506295,0.057624626877673,3.59370609678126,3.59335236972784,4.41558714719944,0.395563734626263,0.269488644875372,3.63974214792568,5.13893123219736,4.1598704165833,3.36253246490788,4.34916698284767,3.80127619524016,3.51285234388172,3.12390729359941,2.53271327957002,5.43311098990526,5.89701770747197,2.9368935525546,1.95770181878641,1.14672020108759,2.51033104994234
1.32230074106836,2.27906766231507,1.84115279108185,1.85860497739459,1.28827784763608,2.43838610568951,0.0672885137978776,0.00845247974342911,0.226494228270474,0.722233057151016,3.29010246891383,3.31120509018715,2.15143574804449,0.0869968591689041,0.0136727164499888,3.45239216629265,2.47401602036245,1.7596452946158,1.2846645981256,1.85406254806869,3.88502647664274,4.09633458015978,4.40323173481079,4.43031768664735,3.09219016635583,2.9368935525546,5.11114629376843,3.88280318437924,0.38682215265464,0.893849686083146
1.61772298998161,2.65378389473735,2.27478666985614,2.29056024837155,1.68821090366073,2.96366012908821,0.170725749116249,0.0652979157945381,0.433892696239612,1.08872717099854,2.42830223075962,2.4452344500116,1.38199008246589,0.0235683820849699,0.117672032199599,2.54920595792478,1.60382959547077,1.05005864654391,0.709197322739917,1.1146993714543,2.854118303986,3.05956446905494,3.37774503186026,3.86623590102212,2.10125218736788,1.95770181878641,3.88280318437924,4.47815751475291,0.180864666767512,0.460052887380538
0.00467163019499051,0.0610991093784961,0.00791294371953288,0.00921543538559977,0.00555939302466202,0.0288531867182797,0.304546969072945,0.483456379854142,0.275937045759377,0.117958398968352,0.74290334211448,0.738576985327295,1.29084565404584,0.687728239546117,0.767664563966105,0.72105724620429,1.25488036013965,1.46744568482947,1.57433368794308,1.45292108818668,0.680594505546731,0.597645494288361,0.484008773635566,0.325177368599511,1.06466230145502,1.14672020108759,0.38682215265464,0.180864666767512,1.65208575941903,1.62454991145484
0.0349798108954174,0.177926044462078,0.0519905091817705,0.0559663435732753,0.000619618094789942,0.115015447244729,0.283291196179202,0.474206313351935,0.265965388961591,0.0922670973000592,1.52814814275768,1.52120029077932,2.73650335524422,0.660952144101512,0.935306138698551,1.49993581969386,2.72034572275083,3.21322165943188,3.46301383977686,3.18985817676768,1.45884637638389,1.29073099093115,1.06500783411882,0.748781704140579,2.31057404415806,2.51033104994234,0.893849686083146,0.460052887380538,1.62454991145484,3.56004555326291
