0,1.26547671084367,9.7752803741699,2.29764144013122,9.69622726277321,2.78933533651477,2.38518356837593,2.89139949663323,11.6355478809705,12.6504083588057,12.6416268728126,12.7717011890118,12.8543969259027,11.7070250273144,12.1192229371634,13.5392241776062,5.73555716349289,13.8533302382617,5.86259053270694,13.998356850165,6.52380431249111,14.652129506789,6.73459387422906,14.7478487060252,14.486922082972,14.4386862858913,15.2188953898,15.5002901655843,7.30599039071876,7.47703328117836
1.26547671084367,0,9.95127379823671,2.47363486419803,9.87222068684002,2.96532876058158,2.56627749641552,2.9261528194954,11.8115413050374,12.8264017828725,12.8176202968794,12.9476946130786,13.0303903499695,11.8830184513812,12.2952163612302,13.715217601673,5.9115505875597,14.0293236623285,6.03858395677376,14.1743502742319,6.69979773655793,14.8281229308558,6.91058729829587,14.9238421300921,14.6629155070388,14.6146797099581,15.3948888138668,15.6762835896512,7.48198381478557,7.65302670524517
9.7752803741699,9.95127379823671,0,10.6793280768617,8.05201713930383,11.1710219732453,11.0760811597418,11.5771965840263,9.99133775750117,4.5681085064707,3.59743616838865,4.68940133667688,4.77209707356769,10.062814903845,10.475012813694,5.45692432527123,14.1172438002234,5.77103038592672,14.2442771694375,4.95416614574111,14.9054909492216,5.60793880236511,15.1162805109596,6.66554885369028,5.44273137854804,5.39449558146732,7.13659553746507,7.41799031324938,15.6876770274493,15.8587199179089
2.29764144013122,2.47363486419803,10.6793280768617,0,10.6002749654651,1.38621682938848,3.59844222570307,4.0995576499876,12.5395955836624,13.5544560614975,13.5456745755044,13.6757488917037,13.7584446285945,12.6110727300062,13.0232706398552,14.443271880298,4.99070096807505,14.7573779409535,5.11773433728911,14.9024045528569,5.77894811707327,15.5561772094809,5.98973767881122,15.6518964087171,15.3909697856638,15.3427339885831,16.1229430924919,16.4043378682762,6.56113419530092,6.73217708576052
9.69622726277321,9.87222068684002,8.05201713930383,10.6002749654651,0,11.0919688618486,10.9970280483451,11.4981434726296,3.66945061984806,10.9271451239396,10.9183636379465,11.0484379541458,11.1311336910366,4.16708037025879,4.57927828010781,11.8159609427401,14.0381906888267,12.1300670033956,14.1652240580408,12.275093615299,14.826437837825,12.928866271923,15.0372273995629,13.0245854711592,12.7636588481059,12.7154230510252,13.495632154934,13.7770269307183,15.6086239160526,15.7796668065122
2.78933533651477,2.96532876058158,11.1710219732453,1.38621682938848,11.0919688618486,0,4.09013612208662,4.59125154637115,13.0312894800459,14.046149957881,14.037368471888,14.1674427880872,14.250138524978,13.1027666263897,13.5149645362388,14.9349657766816,5.48239486445859,15.2490718373371,5.60942823367265,15.3940984492404,6.27064201345682,16.0478711058644,6.48143157519477,16.1435903051006,15.8826636820474,15.8344278849666,16.6146369888754,16.8960317646597,7.05282809168446,7.22387098214407
2.38518356837593,2.56627749641552,11.0760811597418,3.59844222570307,10.9970280483451,4.09013612208662,0,4.19220028220509,12.9363486665424,13.9512091443775,13.9424276583844,14.0725019745837,14.1551977114745,13.0078258128862,13.4200237227352,14.840024963178,7.03635794906474,15.1541310238335,7.1633913182788,15.2991576357369,7.82460509806297,15.9529302923609,8.03539465980091,16.0486494915971,15.7877228685438,15.7394870714631,16.5196961753719,16.8010909511562,8.60679117629061,8.77783406675021
2.89139949663323,2.9261528194954,11.5771965840263,4.0995576499876,11.4981434726296,4.59125154637115,4.19220028220509,0,13.4374640908269,14.452324568662,14.443543082669,14.5736173988682,14.656313135759,13.5089412371707,13.9211391470198,15.3411403874626,7.53747337334927,15.6552464481181,7.66450674256333,15.8002730600214,8.32572052234749,16.4540457166454,8.53651008408544,16.5497649158816,16.2888382928284,16.2406024957476,17.0208115996564,17.3022063754407,9.10790660057514,9.27894949103474
11.6355478809705,11.8115413050374,9.99133775750117,12.5395955836624,3.66945061984806,13.0312894800459,12.9363486665424,13.4374640908269,0,12.8664657421369,12.8576842561438,12.9877585723431,13.0704543092339,6.10640098845613,6.51859889830515,13.7552815609375,15.9775113070241,14.0693876215929,16.1045446762381,14.2144142334963,16.7657584560223,14.8681868901203,16.9765480177602,14.9639060893565,14.7029794663032,14.6547436692225,15.4349527731313,15.7163475489156,17.5479445342499,17.7189874247095
12.6504083588057,12.8264017828725,4.5681085064707,13.5544560614975,10.9271451239396,14.046149957881,13.9512091443775,14.452324568662,12.8664657421369,0,7.43445500511338,1.65838680945868,1.87240964870997,12.9379428884807,13.3501407983297,2.55723690041351,16.9923717848592,2.74001585870853,17.1194051540732,8.79118498246585,17.7806189338574,9.44495763908984,17.9914084955953,3.76586142883256,9.27975021527277,9.23151441819205,4.23690811260735,4.51830288839167,18.562805012085,18.7338479025446
12.6416268728126,12.8176202968794,3.59743616838865,13.5456745755044,10.9183636379465,14.037368471888,13.9424276583844,14.443543082669,12.8576842561438,7.43445500511338,0,7.55574783531956,7.63844357221038,12.9291614024877,13.3413593123367,8.32327082391392,16.9835902988661,8.63737688456941,17.1106236680801,4.9443254228097,17.7718374478643,4.1551011152064,17.9826270096023,9.53189535233297,3.98989369138933,5.38465485853591,10.0029420361078,10.2843368118921,18.554023526092,18.7250664165516
12.7717011890118,12.9476946130786,4.68940133667688,13.6757488917037,11.0484379541458,14.1674427880872,14.0725019745837,14.5736173988682,12.9877585723431,1.65838680945868,7.55574783531956,0,1.99370247891615,13.0592357186869,13.4714336285359,2.67852973061969,17.1136646150654,2.15280056633593,17.2406979842794,8.91247781267202,17.9019117640636,9.56625046929602,18.1127013258015,3.88715425903874,9.40104304547895,9.35280724839823,4.35820094281352,4.63959571859784,18.6840978422912,18.8551407327508
12.8543969259027,13.0303903499695,4.77209707356769,13.7584446285945,11.1311336910366,14.250138524978,14.1551977114745,14.656313135759,13.0704543092339,1.87240964870997,7.63844357221038,1.99370247891615,0,13.1419314555777,13.5541293654267,1.84749687251408,17.1963603519562,3.075331528166,17.3233937211702,8.99517354956284,17.9846075009544,9.64894620618683,18.1953970626923,3.50241165564773,9.48373878236977,9.43550298528904,3.97345833942251,4.25485311520683,18.766793579182,18.9378364696416
11.7070250273144,11.8830184513812,10.062814903845,12.6110727300062,4.16708037025879,13.1027666263897,13.0078258128862,13.5089412371707,6.10640098845613,12.9379428884807,12.9291614024877,13.0592357186869,13.1419314555777,0,1.00935167528007,13.8267587072813,16.0489884533679,14.1408647679368,16.1760218225819,14.2858913798401,16.8372356023661,14.9396640364641,17.048025164104,15.0353832357003,14.774456612647,14.7262208155663,15.5064299194751,15.7878246952594,17.6194216805937,17.7904645710533
12.1192229371634,12.2952163612302,10.475012813694,13.0232706398552,4.57927828010781,13.5149645362388,13.4200237227352,13.9211391470198,6.51859889830515,13.3501407983297,13.3413593123367,13.4714336285359,13.5541293654267,1.00935167528007,0,14.2389566171303,16.4611863632169,14.5530626777858,16.5882197324309,14.6980892896891,17.2494335122151,15.3518619463131,17.4602230739531,15.4475811455493,15.1866545224961,15.1384187254153,15.9186278293241,16.2000226051084,18.0316195904427,18.2026624809024
13.5392241776062,13.715217601673,5.45692432527123,14.443271880298,11.8159609427401,14.9349657766816,14.840024963178,15.3411403874626,13.7552815609375,2.55723690041351,8.32327082391392,2.67852973061969,1.84749687251408,13.8267587072813,14.2389566171303,0,17.8811876036597,3.76015877986954,18.0082209728738,9.68000080126638,18.6694347526579,10.3337734578904,18.8802243143959,4.18723890735127,10.1685660340733,10.1203302369926,4.65828559112605,4.93968036691037,19.4516208308856,19.6226637213452
5.73555716349289,5.9115505875597,14.1172438002234,4.99070096807505,14.0381906888267,5.48239486445859,7.03635794906474,7.53747337334927,15.9775113070241,16.9923717848592,16.9835902988661,17.1136646150654,17.1963603519562,16.0489884533679,16.4611863632169,17.8811876036597,0,18.1952936643152,1.95854611049828,18.3403202762186,0.879832936996911,18.9940929328426,2.8305494520204,19.0898121320788,18.8288855090255,18.7806497119448,19.5608588158535,19.8422535916379,3.40194596851009,3.5729888589697
13.8533302382617,14.0293236623285,5.77103038592672,14.7573779409535,12.1300670033956,15.2490718373371,15.1541310238335,15.6552464481181,14.0693876215929,2.74001585870853,8.63737688456941,2.15280056633593,3.075331528166,14.1408647679368,14.5530626777858,3.76015877986954,18.1952936643152,0,18.3223270335292,9.99410686192187,18.9835408133134,10.6478795185459,19.1943303750514,4.96878330828858,10.4826720947288,10.4344362976481,5.43982999206337,5.72122476784769,19.7657268915411,19.9367697820007
5.86259053270694,6.03858395677376,14.2442771694375,5.11773433728911,14.1652240580408,5.60942823367265,7.1633913182788,7.66450674256333,16.1045446762381,17.1194051540732,17.1106236680801,17.2406979842794,17.3233937211702,16.1760218225819,16.5882197324309,18.0082209728738,1.95854611049828,18.3223270335292,0,18.4673536454326,2.74679325949651,19.1211263020566,1.01504689256245,19.2168455012928,18.9559188782395,18.9076830811588,19.6878921850676,19.9692869608519,1.93397836067344,2.10502125113305
13.998356850165,14.1743502742319,4.95416614574111,14.9024045528569,12.275093615299,15.3940984492404,15.2991576357369,15.8002730600214,14.2144142334963,8.79118498246585,4.9443254228097,8.91247781267202,8.99517354956284,14.2858913798401,14.6980892896891,9.68000080126638,18.3403202762186,9.99410686192187,18.4673536454326,0,19.1285674252168,6.95482805678616,19.3393569869547,10.8886253296854,6.78962063296909,4.60999706355688,11.3596720134602,11.6410667892445,19.9107535034444,20.081796393904
6.52380431249111,6.69979773655793,14.9054909492216,5.77894811707327,14.826437837825,6.27064201345682,7.82460509806297,8.32572052234749,16.7657584560223,17.7806189338574,17.7718374478643,17.9019117640636,17.9846075009544,16.8372356023661,17.2494335122151,18.6694347526579,0.879832936996911,18.9835408133134,2.74679325949651,19.1285674252168,0,19.7823400818408,3.61879660101862,19.878059281077,19.6171326580237,19.568896860943,20.3491059648518,20.6305007406361,4.19019311750832,4.36123600796792
14.652129506789,14.8281229308558,5.60793880236511,15.5561772094809,12.928866271923,16.0478711058644,15.9529302923609,16.4540457166454,14.8681868901203,9.44495763908984,4.1551011152064,9.56625046929602,9.64894620618683,14.9396640364641,15.3518619463131,10.3337734578904,18.9940929328426,10.6478795185459,19.1211263020566,6.95482805678616,19.7823400818408,0,19.9931296435787,11.5423979863094,3.04713118856453,7.39515749251236,12.0134446700842,12.2948394458685,20.5645261600684,20.735569050528
6.73459387422906,6.91058729829587,15.1162805109596,5.98973767881122,15.0372273995629,6.48143157519477,8.03539465980091,8.53651008408544,16.9765480177602,17.9914084955953,17.9826270096023,18.1127013258015,18.1953970626923,17.048025164104,17.4602230739531,18.8802243143959,2.8305494520204,19.1943303750514,1.01504689256245,19.3393569869547,3.61879660101862,19.9931296435787,0,20.0888488428149,19.8279222197617,19.7796864226809,20.5598955265897,20.841290302374,2.80598170219556,2.97702459265516
14.7478487060252,14.9238421300921,6.66554885369028,15.6518964087171,13.0245854711592,16.1435903051006,16.0486494915971,16.5497649158816,14.9639060893565,3.76586142883256,9.53189535233297,3.88715425903874,3.50241165564773,15.0353832357003,15.4475811455493,4.18723890735127,19.0898121320788,4.96878330828858,19.2168455012928,10.8886253296854,19.878059281077,11.5423979863094,20.0888488428149,0,11.3771905624924,11.3289547654116,2.71179179750594,2.99318657329026,20.6602453593046,20.8312882497642
14.486922082972,14.6629155070388,5.44273137854804,15.3909697856638,12.7636588481059,15.8826636820474,15.7877228685438,16.2888382928284,14.7029794663032,9.27975021527277,3.98989369138933,9.40104304547895,9.48373878236977,14.774456612647,15.1866545224961,10.1685660340733,18.8288855090255,10.4826720947288,18.9559188782395,6.78962063296909,19.6171326580237,3.04713118856453,19.8279222197617,11.3771905624924,0,7.2299500686953,11.8482372462671,12.1296320220515,20.3993187362513,20.5703616267109
14.4386862858913,14.6146797099581,5.39449558146732,15.3427339885831,12.7154230510252,15.8344278849666,15.7394870714631,16.2406024957476,14.6547436692225,9.23151441819205,5.38465485853591,9.35280724839823,9.43550298528904,14.7262208155663,15.1384187254153,10.1203302369926,18.7806497119448,10.4344362976481,18.9076830811588,4.60999706355688,19.568896860943,7.39515749251236,19.7796864226809,11.3289547654116,7.2299500686953,0,11.8000014491864,12.0813962249707,20.3510829391706,20.5221258296302
15.2188953898,15.3948888138668,7.13659553746507,16.1229430924919,13.495632154934,16.6146369888754,16.5196961753719,17.0208115996564,15.4349527731313,4.23690811260735,10.0029420361078,4.35820094281352,3.97345833942251,15.5064299194751,15.9186278293241,4.65828559112605,19.5608588158535,5.43982999206337,19.6878921850676,11.3596720134602,20.3491059648518,12.0134446700842,20.5598955265897,2.71179179750594,11.8482372462671,11.8000014491864,0,2.56479315819273,21.1312920430794,21.302334933539
15.5002901655843,15.6762835896512,7.41799031324938,16.4043378682762,13.7770269307183,16.8960317646597,16.8010909511562,17.3022063754407,15.7163475489156,4.51830288839167,10.2843368118921,4.63959571859784,4.25485311520683,15.7878246952594,16.2000226051084,4.93968036691037,19.8422535916379,5.72122476784769,19.9692869608519,11.6410667892445,20.6305007406361,12.2948394458685,20.841290302374,2.99318657329026,12.1296320220515,12.0813962249707,2.56479315819273,0,21.4126868188637,21.5837297093233
7.30599039071876,7.48198381478557,15.6876770274493,6.56113419530092,15.6086239160526,7.05282809168446,8.60679117629061,9.10790660057514,17.5479445342499,18.562805012085,18.554023526092,18.6840978422912,18.766793579182,17.6194216805937,18.0316195904427,19.4516208308856,3.40194596851009,19.7657268915411,1.93397836067344,19.9107535034444,4.19019311750832,20.5645261600684,2.80598170219556,20.6602453593046,20.3993187362513,20.3510829391706,21.1312920430794,21.4126868188637,0,1.47162691772044
7.47703328117836,7.65302670524517,15.8587199179089,6.73217708576052,15.7796668065122,7.22387098214407,8.77783406675021,9.27894949103474,17.7189874247095,18.7338479025446,18.7250664165516,18.8551407327508,18.9378364696416,17.7904645710533,18.2026624809024,19.6226637213452,3.5729888589697,19.9367697820007,2.10502125113305,20.081796393904,4.36123600796792,20.735569050528,2.97702459265516,20.8312882497642,20.5703616267109,20.5221258296302,21.302334933539,21.5837297093233,1.47162691772044,0
