3.45159545324651,3.20159114616685,0.708059360477766,2.94726707493421,0.0966645548822105,3.10261782856537,3.43300487531284,3.42417231448666,0.0257342373619682,1.58748035709443,0.78886842714389,1.6326615491416,1.86527223736111,0.247501136531783,0.17631714078711,1.9045741673233,1.86170035922661,1.81353271689262,1.6726377279119,0.593746481727742,2.08725918742729,0.905493698489744,1.69433175358794,2.21477428276756,1.04175137166922,0.310587468048656,2.48575088479981,2.44616211215708,1.98558837550387,2.21323604528583
3.20159114616685,3.7082010254095,0.531903639694483,3.38750894518153,0.189764365880653,3.60799391586458,3.42888417299091,3.67431812523613,0.0899564969810709,1.34005018867228,0.586067775085023,1.3839710901608,1.61535218609017,0.41289130663715,0.321318451176476,1.65565898261443,2.29859878634572,1.56382405111587,2.08683038644584,0.41064674212104,2.55782319718279,0.686181832646513,2.12631776919771,1.97483346099465,0.812778439732209,0.178409247784214,2.25916671708785,2.22232987083903,2.45584847631894,2.70064567026545
0.708059360477766,0.531903639694483,3.43087543661666,0.424958008875737,0.603297538246534,0.455862118639626,0.888724914484698,0.715425547405728,1.09742889525384,3.02987198505572,3.41754242353988,3.02580390216783,2.79086045077423,0.548417108850932,0.697457748199387,2.86037768593017,0.0198882677895824,2.96625481085648,0.00417342423939449,3.3084982643623,0.0430440179686782,3.42804409709566,0.00136599379037694,2.55185926816797,3.42543040272967,2.93340564935387,2.20281432270008,2.35655551612201,0.0193155062142729,0.0574896773653553
2.94726707493421,3.38750894518153,0.424958008875737,3.50098459912675,0.243315062221324,3.50086775386601,3.10843550974263,3.38816597492755,0.134475168143519,1.13339308762574,0.456590381320835,1.17159671457668,1.38489530371132,0.494362610756948,0.396770882384508,1.41682043627562,2.39961294835968,1.33100701435368,2.19442570994456,0.302974103424209,2.64005225898011,0.537811104461131,2.22855749260522,1.71289731002264,0.649834870921,0.113776904340124,1.98161953063658,1.94234144153433,2.53813559880531,2.7658523440674
0.0966645548822105,0.189764365880653,0.603297538246534,0.243315062221324,2.50008134595751,0.253669402168224,0.0795968685051571,0.157784825874497,2.37339398944808,0.300910404167087,0.808129346836353,0.294584304864878,0.198500241927972,2.42738864524392,2.48809904917959,0.212478875197187,0.992289639414265,0.254826486250105,1.10971201353479,1.04364874445838,0.926462805804139,0.811980433882631,1.20313255967171,0.113272367936629,0.69971671395275,1.34136487900143,0.0453900727102781,0.0647353685885674,1.06920352025514,0.906531876059445
3.10261782856537,3.60799391586458,0.455862118639626,3.50086775386601,0.253669402168224,3.99096124989362,3.42667858311502,3.82233883405994,0.14160726870178,1.2398849638969,0.500026367893689,1.28405358288572,1.51764376429513,0.525323645422959,0.422205974847304,1.56001789608736,2.5990290933121,1.4667742218846,2.3684074001736,0.333558648271839,2.89161950338675,0.593795317038685,2.42635121648041,1.88800114276189,0.716822206366652,0.125457558219193,2.18180647102214,2.14754348150908,2.79151882276419,3.0532129761884
3.43300487531284,3.42888417299091,0.888724914484698,3.10843550974263,0.0795968685051571,3.42667858311502,4.53105260051438,4.29576942429466,0.0142743133869443,2.03806551084563,1.04393555981598,2.10395029817991,2.39225800645206,0.231288601179478,0.158160839829931,2.4696877388653,2.03712079220209,2.3602280107973,1.81463696091405,0.807123504486428,2.33145831737877,1.21649809582293,1.86415521897453,2.8657476028091,1.38801558693452,0.43750094515009,3.19874700360747,3.17883081400778,2.23334401957315,2.51031730802514
3.42417231448666,3.67431812523613,0.715425547405728,3.38816597492755,0.157784825874497,3.82233883405994,4.29576942429466,5.01390924466987,0.0622098284807704,1.80298239143121,0.838605383877627,1.86868042948948,2.15888579983572,0.383074072202215,0.288789437318846,2.24073828955385,2.49467550398221,2.12950858862733,2.24312648325802,0.616116800160724,2.85024263904862,0.995514426260621,2.32850174752476,2.6508146144195,1.16078519775045,0.292721893806637,2.99585119701911,2.98687569291528,2.76518938778472,3.07201002095451
0.0257342373619682,0.0899564969810709,1.09742889525384,0.134475168143519,2.37339398944808,0.14160726870178,0.0142743133869443,0.0622098284807704,3.85630583706543,0.705287159732475,1.54080850859918,0.699559977010356,0.523993356583645,2.97381281547322,3.30479594749027,0.561341746466428,0.912592764150277,0.642771144313085,1.04888604875262,1.93664493022042,0.843114215444101,1.59654016936132,1.17630737983355,0.366590897790729,1.41067955136984,2.36448668001041,0.211184273255153,0.263271521730474,1.02112176264982,0.824982032429963
1.58748035709443,1.34005018867228,3.02987198505572,1.13339308762574,0.300910404167087,1.2398849638969,2.03806551084563,1.80298239143121,0.705287159732475,5.85009632236203,4.2778498090376,5.84341564085645,5.42894559667324,0.229311182988241,0.343701143557847,5.64840690861914,0.29610925017884,5.78641250833345,0.207240865418406,3.94641441084406,0.401724303837311,4.81798770048906,0.193501168085095,5.12210865842499,5.07748996825192,2.98220182249318,4.43941990079204,4.81807368728263,0.323915319334684,0.465908652316775
0.78886842714389,0.586067775085023,3.41754242353988,0.456590381320835,0.808129346836353,0.500026367893689,1.04393555981598,0.838605383877627,1.54080850859918,4.2778498090376,5.98433380368527,4.33461438432327,3.8637815759702,0.816505557194975,1.03495692219416,4.12147691775485,0.00929014308499099,4.36971582322903,7.51174588540238e-05,5.64899083585533,0.0298378143047913,5.97448036213368,0.000643364781094391,3.5512340196257,5.8541794777609,4.55376252057561,2.93763923226084,3.25465417372556,0.00852997565043445,0.0442726380025968
1.6326615491416,1.3839710901608,3.02580390216783,1.17159671457668,0.294584304864878,1.28405358288572,2.10395029817991,1.86868042948948,0.699559977010356,5.84341564085645,4.33461438432327,6.12324709207259,5.59565993136764,0.222894480968716,0.33702063993045,5.89968150960016,0.31483613656699,6.06318513903015,0.222060735624906,4.00890308766458,0.425685753326314,4.93592368713359,0.208499203223768,5.3185385760831,5.21032706960729,3.01166417140569,4.58828061173452,5.00531363979282,0.345644806607956,0.493408413579568
1.86527223736111,1.61535218609017,2.79086045077423,1.38489530371132,0.198500241927972,1.51764376429513,2.39225800645206,2.15888579983572,0.523993356583645,5.42894559667324,3.8637815759702,5.59565993136764,5.97285943857784,0.126999267596507,0.213720090728827,5.97096533146116,0.45568519792288,5.91795061341704,0.342870846346817,3.53021174799685,0.591489273759345,4.41044840695981,0.331621569539545,5.65877924917515,4.68276040229541,2.60576731322164,4.9653504342755,5.36125256299563,0.502742928716023,0.674790254295489
0.247501136531783,0.41289130663715,0.548417108850932,0.494362610756948,2.42738864524392,0.525323645422959,0.231288601179478,0.383074072202215,2.97381281547322,0.229311182988241,0.816505557194975,0.222894480968716,0.126999267596507,4.03549157282725,3.88293318715976,0.14015825292898,1.69535465044538,0.1822845966891,1.86628568601733,1.12859940015064,1.628559330464,0.837819278339508,2.05995844549663,0.0512122316031869,0.694828985361785,1.51363996323178,0.00666972875522909,0.0164934448314744,1.88356199210818,1.62251308533302
0.17631714078711,0.321318451176476,0.697457748199387,0.396770882384508,2.48809904917959,0.422205974847304,0.158160839829931,0.288789437318846,3.30479594749027,0.343701143557847,1.03495692219416,0.33702063993045,0.213720090728827,3.88293318715976,4.33237153111858,0.233726160226083,1.54441589148491,0.289184261080487,1.71421221737986,1.39461275987172,1.47713626172368,1.07286331455144,1.90811574697484,0.110369098156284,0.907174336374785,1.81320267116992,0.0335000715171789,0.054370670319372,1.73130200355138,1.47049422813776
1.9045741673233,1.65565898261443,2.86037768593017,1.41682043627562,0.212478875197187,1.56001789608736,2.4696877388653,2.24073828955385,0.561341746466428,5.64840690861914,4.12147691775485,5.89968150960016,5.97096533146116,0.14015825292898,0.233726160226083,6.74769202967779,0.46588845527203,6.62180451892062,0.348859777306302,3.80280112134249,0.608699062102933,4.80978901653129,0.338314566240315,6.05387865102401,5.10746976850151,2.78811564413258,5.20480586709658,5.74224544012329,0.517760261409705,0.697454872324714
1.86170035922661,2.29859878634572,0.0198882677895824,2.39961294835968,0.992289639414265,2.5990290933121,2.03712079220209,2.49467550398221,0.912592764150277,0.29610925017884,0.00929014308499099,0.31483613656699,0.45568519792288,1.69535465044538,1.54441589148491,0.46588845527203,4.63145798653106,0.404328879455614,4.32829694982741,0.0032209882240366,4.56096892662524,0.0180991961276504,4.45846982821435,0.687096294725379,0.0484794506639759,0.0755439659527468,0.914605736013947,0.872827011056064,4.63066867538843,4.54383079105914
1.81353271689262,1.56382405111587,2.96625481085648,1.33100701435368,0.254826486250105,1.4667742218846,2.3602280107973,2.12950858862733,0.642771144313085,5.78641250833345,4.36971582322903,6.06318513903015,5.91795061341704,0.1822845966891,0.289184261080487,6.62180451892062,0.404328879455614,6.9964142870773,0.295179883635885,4.06639474329265,0.537260358308862,5.13145574640648,0.283259616531647,5.93523361385736,5.43618993953292,2.99906021361244,5.07906630235044,5.63076032567068,0.449161238140954,0.619898207787344
1.6726377279119,2.08683038644584,0.00417342423939449,2.19442570994456,1.10971201353479,2.3684074001736,1.81463696091405,2.24312648325802,1.04888604875262,0.207240865418406,7.51174588540238e-05,0.222060735624906,0.342870846346817,1.86628568601733,1.71421221737986,0.348859777306302,4.32829694982741,0.295179883635885,4.53196517366005,0.021188711704192,4.28830554499873,0.0017565732598106,4.51809972304807,0.543762903828663,0.0162484048392741,0.129161289290198,0.751076730039723,0.70930075642312,4.48692035259226,4.28816657276126
0.593746481727742,0.41064674212104,3.3084982643623,0.302974103424209,1.04364874445838,0.333558648271839,0.807123504486428,0.616116800160724,1.93664493022042,3.94641441084406,5.64899083585533,4.00890308766458,3.53021174799685,1.12859940015064,1.39461275987172,3.80280112134249,0.0032209882240366,4.06639474329265,0.021188711704192,6.70164166775022,0.000267203920865988,6.25532311434712,0.0349967795497381,3.21869616578693,5.89357385109897,5.30872425206474,2.60399778601963,2.92015685857077,0.00507090155336165,0.00259428942011208
2.08725918742729,2.55782319718279,0.0430440179686782,2.64005225898011,0.926462805804139,2.89161950338675,2.33145831737877,2.85024263904862,0.843114215444101,0.401724303837311,0.0298378143047913,0.425685753326314,0.591489273759345,1.628559330464,1.47713626172368,0.608699062102933,4.56096892662524,0.537260358308862,4.28830554499873,0.000267203920865988,5.21964888587398,0.0470200952690476,4.6119085590847,0.865771382072594,0.0931068566747335,0.0446786786870215,1.12167489622611,1.08183470639658,5.11753762989558,5.19945362832884
0.905493698489744,0.686181832646513,3.42804409709566,0.537811104461131,0.811980433882631,0.593795317038685,1.21649809582293,0.995514426260621,1.59654016936132,4.81798770048906,5.97448036213368,4.93592368713359,4.41044840695981,0.837819278339508,1.07286331455144,4.80978901653129,0.0180991961276504,5.13145574640648,0.0017565732598106,6.25532311434712,0.0470200952690476,7.74262034724156,5.56519301735392e-05,4.14545015158295,7.25916935139271,4.86797988648604,3.40793012009031,3.8275997855153,0.0178027643728553,0.0667487067933594
1.69433175358794,2.12631776919771,0.00136599379037694,2.22855749260522,1.20313255967171,2.42635121648041,1.86415521897453,2.32850174752476,1.17630737983355,0.193501168085095,0.000643364781094391,0.208499203223768,0.331621569539545,2.05995844549663,1.90811574697484,0.338314566240315,4.45846982821435,0.283259616531647,4.51809972304807,0.0349967795497381,4.6119085590847,5.56519301735392e-05,5.24311604043062,0.540493380897063,0.00942172984035494,0.166394613611399,0.756528439962876,0.71463056042569,5.06115157290285,4.70214227313706
2.21477428276756,1.97483346099465,2.55185926816797,1.71289731002264,0.113272367936629,1.88800114276189,2.8657476028091,2.6508146144195,0.366590897790729,5.12210865842499,3.5512340196257,5.3185385760831,5.65877924917515,0.0512122316031869,0.110369098156284,6.05387865102401,0.687096294725379,5.93523361385736,0.543762903828663,3.21869616578693,0.865771382072594,4.14545015158295,0.540493380897063,6.609937912601,4.43430285857147,2.2995137582664,5.72298184838463,6.29165414017396,0.767308984343917,0.977904340222985
1.04175137166922,0.812778439732209,3.42543040272967,0.649834870921,0.69971671395275,0.716822206366652,1.38801558693452,1.16078519775045,1.41067955136984,5.07748996825192,5.8541794777609,5.21032706960729,4.68276040229541,0.694828985361785,0.907174336374785,5.10746976850151,0.0484794506639759,5.43618993953292,0.0162484048392741,5.89357385109897,0.0931068566747335,7.25916935139271,0.00942172984035494,4.43430285857147,7.57356066936589,4.54699162637027,3.67573526837429,4.11601970255744,0.0507374991011327,0.121745129497794
0.310587468048656,0.178409247784214,2.93340564935387,0.113776904340124,1.34136487900143,0.125457558219193,0.43750094515009,0.292721893806637,2.36448668001041,2.98220182249318,4.55376252057561,3.01166417140569,2.60576731322164,1.51363996323178,1.81320267116992,2.78811564413258,0.0755439659527468,2.99906021361244,0.129161289290198,5.30872425206474,0.0446786786870215,4.86797988648604,0.166394613611399,2.2995137582664,4.54699162637027,5.83200384818229,1.80987357043008,2.03868601334807,0.0916129577424805,0.033797286781839
2.48575088479981,2.25916671708785,2.20281432270008,1.98161953063658,0.0453900727102781,2.18180647102214,3.19874700360747,2.99585119701911,0.211184273255153,4.43941990079204,2.93763923226084,4.58828061173452,4.9653504342755,0.00666972875522909,0.0335000715171789,5.20480586709658,0.914605736013947,5.07906630235044,0.751076730039723,2.60399778601963,1.12167489622611,3.40793012009031,0.756528439962876,5.72298184838463,3.67573526837429,1.80987357043008,6.09555799257193,6.05366008824083,1.02027259399358,1.2518414788552
2.44616211215708,2.22232987083903,2.35655551612201,1.94234144153433,0.0647353685885674,2.14754348150908,3.17883081400778,2.98687569291528,0.263271521730474,4.81807368728263,3.25465417372556,5.00531363979282,5.36125256299563,0.0164934448314744,0.054370670319372,5.74224544012329,0.872827011056064,5.63076032567068,0.70930075642312,2.92015685857077,1.08183470639658,3.8275997855153,0.71463056042569,6.29165414017396,4.11601970255744,2.03868601334807,6.05366008824083,6.84593759892935,0.980246513443908,1.21477925564148
1.98558837550387,2.45584847631894,0.0193155062142729,2.53813559880531,1.06920352025514,2.79151882276419,2.23334401957315,2.76518938778472,1.02112176264982,0.323915319334684,0.00852997565043445,0.345644806607956,0.502742928716023,1.88356199210818,1.73130200355138,0.517760261409705,4.63066867538843,0.449161238140954,4.48692035259226,0.00507090155336165,5.11753762989558,0.0178027643728553,5.06115157290285,0.767308984343917,0.0507374991011327,0.0916129577424805,1.02027259399358,0.980246513443908,5.86042940337332,5.40502375725009
2.21323604528583,2.70064567026545,0.0574896773653553,2.7658523440674,0.906531876059445,3.0532129761884,2.51031730802514,3.07201002095451,0.824982032429963,0.465908652316775,0.0442726380025968,0.493408413579568,0.674790254295489,1.62251308533302,1.47049422813776,0.697454872324714,4.54383079105914,0.619898207787344,4.28816657276126,0.00259428942011208,5.19945362832884,0.0667487067933594,4.70214227313706,0.977904340222985,0.121745129497794,0.033797286781839,1.2518414788552,1.21477925564148,5.40502375725009,5.75955822556183
