1.58274020719771,0.303869619105963,0.384005540084708,1.57675505044976,0.254974995369206,1.23942345882164,1.57433990767915,0.80119285307974,1.00700011872011,1.58110156334321,0.279791433073179,0.00922360885991758,0.00694505607273976,0.0532145709190055,0.0856381626147629,0.820252920394655,0.00057909916325638,1.02385932733771,0.0207470647859394,0.231670603644027,0.22731532020678,0.15903851330075,0.0704917586937386,0.0173217650032869,0.415409006298312,0.293788959304737,0.251781575305956,0.100596826705053,0.0453325461047052,0.570481340079224
0.303869619105963,1.37694949948977,1.25900341538579,0.320695086351459,1.32802186175923,0.641780600043727,0.323308132503512,1.05453343772663,0.935486693638589,0.370836493024365,1.33711959995293,0.850960940433064,0.846653176901779,1.04500770868722,1.11369598370897,0.000234407482922805,0.794730182908486,0.0120109757426432,0.952096183581049,0.215792938301435,0.217551921504335,0.316777776799767,0.469633120951032,0.619254172580967,0.0963126317370642,0.187639224504915,0.224365706476571,0.415791771984333,0.534244454805851,0.0353730002502131
0.384005540084708,1.25900341538579,1.37532882467895,0.409739531694107,1.23564407408102,0.75094022652263,0.414516704770924,1.16682988621182,1.05093475291974,0.46934971674096,1.26989237982505,0.733320897809201,0.728893830251075,0.931513947254811,1.0042658008025,0.00505589554722352,0.677261261699026,0.0385228366049586,0.835573469726353,0.145094651499138,0.146712843184034,0.230026746820146,0.366667422144733,0.506895245107841,0.0502296893454677,0.120288467242188,0.150494388208019,0.317391852450247,0.426283836593382,0.0103104710496518
1.57675505044976,0.320695086351459,0.409739531694107,2.38375660860457,0.273446090781025,1.44314038384869,2.38124602739609,0.925370617698984,1.20579808967154,2.38264519448892,0.315030757538494,0.00451467759845325,0.0027362310080159,0.0490894441278211,0.0855499669534687,1.20037644509099,0.000288489239957723,1.51220833428028,0.0147856246828635,0.358653010569061,0.351537865257087,0.259601137302905,0.126824267422949,0.0396056372674365,0.625127103487052,0.459702125694741,0.398839128426827,0.174070483447017,0.0872868929001571,0.843164481338207
0.254974995369206,1.32802186175923,1.23564407408102,0.273446090781025,1.8756503403204,0.616651704847027,0.276939037920371,1.10930711748511,0.974733861229513,0.329665200601218,1.87245571097764,1.27449783272408,1.27676441278115,1.54866251789866,1.63356366266586,0.0175996222684143,1.2206796380492,3.46540863329636e-05,1.43505428794022,0.399587726944112,0.401389521026055,0.558515517970128,0.783099508244685,0.989454834060513,0.214209889598401,0.365569501896098,0.422714375286221,0.707704555287942,0.876189699407607,0.106048093825329
1.23942345882164,0.641780600043727,0.75094022652263,1.44314038384869,0.616651704847027,1.9067571864647,1.48004660573566,1.38285521031605,1.66041398936755,1.59274655245873,0.712082065268797,0.164833137509131,0.158621833842157,0.310473756147901,0.379882247420377,0.480163148843737,0.12062911240031,0.684671027923418,0.226940832734175,0.0402720745253058,0.038586348888638,0.0102185627334976,0.00235704039583062,0.03611159513077,0.146711108226281,0.0677612108996972,0.0458443302918621,4.32115872870398e-05,0.0114771492932828,0.262784761593142
1.57433990767915,0.323308132503512,0.414516704770924,2.38124602739609,0.276939037920371,1.48004660573566,2.74182868877013,0.956574808012645,1.25718699932205,2.73443348154153,0.324366513624207,0.0030802635021816,0.00158304749403593,0.0467970860993336,0.0842615239837952,1.35130177575472,0.00109938764300788,1.7099567704378,0.0124841595942855,0.410999543885911,0.402644102632967,0.302733266174998,0.152113335194077,0.0504345463339542,0.71057740920505,0.529696091356429,0.46131861959159,0.206618343589706,0.106651029780407,0.952547538451454
0.80119285307974,1.05453343772663,1.16682988621182,0.925370617698984,1.10930711748511,1.38285521031605,0.956574808012645,2.01060433099542,1.87476003112772,1.07916790301726,1.29707202053827,0.534472504431978,0.53167848565406,0.785695855039502,0.8801149351522,0.140684325399281,0.477525959132047,0.269224959710461,0.668711993543708,0.0204473171625716,0.0213551330978401,0.0654801116451948,0.168326276237501,0.298435810977891,0.00179144245306517,0.00906536495625732,0.0206717007459902,0.127487545962216,0.220957648849732,0.032809673161176
1.00700011872011,0.935486693638589,1.05093475291974,1.20579808967154,0.974733861229513,1.66041398936755,1.25718699932205,1.87476003112772,2.27536908882718,1.4189998379833,1.17233442007805,0.409922678542171,0.406090960961341,0.650046451471272,0.744332730116347,0.270260938846887,0.35341277326371,0.448197793832228,0.53443483453353,0.000251785142166394,0.000384625668863769,0.0168856266488091,0.0851553141061965,0.191588882799882,0.0318107979929052,0.00155507393409415,0.000121229554003399,0.0551255962618393,0.125995685586589,0.102921396988222
1.58110156334321,0.370836493024365,0.46934971674096,2.38264519448892,0.329665200601218,1.59274655245873,2.73443348154153,1.07916790301726,1.4189998379833,3.46372311717185,0.400572079825912,0.0080834158529699,0.00549604746107013,0.0695867877004148,0.11650702398259,1.48943639795416,4.52360491198789e-06,1.92209061104784,0.023723705121383,0.429208871133298,0.419600779330299,0.313228563256883,0.149485221764846,0.0430418840135074,0.764871598683232,0.567676454597978,0.491107270469922,0.208796886837733,0.101121035024859,1.03568872072107
0.279791433073179,1.33711959995293,1.26989237982505,0.315030757538494,1.87245571097764,0.712082065268797,0.324366513624207,1.29707202053827,1.17233442007805,0.400572079825912,3.03728227437759,1.8302312300788,1.86988584276241,2.36785243754267,2.49352104232281,0.0353875772622017,1.8444273551752,0.000748077489629129,2.22014107206626,0.599976954878461,0.600833757724801,0.85497772604544,1.20667977386805,1.51481113703641,0.332857626326403,0.56898202295194,0.656440816796784,1.09555459431946,1.3562002174529,0.171399335165997
0.00922360885991758,0.850960940433064,0.733320897809201,0.00451467759845325,1.27449783272408,0.164833137509131,0.0030802635021816,0.534472504431978,0.409922678542171,0.0080834158529699,1.8302312300788,3.29364296987672,3.28742526944909,3.09020819684091,2.83579346111392,0.588267760944141,3.23668476882775,0.380601247048234,3.27885475713109,1.77497506800831,1.76985395485783,2.20775780676157,2.6598712248109,2.97321624698488,1.33121508797161,1.79148654396902,1.93240675281367,2.53418808261617,2.81960980337143,0.982847603552302
0.00694505607273976,0.846653176901779,0.728893830251075,0.0027362310080159,1.27676441278115,0.158621833842157,0.00158304749403593,0.53167848565406,0.406090960961341,0.00549604746107013,1.86988584276241,3.28742526944909,3.64233219545148,3.29510700906827,2.9652762614237,0.650394447523931,3.58624243759797,0.426826725716536,3.60525369436261,1.93113580591183,1.9236075722225,2.4243674624341,2.93594893656673,3.28634817502297,1.45567084241494,1.96984249922585,2.12605606857576,2.79785402647209,3.11908825025491,1.07700822591842
0.0532145709190055,1.04500770868722,0.931513947254811,0.0490894441278211,1.54866251789866,0.310473756147901,0.0467970860993336,0.785695855039502,0.650046451471272,0.0695867877004148,2.36785243754267,3.09020819684091,3.29510700906827,4.09928326208539,3.6308910809107,0.412089980475986,3.460902924263,0.22915237516506,3.95157052961895,1.58759587159371,1.58091086514484,2.08722669272755,2.66049669512,3.0784974256247,1.12908341310699,1.62262358292441,1.78069984248866,2.5060244289431,2.89067317391809,0.782537116385975
0.0856381626147629,1.11369598370897,1.0042658008025,0.0855499669534687,1.63356366266586,0.379882247420377,0.0842615239837952,0.8801149351522,0.744332730116347,0.11650702398259,2.49352104232281,2.83579346111392,2.9652762614237,3.6308910809107,3.75759942432881,0.294728747489127,3.03280549302371,0.144768731331091,3.48365403602371,1.32567639437757,1.32171887241324,1.75589070830903,2.26801112697472,2.65810055663129,0.910861812421843,1.3349729332503,1.47462562584598,2.12399430639914,2.47516080566619,0.609702943279086
0.820252920394655,0.000234407482922805,0.00505589554722352,1.20037644509099,0.0175996222684143,0.480163148843737,1.35130177575472,0.140684325399281,0.270260938846887,1.48943639795416,0.0353875772622017,0.588267760944141,0.650394447523931,0.412089980475986,0.294728747489127,4.08144542802291,0.869620032246754,3.69381108028675,0.629564776668933,2.37381685517206,2.33735506868938,2.24975836089872,1.83984688397251,1.37085972485258,3.05488111501402,2.81814505904497,2.67814992715671,2.04046499087859,1.68728709302679,3.45513320298531
0.00057909916325638,0.794730182908486,0.677261261699026,0.000288489239957723,1.2206796380492,0.12062911240031,0.00109938764300788,0.477525959132047,0.35341277326371,4.52360491198789e-06,1.8444273551752,3.23668476882775,3.58624243759797,3.460902924263,3.03280549302371,0.869620032246754,4.55081930406901,0.600730444763836,4.19004101732204,2.39196822641715,2.37597801071771,3.05915371915002,3.73213359513778,4.16822684759171,1.84596719328146,2.51364067228451,2.71078520616931,3.56700282649833,3.97974169580171,1.38566757259312
1.02385932733771,0.0120109757426432,0.0385228366049586,1.51220833428028,3.46540863329636e-05,0.684671027923418,1.7099567704378,0.269224959710461,0.448197793832228,1.92209061104784,0.000748077489629129,0.380601247048234,0.426826725716536,0.22915237516506,0.144768731331091,3.69381108028675,0.600730444763836,4.37965466212522,0.394344290669835,1.99780399446722,1.96403215748313,1.86712425051475,1.46938278746556,1.03635650110624,2.66748711515637,2.43298705343311,2.29124398229809,1.66023403842544,1.32362735020013,3.06907471533312
0.0207470647859394,0.952096183581049,0.835573469726353,0.0147856246828635,1.43505428794022,0.226940832734175,0.0124841595942855,0.668711993543708,0.53443483453353,0.023723705121383,2.22014107206626,3.27885475713109,3.60525369436261,3.95157052961895,3.48365403602371,0.629564776668933,4.19004101732204,0.394344290669835,4.93387567570517,2.04936403809052,2.03571471535921,2.69921818255054,3.40979712558625,3.88040511554746,1.52109960289592,2.15502785964282,2.35008182687893,3.23661885906439,3.69851032180472,1.094017786501
0.231670603644027,0.215792938301435,0.145094651499138,0.358653010569061,0.399587726944112,0.0402720745253058,0.410999543885911,0.0204473171625716,0.000251785142166394,0.429208871133298,0.599976954878461,1.77497506800831,1.93113580591183,1.58759587159371,1.32567639437757,2.37381685517206,2.39196822641715,1.99780399446722,2.04936403809052,4.29543240905002,4.20006810952103,4.14680009038904,3.75855748412035,3.18035602462836,3.70293152001475,4.26090982532231,4.29510603494365,3.95493693603153,3.5950307310144,3.09996788600962
0.22731532020678,0.217551921504335,0.146712843184034,0.351537865257087,0.401389521026055,0.038586348888638,0.402644102632967,0.0213551330978401,0.000384625668863769,0.419600779330299,0.600833757724801,1.76985395485783,1.9236075722225,1.58091086514484,1.32171887241324,2.33735506868938,2.37597801071771,1.96403215748313,2.03571471535921,4.20006810952103,4.20192455554878,4.07391226145207,3.70417560743033,3.14642718008448,3.64163070339221,4.16572852547177,4.2010437117027,3.89005740699859,3.5452830024554,3.05336980070612
0.15903851330075,0.316777776799767,0.230026746820146,0.259601137302905,0.558515517970128,0.0102185627334976,0.302733266174998,0.0654801116451948,0.0168856266488091,0.313228563256883,0.85497772604544,2.20775780676157,2.4243674624341,2.08722669272755,1.75589070830903,2.24975836089872,3.05915371915002,1.86712425051475,2.69921818255054,4.14680009038904,4.07391226145207,5.40092985416609,4.90681574887397,4.10812495090586,3.6677797438023,4.76477447179936,5.02411667030096,5.18601390262153,4.71344713406447,3.00904283074188
0.0704917586937386,0.469633120951032,0.366667422144733,0.126824267422949,0.783099508244685,0.00235704039583062,0.152113335194077,0.168326276237501,0.0851553141061965,0.149485221764846,1.20667977386805,2.6598712248109,2.93594893656673,2.66049669512,2.26801112697472,1.83984688397251,3.73213359513778,1.46938278746556,3.40979712558625,3.75855748412035,3.70417560743033,4.90681574887397,5.92323213850966,4.96914385876802,3.20488415551065,4.28075534754258,4.56257634085646,5.7431945384006,5.72792927044504,2.56730003271898
0.0173217650032869,0.619254172580967,0.506895245107841,0.0396056372674365,0.989454834060513,0.03611159513077,0.0504345463339542,0.298435810977891,0.191588882799882,0.0430418840135074,1.51481113703641,2.97321624698488,3.28634817502297,3.0784974256247,2.65810055663129,1.37085972485258,4.16822684759171,1.03635650110624,3.88040511554746,3.18035602462836,3.14642718008448,4.10812495090586,4.96914385876802,5.45216981141712,2.58787902216894,3.48330340214416,3.73131238300832,4.78976633255063,5.2629278013264,2.01698060486483
0.415409006298312,0.0963126317370642,0.0502296893454677,0.625127103487052,0.214209889598401,0.146711108226281,0.71057740920505,0.00179144245306517,0.0318107979929052,0.764871598683232,0.332857626326403,1.33121508797161,1.45567084241494,1.12908341310699,0.910861812421843,3.05488111501402,1.84596719328146,2.66748711515637,1.52109960289592,3.70293152001475,3.64163070339221,3.6677797438023,3.20488415551065,2.58787902216894,4.51517350393417,4.27010337755028,4.13775327028653,3.45301194379971,3.02727395938283,3.84164663414992
0.293788959304737,0.187639224504915,0.120288467242188,0.459702125694741,0.365569501896098,0.0677612108996972,0.529696091356429,0.00906536495625732,0.00155507393409415,0.567676454597978,0.56898202295194,1.79148654396902,1.96984249922585,1.62262358292441,1.3349729332503,2.81814505904497,2.51364067228451,2.43298705343311,2.15502785964282,4.26090982532231,4.16572852547177,4.76477447179936,4.28075534754258,3.48330340214416,4.27010337755028,5.61223853503636,5.44675331233596,4.61344713094812,4.08548837341259,3.60843783675317
0.251781575305956,0.224365706476571,0.150494388208019,0.398839128426827,0.422714375286221,0.0458443302918621,0.46131861959159,0.0206717007459902,0.000121229554003399,0.491107270469922,0.656440816796784,1.93240675281367,2.12605606857576,1.78069984248866,1.47462562584598,2.67814992715671,2.71078520616931,2.29124398229809,2.35008182687893,4.29510603494365,4.2010437117027,5.02411667030096,4.56257634085646,3.73131238300832,4.13775327028653,5.44675331233596,5.75280408040838,4.90972574813181,4.36771513717748,3.46748119001784
0.100596826705053,0.415791771984333,0.317391852450247,0.174070483447017,0.707704555287942,4.32115872870398e-05,0.206618343589706,0.127487545962216,0.0551255962618393,0.208796886837733,1.09555459431946,2.53418808261617,2.79785402647209,2.5060244289431,2.12399430639914,2.04046499087859,3.56700282649833,1.66023403842544,3.23661885906439,3.95493693603153,3.89005740699859,5.18601390262153,5.7431945384006,4.78976633255063,3.45301194379971,4.61344713094812,4.90972574813181,6.17011077323535,5.5872447360854,2.79480968202999
0.0453325461047052,0.534244454805851,0.426283836593382,0.0872868929001571,0.876189699407607,0.0114771492932828,0.106651029780407,0.220957648849732,0.125995685586589,0.101121035024859,1.3562002174529,2.81960980337143,3.11908825025491,2.89067317391809,2.47516080566619,1.68728709302679,3.97974169580171,1.32362735020013,3.69851032180472,3.5950307310144,3.5452830024554,4.71344713406447,5.72792927044504,5.2629278013264,3.02727395938283,4.08548837341259,4.36771513717748,5.5872447360854,6.1655953949336,2.39974394509501
0.570481340079224,0.0353730002502131,0.0103104710496518,0.843164481338207,0.106048093825329,0.262784761593142,0.952547538451454,0.032809673161176,0.102921396988222,1.03568872072107,0.171399335165997,0.982847603552302,1.07700822591842,0.782537116385975,0.609702943279086,3.45513320298531,1.38566757259312,3.06907471533312,1.094017786501,3.09996788600962,3.05336980070612,3.00904283074188,2.56730003271898,2.01698060486483,3.84164663414992,3.60843783675317,3.46748119001784,2.79480968202999,2.39974394509501,4.24544855740269
