1.7332590668708,1.27474903435987,1.43843537316982,1.7267413156466,1.65602493931154,0.909770876451027,0.0946430805917282,1.55692586896326,0.0613499723120206,0.450578662566162,0.449112001451868,0.134821233130673,0.370055010494538,0.821557830441041,0.0473469864001697,0.253441655127815,0.117134409294017,0.322736516656929,1.21906849527572,0.30780011971691,1.30346348259836,0.375271403308753,1.289975722874,1.08245930293491,0.562051250141054,0.563641793940964,1.11253416017812,1.48868129725922,0.720781176438414,1.07328750373265
1.27474903435987,1.7215861137547,1.67645402696733,1.4610387670385,1.63638374938653,1.3552247020316,0.00197764845185011,1.71801437568256,0.000442517190528235,0.833524454970052,0.843684349921828,0.00597646230831694,0.109534861051023,1.26838942502604,0.00514535197457855,0.0476654390462472,0.380780084126625,0.699201843013268,0.760762401901031,0.0661682185379924,0.84560852882635,0.0990868398422053,0.832268362540721,0.630238426522117,0.211773642424991,0.212947205550781,0.658229223664573,1.04979975474648,0.325141033023574,0.619145566213983
1.43843537316982,1.67645402696733,1.91769191449485,1.68679988186501,1.87537465687742,1.35109069870874,0.0109719081101662,1.91460064829195,0.00147707307808798,0.795268326567802,0.808942162997826,0.0212345287366094,0.165033392409423,1.27935586115629,8.79607627495282e-05,0.0848223524664431,0.33591159969771,0.661705504530056,0.936394153434408,0.113058396458095,1.02988285395461,0.157644558173743,1.01755718830414,0.79026617717804,0.300554954838392,0.30193691525018,0.821871094409067,1.25609276026246,0.437614286705107,0.782843301553641
1.7267413156466,1.4610387670385,1.68679988186501,2.27646412561694,2.15343887320202,1.12394769690126,0.0895403634445668,2.03315096880568,0.0550600002730715,0.574121838357664,0.583142234899499,0.134716648262322,0.399929700490348,1.06712260896633,0.0409218772632194,0.267680596017104,0.167355764977592,0.43967994474105,1.47190602469914,0.335766798057028,1.57894174480424,0.417511832703089,1.56984699380597,1.2980828268654,0.646027432539097,0.647845864658483,1.33646019789304,1.83560997739192,0.843076637506766,1.30195388134238
1.65602493931154,1.63638374938653,1.87537465687742,2.15343887320202,2.61996061110245,1.41628206686855,0.0405068512613842,2.49967262928225,0.0173888203508996,0.791629304538272,0.81865359867871,0.0680250956293285,0.295041605949809,1.41455146200845,0.00786629349477286,0.176480396977173,0.297307298576131,0.666196629350738,1.39162742588471,0.231940252923327,1.50822199925592,0.305223692653039,1.50429562144655,1.20239453971384,0.52344464942713,0.525248315909139,1.24409248438087,1.80544211102776,0.721754394897386,1.21497877043681
0.909770876451027,1.3552247020316,1.35109069870874,1.12394769690126,1.41628206686855,2.35195788501323,0.0789342941539131,1.78973497899553,0.128836169097572,1.66465604872203,1.72961086298678,0.0816178356852362,1.64476554025406e-05,2.25819575694272,0.198286069732946,0.0162389222848094,1.03847643890339,1.58099735938644,0.39885295028037,0.0110893304249009,0.479975441877529,0.00200674001650203,0.466496333922786,0.282040555027667,0.0146679395719431,0.0150796746795283,0.306130924142223,0.689727633758086,0.0637148224410602,0.268563713185407
0.0946430805917282,0.00197764845185011,0.0109719081101662,0.0895403634445668,0.0405068512613842,0.0789342941539131,2.33333944721312,0.00791816104037357,2.25010040264191,0.408737310809268,0.484717697922494,2.32974995708663,1.98046051979297,0.217906850428149,2.26490954024439,2.2065024514571,1.15126807833669,0.818625632578156,0.954325449559354,2.21471201300495,0.806096203078937,2.15897702708273,0.870030476757806,1.18495897756208,1.95398218459037,1.95065445500118,1.136026670762,0.5487472255346,1.74603958760134,1.31096014677792
1.55692586896326,1.71801437568256,1.91460064829195,2.03315096880568,2.49967262928225,1.78973497899553,0.00791816104037357,3.2905226978819,0.000166333777558592,1.1042564511903,1.1715255280503,0.0188340597900289,0.196620653869586,1.95273671215186,0.00208480123394095,0.0956059029338072,0.510872268938348,1.0310385109085,1.32118728975011,0.136616482993674,1.44641644534757,0.199058245814394,1.45095248610301,1.11535272410078,0.403755067327508,0.405538623308237,1.16083284730479,1.7819109233243,0.603630073151287,1.14145996600444
0.0613499723120206,0.000442517190528235,0.00147707307808798,0.0550600002730715,0.0173888203508996,0.128836169097572,2.25010040264191,0.000166333777558592,2.55639239022217,0.525707418491172,0.621311347419807,2.50145814535422,1.96690173873152,0.312921020781004,2.54129174939402,2.26774912348306,1.37982187324732,1.02026120479329,0.873032116126324,2.30995661482612,0.72286851441738,2.23695185257675,0.787429697680201,1.113062741598,1.97866720948608,1.97441095824224,1.06151310151711,0.469494540816413,1.73256860260532,1.25198126513443
0.450578662566162,0.833524454970052,0.795268326567802,0.574121838357664,0.791629304538272,1.66465604872203,0.408737310809268,1.1042564511903,0.525707418491172,2.56772346459046,2.55872685035978,0.480330114826026,0.154778357597002,2.32249423713758,0.715498672237256,0.284232411257703,1.90637202089988,2.43327841495742,0.0546342611412833,0.291021061904144,0.0935869152109383,0.236088393728744,0.0831083726919295,0.0140918452545211,0.104000408588614,0.102683918765234,0.0206554234417222,0.212502061595184,0.034750305550574,0.00770265360305533
0.449112001451868,0.843684349921828,0.808942162997826,0.583142234899499,0.81865359867871,1.72961086298678,0.484717697922494,1.1715255280503,0.621311347419807,2.55872685035978,3.13712164942486,0.590817598867946,0.201269734111505,2.65357742840115,0.863841491994934,0.357920393793732,2.25565534672564,2.98438197444433,0.0458133564455512,0.376098856439486,0.0847405866253648,0.311279424916449,0.0741735509674539,0.00823543670921989,0.147316243713153,0.145579926076132,0.0138266368564999,0.208138880575891,0.0564584166608117,0.00317889048718722
0.134821233130673,0.00597646230831694,0.0212345287366094,0.134716648262322,0.0680250956293285,0.0816178356852362,2.32974995708663,0.0188340597900289,2.50145814535422,0.480330114826026,0.590817598867946,4.06593477309787,2.89929822519759,0.260178696887887,3.41883182873088,3.4816411984979,1.49778990985927,1.09419790631985,1.46873374848719,3.79849863629569,1.22077908209465,3.69961771701508,1.34281329307778,1.86587574546241,3.29766212140245,3.28950450172565,1.7809492188874,0.825780967624895,2.89730933795455,2.16012153724216
0.370055010494538,0.109534861051023,0.165033392409423,0.399929700490348,0.295041605949809,1.64476554025406e-05,1.98046051979297,0.196620653869586,1.96690173873152,0.154778357597002,0.201269734111505,2.89929822519759,3.59657572154308,0.0295739080623494,2.36171297584984,3.32603419428741,0.799708171509119,0.470200811509473,2.15450225757504,3.53233513715456,1.87596842662597,3.58559835759242,2.02025760137522,2.56073563216628,3.54235301232452,3.54041575923903,2.47797085505393,1.40835865731009,3.36044953037676,2.80871400538943
0.821557830441041,1.26838942502604,1.27935586115629,1.06712260896633,1.41455146200845,2.25819575694272,0.217906850428149,1.95273671215186,0.312921020781004,2.32249423713758,2.65357742840115,0.260178696887887,0.0295739080623494,3.87721354405815,0.474191473291891,0.106917518682454,1.77387255602492,2.75297189166953,0.307794898612899,0.103313017278703,0.393750937313027,0.0650993182791719,0.380798212490228,0.188399172575645,0.00370841469375716,0.00344816897087075,0.212380851892589,0.626398402578827,0.00933796848725432,0.174831074691209
0.0473469864001697,0.00514535197457855,8.79607627495282e-05,0.0409218772632194,0.00786629349477286,0.198286069732946,2.26490954024439,0.00208480123394095,2.54129174939402,0.715498672237256,0.863841491994934,3.41883182873088,2.36171297584984,0.474191473291891,3.86570595213034,2.87735053724972,1.88582093035201,1.47376489030895,1.01598798483936,3.18085249450612,0.818608175832764,3.07703249697999,0.908902925700626,1.34340924488825,2.65100194325559,2.64269822010751,1.27211208074269,0.506412402323497,2.25956681725645,1.57683591215733
0.253441655127815,0.0476654390462472,0.0848223524664431,0.267680596017104,0.176480396977173,0.0162389222848094,2.2065024514571,0.0956059029338072,2.26774912348306,0.284232411257703,0.357920393793732,3.4816411984979,3.32603419428741,0.106917518682454,2.87735053724972,3.93979325604301,1.10924614964394,0.734520044852909,1.88547887869102,3.93307667610269,1.60660988910202,3.89160328341828,1.74994146100199,2.31441247962891,3.6374859754832,3.63210289815349,2.22458373489924,1.15534176996807,3.31323208390322,2.61757579525713
0.117134409294017,0.380780084126625,0.33591159969771,0.167355764977592,0.297307298576131,1.03847643890339,1.15126807833669,0.510872268938348,1.37982187324732,1.90637202089988,2.25565534672564,1.49778990985927,0.799708171509119,1.77387255602492,1.88582093035201,1.10924614964394,3.61148207614688,3.19883875452665,0.0660878333560984,1.23043410706996,0.0278359860953525,1.13356545298468,0.0390745262402294,0.157492406264657,0.80825984154726,0.803384457268668,0.134701517524369,0.000238868519769397,0.564114832774061,0.21132700635316
0.322736516656929,0.699201843013268,0.661705504530056,0.43967994474105,0.666196629350738,1.58099735938644,0.818625632578156,1.0310385109085,1.02026120479329,2.43327841495742,2.98438197444433,1.09419790631985,0.470200811509473,2.75297189166953,1.47376489030895,0.734520044852909,3.19883875452665,4.77200576603431,0.000824086549076064,0.828449309082175,0.0142700671786011,0.734997914909488,0.0088578170719158,0.0134708168844275,0.44386573658123,0.439954259505837,0.00717107198066547,0.0950721521463631,0.249331539833469,0.0285443740454259
1.21906849527572,0.760762401901031,0.936394153434408,1.47190602469914,1.39162742588471,0.39885295028037,0.954325449559354,1.32118728975011,0.873032116126324,0.0546342611412833,0.0458133564455512,1.46873374848719,2.15450225757504,0.307794898612899,1.01598798483936,1.88547887869102,0.0660878333560984,0.000824086549076064,5.10172562112488,2.43534430639472,4.47799058872148,2.78021168213177,4.92579891725691,4.84581583021887,3.49387155470414,3.49468882996836,4.90737367859962,3.68807753850329,3.98462898591024,4.92199666322181
0.30780011971691,0.0661682185379924,0.113058396458095,0.335766798057028,0.231940252923327,0.0110893304249009,2.21471201300495,0.136616482993674,2.30995661482612,0.291021061904144,0.376098856439486,3.79849863629569,3.53233513715456,0.103313017278703,3.18085249450612,3.93307667610269,1.23043410706996,0.828449309082175,2.43534430639472,5.89037886628,2.047081796872,5.78597703135571,2.27041428466716,3.05374658812026,5.25063634440974,5.2358225239595,2.92274338196867,1.46856721925833,4.65694607656966,3.65157896815405
1.30346348259836,0.84560852882635,1.02988285395461,1.57894174480424,1.50822199925592,0.479975441877529,0.806096203078937,1.44641644534757,0.72286851441738,0.0935869152109383,0.0847405866253648,1.22077908209465,1.87596842662597,0.393750937313027,0.818608175832764,1.60660988910202,0.0278359860953525,0.0142700671786011,4.47799058872148,2.047081796872,4.61246761622188,2.34174738598296,4.59877380482863,4.22912310046271,2.97359354652989,2.97503149955692,4.28807955351082,3.81876162504823,3.41946574240261,4.30466794056118
0.375271403308753,0.0990868398422053,0.157644558173743,0.417511832703089,0.305223692653039,0.00200674001650203,2.15897702708273,0.199058245814394,2.23695185257675,0.236088393728744,0.311279424916449,3.69961771701508,3.58559835759242,0.0650993182791719,3.07703249697999,3.89160328341828,1.13356545298468,0.734997914909488,2.78021168213177,5.78597703135571,2.34174738598296,6.6191742773714,2.60748976110242,3.4791502044236,6.00059120306547,5.98022383283387,3.3314215347365,1.70554501860646,5.31444412190166,4.23196651727709
1.289975722874,0.832268362540721,1.01755718830414,1.56984699380597,1.50429562144655,0.466496333922786,0.870030476757806,1.45095248610301,0.787429697680201,0.0831083726919295,0.0741735509674539,1.34281329307778,2.02025760137522,0.380798212490228,0.908902925700626,1.74994146100199,0.0390745262402294,0.0088578170719158,4.92579891725691,2.27041428466716,4.59877380482863,2.60748976110242,5.18372765635323,4.70411019490644,3.31902173929284,3.31977946628903,4.76751617963567,3.86608097052109,3.81743056999379,4.85598938459634
1.08245930293491,0.630238426522117,0.79026617717804,1.2980828268654,1.20239453971384,0.282040555027667,1.18495897756208,1.11535272410078,1.113062741598,0.0140918452545211,0.00823543670921989,1.86587574546241,2.56073563216628,0.188399172575645,1.34340924488825,2.31441247962891,0.157492406264657,0.0134708168844275,4.84581583021887,3.05374658812026,4.22912310046271,3.4791502044236,4.70411019490644,5.77822833698248,4.31342724658252,4.31291179427153,5.58925050823819,3.43558390419863,4.86423204044691,5.76397896201652
0.562051250141054,0.211773642424991,0.300554954838392,0.646027432539097,0.52344464942713,0.0146679395719431,1.95398218459037,0.403755067327508,1.97866720948608,0.104000408588614,0.147316243713153,3.29766212140245,3.54235301232452,0.00370841469375716,2.65100194325559,3.6374859754832,0.80825984154726,0.44386573658123,3.49387155470414,5.25063634440974,2.97359354652989,6.00059120306547,3.31902173929284,4.31342724658252,7.19838386204651,7.15577654849734,4.14207156378861,2.24876717264224,6.43701968754094,5.32041899110621
0.563641793940964,0.212947205550781,0.30193691525018,0.647845864658483,0.525248315909139,0.0150796746795283,1.95065445500118,0.405538623308237,1.97441095824224,0.102683918765234,0.145579926076132,3.28950450172565,3.54041575923903,0.00344816897087075,2.64269822010751,3.63210289815349,0.803384457268668,0.439954259505837,3.49468882996836,5.2358225239595,2.97503149955692,5.98022383283387,3.31977946628903,4.31291179427153,7.15577654849734,7.15792949536316,4.14185620484449,2.25061417981584,6.42938459713492,5.31234675662503
1.11253416017812,0.658229223664573,0.821871094409067,1.33646019789304,1.24409248438087,0.306130924142223,1.136026670762,1.16083284730479,1.06151310151711,0.0206554234417222,0.0138266368564999,1.7809492188874,2.47797085505393,0.212380851892589,1.27211208074269,2.22458373489924,0.134701517524369,0.00717107198066547,4.90737367859962,2.92274338196867,4.28807955351082,3.3314215347365,4.76751617963567,5.58925050823819,4.14207156378861,4.14185620484449,5.65268381225574,3.49515771685988,4.68209806716256,5.61343490180492
1.48868129725922,1.04979975474648,1.25609276026246,1.83560997739192,1.80544211102776,0.689727633758086,0.5487472255346,1.7819109233243,0.469494540816413,0.212502061595184,0.208138880575891,0.825780967624895,1.40835865731009,0.626398402578827,0.506412402323497,1.15534176996807,0.000238868519769397,0.0950721521463631,3.68807753850329,1.46856721925833,3.81876162504823,1.70554501860646,3.86608097052109,3.43558390419863,2.24876717264224,2.25061417981584,3.49515771685988,4.2207922157165,2.65326259921054,3.53840428335806
0.720781176438414,0.325141033023574,0.437614286705107,0.843076637506766,0.721754394897386,0.0637148224410602,1.74603958760134,0.603630073151287,1.73256860260532,0.034750305550574,0.0564584166608117,2.89730933795455,3.36044953037676,0.00933796848725432,2.25956681725645,3.31323208390322,0.564114832774061,0.249331539833469,3.98462898591024,4.65694607656966,3.41946574240261,5.31444412190166,3.81743056999379,4.86423204044691,6.43701968754094,6.42938459713492,4.68209806716256,2.65326259921054,7.09790867974755,5.98076510845505
1.07328750373265,0.619145566213983,0.782843301553641,1.30195388134238,1.21497877043681,0.268563713185407,1.31096014677792,1.14145996600444,1.25198126513443,0.00770265360305533,0.00317889048718722,2.16012153724216,2.80871400538943,0.174831074691209,1.57683591215733,2.61757579525713,0.21132700635316,0.0285443740454259,4.92199666322181,3.65157896815405,4.30466794056118,4.23196651727709,4.85598938459634,5.76397896201652,5.32041899110621,5.31234675662503,5.61343490180492,3.53840428335806,5.98076510845505,7.95482389986828
