0.487508989102687,0.34637904039908,0.186549604251613,0.139335280777899,0.465206662823774,0.00406255256284438,0.00952065927743084,0.258721385580948,0.266392220795674,0.0836800252938132,0.42792577686502,7.0405973450649e-05,0.0123692768411883,0.483718407962018,0.353944816045716,0.486898910981083,0.486922053705863,0.367723391021769,0.322778875934252,0.0130350289027503,0.36937608599541,0.290895225692114,0.0831760216737081,0.00891548834725775,0.0656934455102296,0.0160172644655878,0.179940510462318,0.174853273773677,0.160629803391695,0.143555094280044
0.34637904039908,0.965338202357857,0.638635782662066,0.580672847483077,0.518937510879901,0.192886343504236,0.226850238605143,0.121085753566514,0.130320972814368,0.484581401553691,0.932368535675706,0.142942413202327,0.249208037665635,0.783737926186641,0.960114096343345,0.760377934728383,0.713084567663132,0.288443807546948,0.211669258559961,0.0565162824770433,0.294973388244444,0.16580914292794,7.77383758254757e-06,0.0746508803189325,0.00244162448689478,0.0545539777226978,0.0424039617831324,0.0384198857332385,0.0281074335766531,0.0176903771582251
0.186549604251613,0.638635782662066,0.936761129223366,0.872642498588035,0.225615826545224,0.457481307591403,0.500043979541968,0.00372157199087209,0.00559002998442137,0.779614268994245,0.649017735949704,0.391542142449872,0.530784678796276,0.458359288195823,0.82468223199248,0.434694251339922,0.386386134941589,0.0667693602183181,0.0298066379393522,0.259595458236736,0.0685167518283918,0.0123041900787504,0.0889052594346915,0.298647627014346,0.117160332720739,0.263590667146019,0.00927801486407986,0.0113558133474037,0.0184851737809679,0.0287667837933485
0.139335280777899,0.580672847483077,0.872642498588035,1.21697392451021,0.162295899940547,0.721488206759914,0.773816533888451,0.00426266137481068,0.00248938744404503,1.12082052658016,0.627547496430887,0.639875059376779,0.819820523241926,0.407863797127312,0.885339636373824,0.384137833099034,0.331181308830678,0.0237221724624028,0.00316194736920838,0.471557766673968,0.0244993439909034,0.000251568375488009,0.21692815977229,0.534396622942521,0.263565545390213,0.487378164009255,0.0608316356838277,0.066634602537345,0.084827963119996,0.107451628821277
0.465206662823774,0.518937510879901,0.225615826545224,0.162295899940547,2.19868677994348,0.00891459768033398,0.00131078289039221,1.30810310548529,1.33898305813492,0.0802178236401914,1.05290269494847,0.0372564355936449,0.000257013973815834,1.69589176379242,0.803654975544698,1.92105278800601,2.07511116068316,1.83244030244233,1.6558732468959,0.185902279856348,1.86961096161737,1.56424531690686,0.595677736842759,0.171932345718433,0.507378977590381,0.232277148441228,1.06802006574586,1.04710760769965,0.989926590926589,0.9055786369411
0.00406255256284438,0.192886343504236,0.457481307591403,0.721488206759914,0.00891459768033398,2.19870255645191,1.97924219849637,0.499444753996614,0.472807774570712,1.25822663482506,0.172412848123966,2.10150465584293,2.07027364694987,0.0375921274132258,0.390622141084732,0.0230373573365665,0.00651629645397556,0.209354965127545,0.345770296141447,1.88978610281979,0.220676554509054,0.487640211406338,1.40735985414711,2.00159645639098,1.51974757698259,1.94289458033675,0.927341607975101,0.954059719311417,1.03378608861546,1.11030694024287
0.00952065927743084,0.226850238605143,0.500043979541968,0.773816533888451,0.00131078289039221,1.97924219849637,2.0407746958566,0.397943582718962,0.374788079078321,1.31956064150728,0.212666588851909,1.88214529427133,2.03344945112504,0.0613554164352537,0.444874847627236,0.0437947004083021,0.0201029493161937,0.14783207836032,0.26089316897471,1.67139580614988,0.155508766031501,0.37912439793649,1.20965642294379,1.78384873154692,1.3146932540537,1.72395450454678,0.768409373066956,0.792241882944281,0.863462950338311,0.933609014272513
0.258721385580948,0.121085753566514,0.00372157199087209,0.00426266137481068,1.30810310548529,0.499444753996614,0.397943582718962,3.5233368798241,3.44407398348791,0.0716227648836658,0.34669206272292,0.705329054933233,0.39936070520057,0.816186429983635,0.16566327092218,1.05122557696625,1.32411942445041,2.83317338312063,3.29729799241102,1.3939951523559,2.98238277147824,3.49824646150696,2.49966166565644,1.48757793859323,2.31870472486017,1.71652571834568,3.27735536798616,3.25342226485505,3.1863060531292,3.06855693335742
0.266392220795674,0.130320972814368,0.00559002998442137,0.00248938744404503,1.33898305813492,0.472807774570712,0.374788079078321,3.44407398348791,3.48434153906018,0.0623079049036721,0.365726915774632,0.671966031982926,0.375091125383674,0.844999905310588,0.180321701157411,1.08500036888008,1.36157942052751,2.87047858333081,3.3117224104625,1.33927280856947,3.01174984778777,3.47249073152442,2.42287821140299,1.42609165719597,2.24395035819309,1.64906732542193,3.2033884045158,3.17883491771655,3.11045001377397,2.99049823170571
0.0836800252938132,0.484581401553691,0.779614268994245,1.12082052658016,0.0802178236401914,1.25822663482506,1.31956064150728,0.0716227648836658,0.0623079049036721,1.83078268326946,0.550906223341636,1.16102888495008,1.41413845578002,0.314202735924574,0.883968355355554,0.290793565817461,0.235798912603708,0.000296017363130563,0.0180423223342698,0.950889255038052,0.000318034606689555,0.0507911592966548,0.547394416478865,1.07302198398246,0.62971879921351,1.00778406680947,0.243320938162615,0.257021419399098,0.29893925331722,0.345402487394681
0.42792577686502,0.932368535675706,0.649017735949704,0.627547496430887,1.05290269494847,0.172412848123966,0.212666588851909,0.34669206272292,0.365726915774632,0.550906223341636,1.90596885435393,0.114775470262476,0.243572863398789,1.61048283768984,1.65298238502169,1.60747674245699,1.5352060338408,0.698592977783893,0.553237776797218,0.0248548738191219,0.72659716214256,0.473224994262268,0.0236067167560994,0.0416834926497729,0.00857187781683644,0.0226660114635528,0.183128428783565,0.172681584544966,0.144661719847902,0.111778611313428
7.0405973450649e-05,0.142942413202327,0.391542142449872,0.639875059376779,0.0372564355936449,2.10150465584293,1.88214529427133,0.705329054933233,0.671966031982926,1.16102888495008,0.114775470262476,2.54493675927905,2.00593386882327,0.010644904778359,0.308381809477837,0.00293099766640736,0.000560563422799643,0.34210728867673,0.52404411806017,2.33199380924126,0.362263343681446,0.714694349203169,1.80907281700004,2.43820231170513,1.93634691029806,2.38354693993053,1.25267312169933,1.28527334772698,1.38245330727088,1.47128851196228
0.0123692768411883,0.249208037665635,0.530784678796276,0.819820523241926,0.000257013973815834,2.07027364694987,2.03344945112504,0.39936070520057,0.375091125383674,1.41413845578002,0.243572863398789,2.00593386882327,2.29006181281925,0.0767948880074787,0.500035931683223,0.0573749151484466,0.0292061102055086,0.140972459113711,0.257543081464425,1.79858233454302,0.148943995014203,0.382717297620099,1.28444755201661,1.94816139295686,1.4023279216646,1.88049363476189,0.80059796987892,0.826766576906712,0.905479884845946,0.981921415413942
0.483718407962018,0.783737926186641,0.458359288195823,0.407863797127312,1.69589176379242,0.0375921274132258,0.0613554164352537,0.816186429983635,0.844999905310588,0.314202735924574,1.61048283768984,0.010644904778359,0.0767948880074787,2.46346101689289,1.38477032443579,2.43965526320839,2.37943943660827,1.35564095469921,1.16140691848691,0.0136396695242,1.41513680307517,1.06870068493098,0.220493963297181,0.00662257510603315,0.163132969286712,0.0214762755144902,0.585790586538665,0.567202231623858,0.516730452454001,0.44744923120085
0.353944816045716,0.960114096343345,0.82468223199248,0.885339636373824,0.803654975544698,0.390622141084732,0.444874847627236,0.16566327092218,0.180321701157411,0.883968355355554,1.65298238502169,0.308381809477837,0.500035931683223,1.38477032443579,2.24458178799719,1.41340421624766,1.33959443044741,0.45872005498047,0.327799057888669,0.151875554474773,0.482023889487945,0.255924771592893,0.00549143125619711,0.203845908260824,0.0193141347599792,0.160533780542478,0.0477649500951074,0.0418903932206414,0.0272005603935703,0.0133965115013437
0.486898910981083,0.760377934728383,0.434694251339922,0.384137833099034,1.92105278800601,0.0230373573365665,0.0437947004083021,1.05122557696625,1.08500036888008,0.290793565817461,1.60747674245699,0.00293099766640736,0.0573749151484466,2.43965526320839,1.41340421624766,3.14621481922103,3.07172764447167,1.72264587675506,1.5016278255091,0.0350215747634683,1.82215961314523,1.41537708708033,0.329660276806262,0.0238305245475887,0.253119262354899,0.0516912357305612,0.805700565138482,0.782900646469944,0.7213967859922,0.630740491495145
0.486922053705863,0.713084567663132,0.386386134941589,0.331181308830678,2.07511116068316,0.00651629645397556,0.0201029493161937,1.32411942445041,1.36157942052751,0.235798912603708,1.5352060338408,0.000560563422799643,0.0292061102055086,2.37943943660827,1.33959443044741,3.07172764447167,3.73514172964807,2.11220483820124,1.88048416269939,0.0816026694483711,2.2601154039887,1.81552232047785,0.489690372303603,0.0674292980784088,0.391011630107966,0.11558988864834,1.08554594525552,1.05898837604629,0.987936665379386,0.874378509180241
0.367723391021769,0.288443807546948,0.0667693602183181,0.0237221724624028,1.83244030244233,0.209354965127545,0.14783207836032,2.83317338312063,2.87047858333081,0.000296017363130563,0.698592977783893,0.34210728867673,0.140972459113711,1.35564095469921,0.45872005498047,1.72264587675506,2.11220483820124,3.84655982464603,3.61467091352692,0.832306575875274,3.84655884814795,3.53890645530366,1.80953959517632,0.87785967420737,1.6310777510549,1.06523256804955,2.7315842849208,2.69984681004856,2.61664477765612,2.45318829651887
0.322778875934252,0.211669258559961,0.0298066379393522,0.00316194736920838,1.6558732468959,0.345770296141447,0.26089316897471,3.29729799241102,3.3117224104625,0.0180423223342698,0.553237776797218,0.52404411806017,0.257543081464425,1.16140691848691,0.327799057888669,1.5016278255091,1.88048416269939,3.61467091352692,4.38089584826708,1.16807550315379,3.97708310906323,4.28814928532298,2.37180216407585,1.26612745125803,2.16339877639763,1.5125043549571,3.44659093628692,3.41313765404578,3.32721932632387,3.13798034568758
0.0130350289027503,0.0565162824770433,0.259595458236736,0.471557766673968,0.185902279856348,1.88978610281979,1.67139580614988,1.3939951523559,1.33927280856947,0.950889255038052,0.0248548738191219,2.33199380924126,1.79858233454302,0.0136396695242,0.151875554474773,0.0350215747634683,0.0816026694483711,0.832306575875274,1.16807550315379,3.97321219648455,0.897617745961899,1.55380696729532,3.27595790868196,3.95887499843435,3.46987202200861,3.97094321005723,2.43544949267479,2.49230568856325,2.66374096564486,2.79513018170998
0.36937608599541,0.294973388244444,0.0685167518283918,0.0244993439909034,1.86961096161737,0.220676554509054,0.155508766031501,2.98238277147824,3.01174984778777,0.000318034606689555,0.72659716214256,0.362263343681446,0.148943995014203,1.41513680307517,0.482023889487945,1.82215961314523,2.2601154039887,3.84655884814795,3.97708310906323,0.897617745961899,4.48863955752748,4.02858866064206,1.98973852351117,0.962293495717597,1.79172198031927,1.17647909496979,3.04750613913064,3.01375261124932,2.92762594387913,2.73447006675474
0.290895225692114,0.16580914292794,0.0123041900787504,0.000251568375488009,1.56424531690686,0.487640211406338,0.37912439793649,3.49824646150696,3.47249073152442,0.0507911592966548,0.473224994262268,0.714694349203169,0.382717297620099,1.06870068493098,0.255924771592893,1.41537708708033,1.81552232047785,3.53890645530366,4.28814928532298,1.55380696729532,4.02858866064206,5.75163020748216,3.10988517676492,1.75590085732671,2.85597094984778,2.10349812002145,4.51003902672738,4.48002977451646,4.41081946618907,4.14610837750463
0.0831760216737081,7.77383758254757e-06,0.0889052594346915,0.21692815977229,0.595677736842759,1.40735985414711,1.20965642294379,2.49966166565644,2.42287821140299,0.547394416478865,0.0236067167560994,1.80907281700004,1.28444755201661,0.220493963297181,0.00549143125619711,0.329660276806262,0.489690372303603,1.80953959517632,2.37180216407585,3.27595790868196,1.98973852351117,3.10988517676492,5.46819113674394,3.89190453184387,5.18826079609629,4.4065695223484,4.38697919886842,4.47825220145702,4.75025991662083,4.91201641395632
0.00891548834725775,0.0746508803189325,0.298647627014346,0.534396622942521,0.171932345718433,2.00159645639098,1.78384873154692,1.48757793859323,1.42609165719597,1.07302198398246,0.0416834926497729,2.43820231170513,1.94816139295686,0.00662257510603315,0.203845908260824,0.0238305245475887,0.0674292980784088,0.87785967420737,1.26612745125803,3.95887499843435,0.962293495717597,1.75590085732671,3.89190453184387,5.598803382618,4.16703070416972,5.51682457570595,2.84653725386524,2.92559516817454,3.17457306814519,3.33579162241082
0.0656934455102296,0.00244162448689478,0.117160332720739,0.263565545390213,0.507378977590381,1.51974757698259,1.3146932540537,2.31870472486017,2.24395035819309,0.62971879921351,0.00857187781683644,1.93634691029806,1.4023279216646,0.163132969286712,0.0193141347599792,0.253119262354899,0.391011630107966,1.6310777510549,2.16339877639763,3.46987202200861,1.79172198031927,2.85597094984778,5.18826079609629,4.16703070416972,5.47133665641789,4.6872449142585,4.1081170660826,4.19849939041814,4.47383903050885,4.63789393170469
0.0160172644655878,0.0545539777226978,0.263590667146019,0.487378164009255,0.232277148441228,1.94289458033675,1.72395450454678,1.71652571834568,1.64906732542193,1.00778406680947,0.0226660114635528,2.38354693993053,1.88049363476189,0.0214762755144902,0.160533780542478,0.0516912357305612,0.11558988864834,1.06523256804955,1.5125043549571,3.97094321005723,1.17647909496979,2.10349812002145,4.4065695223484,5.51682457570595,4.6872449142585,6.51873110032886,3.32554239651486,3.41886520898989,3.71819096558819,3.88680242280911
0.179940510462318,0.0424039617831324,0.00927801486407986,0.0608316356838277,1.06802006574586,0.927341607975101,0.768409373066956,3.27735536798616,3.2033884045158,0.243320938162615,0.183128428783565,1.25267312169933,0.80059796987892,0.585790586538665,0.0477649500951074,0.805700565138482,1.08554594525552,2.7315842849208,3.44659093628692,2.43544949267479,3.04750613913064,4.51003902672738,4.38697919886842,2.84653725386524,4.1081170660826,3.32554239651486,5.95617229447928,5.92205618904706,5.83611492259492,5.5909014908187
0.174853273773677,0.0384198857332385,0.0113558133474037,0.066634602537345,1.04710760769965,0.954059719311417,0.792241882944281,3.25342226485505,3.17883491771655,0.257021419399098,0.172681584544966,1.28527334772698,0.826766576906712,0.567202231623858,0.0418903932206414,0.782900646469944,1.05898837604629,2.69984681004856,3.41313765404578,2.49230568856325,3.01375261124932,4.48002977451646,4.47825220145702,2.92559516817454,4.19849939041814,3.41886520898989,5.92205618904706,6.05700145941181,5.97085748347949,5.71767744951179
0.160629803391695,0.0281074335766531,0.0184851737809679,0.084827963119996,0.989926590926589,1.03378608861546,0.863462950338311,3.1863060531292,3.11045001377397,0.29893925331722,0.144661719847902,1.38245330727088,0.905479884845946,0.516730452454001,0.0272005603935703,0.7213967859922,0.987936665379386,2.61664477765612,3.32721932632387,2.66374096564486,2.92762594387913,4.41081946618907,4.75025991662083,3.17457306814519,4.47383903050885,3.71819096558819,5.83611492259492,5.97085748347949,6.44124850783514,6.09809732026511
0.143555094280044,0.0176903771582251,0.0287667837933485,0.107451628821277,0.9055786369411,1.11030694024287,0.933609014272513,3.06855693335742,2.99049823170571,0.345402487394681,0.111778611313428,1.47128851196228,0.981921415413942,0.44744923120085,0.0133965115013437,0.630740491495145,0.874378509180241,2.45318829651887,3.13798034568758,2.79513018170998,2.73447006675474,4.14610837750463,4.91201641395632,3.33579162241082,4.63789393170469,3.88680242280911,5.5909014908187,5.71767744951179,6.09809732026511,6.26696476021874
