0.531421113215024,0.505808875859279,0.521340958438527,0.0240581529019688,0.0113681233190135,0.0397823717784866,0.022286622093814,0.520107080041752,0.524333362005011,0.00475362148173164,0.00744623119496968,0.0152500255938459,0.0736925383017564,0.0644068882132063,0.0885052673546489,0.0590430893110814,0.146432602449086,0.161881746202754,0.0690495545466963,0.357872073726271,0.27297750444932,0.0885175815854342,0.0784526326288777,0.289374334377671,0.305468185711871,0.333243604416027,0.29587101861252,0.414416108302649,0.316602004465736,0.466349502696537
0.505808875859279,1.68946089157897,1.5530392261113,0.157529819548592,0.103712893338289,0.226400696347638,0.159624327651357,1.67472649926035,1.33730514755479,0.0857983596303087,0.00217269711802248,5.36832303288381e-05,0.371542926759576,0.333740094637408,0.427267842754028,0.327308992140139,0.631500990306556,0.202448226634185,0.38656289118301,0.679211826425447,0.469039800641462,0.0772297726922506,0.437241071474561,1.13042867452087,1.19660918349048,1.2769423436116,1.17421287327269,1.50845877109417,1.23697768456863,1.62888287164837
0.521340958438527,1.5530392261113,1.65494278593693,0.109192759244712,0.0659582497206461,0.165138005475722,0.10916766098305,1.65369085004063,1.43150465903565,0.0484872713340341,0.000368040864725971,0.00538205305687511,0.287257524276422,0.254769384967405,0.336155208693675,0.247128187980066,0.520471273365758,0.266667303444757,0.295862630372388,0.777683405033651,0.560227501208731,0.121313641351994,0.338760048559728,0.994143490053661,1.06046914427418,1.14223177050087,1.03796308844933,1.39023408525108,1.10166317107008,1.53352214846631
0.0240581529019688,0.157529819548592,0.109192759244712,1.80791015421158,1.59434599846359,1.76908102384493,1.80583610082062,0.145378260176055,0.0199480873179612,1.71257886981915,1.1389133315719,1.06120709527706,1.69513544835062,1.71811778553403,1.65107851072758,1.75324885231788,1.46226426092241,0.512067039746054,1.7474120813508,0.118724488898395,0.292799884205556,0.807815488118732,1.73681029183925,1.04555247796014,1.02757044123413,0.922382264905116,1.07696703467463,0.638343505585142,1.00515974112417,0.421866283323201
0.0113681233190135,0.103712893338289,0.0659582497206461,1.59434599846359,1.6737530115156,1.56148336916695,1.64560923754928,0.0891403953511207,0.00430428101865798,1.6557418956227,1.21570196091754,1.13865676998038,1.48608197551813,1.5105598857727,1.43937787129983,1.55620923359551,1.25016603364752,0.589821752855342,1.55394165704048,0.170181078619551,0.363681615944355,0.885096846313545,1.54319305644365,0.854868769826174,0.836069418345008,0.741001436801218,0.880538195337496,0.488701512735143,0.814562564874954,0.305672530321673
0.0397823717784866,0.226400696347638,0.165138005475722,1.76908102384493,1.56148336916695,2.19168198487672,1.98927462785395,0.221748792647136,0.046392068300833,1.89257428147304,1.12417495311413,1.0455371315319,2.1162768754208,2.14032316098052,2.06786826211712,2.1721365845322,1.84858854952726,0.478234197662399,2.16512795170467,0.0861122522239048,0.254082184565108,0.796803412720247,2.15523458231274,1.36381100017876,1.3500399791641,1.21998237207246,1.41320051530468,0.870769013167732,1.32623005584409,0.593422172059186
0.022286622093814,0.159624327651357,0.10916766098305,1.80583610082062,1.64560923754928,1.98927462785395,2.12761787924598,0.148544471434383,0.0179002892806093,1.99832645622101,1.24764719524889,1.16933135058344,1.93975594875591,1.96681820621917,1.88311228254634,2.03209885980468,1.64784692505684,0.586277456572327,2.03355183305863,0.142064142238598,0.344473184013974,0.926133371277419,2.0231032230275,1.16661476212955,1.15173676511169,1.02760829956016,1.21255128105098,0.701837281121739,1.12809793383987,0.455330598908216
0.520107080041752,1.67472649926035,1.65369085004063,0.145378260176055,0.0891403953511207,0.221748792647136,0.148544471434383,2.53219192765264,1.77819239873817,0.0713027627841161,2.08767503222518e-05,0.00414883694610735,0.3956244823914,0.34920674679953,0.464263928968935,0.345690494322351,0.723184375873543,0.321512133868259,0.426302615432303,0.993154737212134,0.721837714682799,0.142551035640301,0.497735477908877,1.4436581507509,1.56671459019448,1.68809347522716,1.54155217592273,2.0887022730023,1.63978117709305,2.31929569772516
0.524333362005011,1.33730514755479,1.43150465903565,0.0199480873179612,0.00430428101865798,0.046392068300833,0.0179002892806093,1.77819239873817,2.15846404355536,1.01033788255656e-05,0.054240648898735,0.085442358107243,0.120609216481147,0.098767281293302,0.156228081085166,0.0905711337702151,0.308486855783629,0.615878848602943,0.119983737893876,1.37324193428569,1.09559019547156,0.377588893463529,0.149116740028212,0.795620845526765,0.881336356235906,0.982339139585563,0.856796851752139,1.33588811164775,0.936376124764906,1.57267081807553
0.00475362148173164,0.0857983596303087,0.0484872713340341,1.71257886981915,1.6557418956227,1.89257428147304,1.99832645622101,0.0713027627841161,1.01033788255656e-05,2.70664075504259,1.56436183654025,1.50750857852008,1.99515659033927,2.01031083410944,1.9281919054391,2.19306570009038,1.63272106978044,0.912311683317327,2.28431657509975,0.305128905742383,0.617641994881741,1.36704339139001,2.30011499326604,1.08140955612113,1.07236163365687,0.928056785713625,1.14837701372848,0.575152348386274,1.04835986392366,0.329427828384664
0.00744623119496968,0.00217269711802248,0.000368040864725971,1.1389133315719,1.21570196091754,1.12417495311413,1.24764719524889,2.08767503222518e-05,0.054240648898735,1.56436183654025,1.80264800110884,1.7240085611691,1.05984047542876,1.08696447804163,1.00377700185571,1.17059043382101,0.793334188662057,1.12577447716567,1.19586327639712,0.533542925026729,0.849021120423295,1.47153865327356,1.19371893422987,0.420967466737376,0.401843080219909,0.326418240540527,0.438024443790606,0.149387273328841,0.382544016183056,0.0538133227379456
0.0152500255938459,5.36832303288381e-05,0.00538205305687511,1.06120709527706,1.13865676998038,1.0455371315319,1.16933135058344,0.00414883694610735,0.085442358107243,1.50750857852008,1.7240085611691,1.86627445778725,0.981622259554767,1.00877335047639,0.925275396964719,1.09495866921968,0.715562490263683,1.26081529630997,1.12396801789751,0.633543077450555,0.975838123429192,1.61270975523593,1.12371215839634,0.353620936729842,0.334671250023179,0.264484730642544,0.368454264372606,0.105490510505215,0.316128720167229,0.0284242531066905
0.0736925383017564,0.371542926759576,0.287257524276422,1.69513544835062,1.48608197551813,2.1162768754208,1.93975594875591,0.3956244823914,0.120609216481147,1.99515659033927,1.05984047542876,0.981622259554767,3.05907046825563,2.84253869916612,2.991987981028,2.99827484750132,2.68354481849606,0.403575923257616,3.05428524905572,0.0376963770625038,0.181087702389539,0.743059071993333,3.05906891207787,2.07231306289908,2.08088154931301,1.89203786970358,2.18002582991091,1.40152537439631,2.05890780301198,0.985725214143757
0.0644068882132063,0.333740094637408,0.254769384967405,1.71811778553403,1.5105598857727,2.14032316098052,1.96681820621917,0.34920674679953,0.098767281293302,2.01031083410944,1.08696447804163,1.00877335047639,2.84253869916612,2.86973538074127,2.78013850203509,2.8614085832082,2.4903779957807,0.429322726031546,2.86966904532188,0.0495106260916565,0.203056307777955,0.770020364622401,2.86610320364811,1.90053765516502,1.90254676544053,1.72694507924486,1.99335848671179,1.26783282965897,1.87954777450335,0.884878356064585
0.0885052673546489,0.427267842754028,0.336155208693675,1.65107851072758,1.43937787129983,2.06786826211712,1.88311228254634,0.464263928968935,0.156228081085166,1.9281919054391,1.00377700185571,0.925275396964719,2.991987981028,2.78013850203509,3.22210670384273,3.00214200143805,2.9044472866319,0.355473029742245,3.18139246499385,0.0216231483260247,0.144269362359066,0.682819185396041,3.21064120194216,2.28000719073968,2.29474193499276,2.09464200317382,2.40028124792208,1.57424708723586,2.27382370279908,1.12241834907949
0.0590430893110814,0.327308992140139,0.247128187980066,1.75324885231788,1.55620923359551,2.1721365845322,2.03209885980468,0.345690494322351,0.0905711337702151,2.19306570009038,1.17059043382101,1.09495866921968,2.99827484750132,2.8614085832082,3.00214200143805,3.36981668592613,2.69785448998236,0.497162876750243,3.36269616300086,0.0665976117198306,0.24895630745818,0.880353643981309,3.35287888014482,2.06550174670526,2.08638391344843,1.87759397117958,2.20207938240885,1.35704060477009,2.06706672898279,0.926578912612563
0.146432602449086,0.631500990306556,0.520471273365758,1.46226426092241,1.25016603364752,1.84858854952726,1.64784692505684,0.723184375873543,0.308486855783629,1.63272106978044,0.793334188662057,0.715562490263683,2.68354481849606,2.4903779957807,2.9044472866319,2.69785448998236,3.56001004963752,0.197687798314599,3.13095022981663,0.000540532376843039,0.0428652160545657,0.462229468258613,3.31073340059966,2.92544944335925,2.94816082926174,2.73361263150568,3.05562979174746,2.15153242352487,2.92810909006505,1.60192624412737
0.161881746202754,0.202448226634185,0.266667303444757,0.512067039746054,0.589821752855342,0.478234197662399,0.586277456572327,0.321512133868259,0.615878848602943,0.912311683317327,1.12577447716567,1.26081529630997,0.403575923257616,0.429322726031546,0.355473029742245,0.497162876750243,0.197687798314599,2.78861571823182,0.519063068449813,1.85375870253688,2.47000672931008,2.40889992840488,0.518280001730596,0.0131309207933294,0.00684243422132269,6.65145993981042e-05,0.0125695756449149,0.0471239555778418,0.00326405927354223,0.145305299817627
0.0690495545466963,0.38656289118301,0.295862630372388,1.7474120813508,1.55394165704048,2.16512795170467,2.03355183305863,0.426302615432303,0.119983737893876,2.28431657509975,1.19586327639712,1.12396801789751,3.05428524905572,2.86966904532188,3.18139246499385,3.36269616300086,3.13095022981663,0.519063068449813,4.60470108492043,0.0595607371462732,0.255101061302591,0.944719270166682,4.59388363848248,2.60065253037498,2.691319010429,2.40308485597395,2.87487460423,1.74051267432052,2.69230738646829,1.17587774311251
0.357872073726271,0.679211826425447,0.777683405033651,0.118724488898395,0.170181078619551,0.0861122522239048,0.142064142238598,0.993154737212134,1.37324193428569,0.305128905742383,0.533542925026729,0.633543077450555,0.0376963770625038,0.0495106260916565,0.0216231483260247,0.0665976117198306,0.000540532376843039,1.85375870253688,0.0595607371462732,3.09695500811014,2.78411272315686,1.47668012918846,0.0498825455276215,0.157986952328593,0.199866773320229,0.268379962937,0.180919142325934,0.55390506074558,0.231336202326163,0.791507521031622
0.27297750444932,0.469039800641462,0.560227501208731,0.292799884205556,0.363681615944355,0.254082184565108,0.344473184013974,0.721837714682799,1.09559019547156,0.617641994881741,0.849021120423295,0.975838123429192,0.181087702389539,0.203056307777955,0.144269362359066,0.24895630745818,0.0428652160545657,2.47000672931008,0.255101061302591,2.78411272315686,3.88667291052827,2.14696588200992,0.24758807333272,0.0309529337634009,0.0493968026765677,0.0909382839124397,0.0380268765521885,0.301932006549978,0.0655068329449202,0.510473805934683
0.0885175815854342,0.0772297726922506,0.121313641351994,0.807815488118732,0.885096846313545,0.796803412720247,0.926133371277419,0.142551035640301,0.377588893463529,1.36704339139001,1.47153865327356,1.61270975523593,0.743059071993333,0.770020364622401,0.682819185396041,0.880353643981309,0.462229468258613,2.40889992840488,0.944719270166682,1.47668012918846,2.14696588200992,3.11317302104022,0.96575623985221,0.130267063722563,0.113306185310211,0.0662936215299883,0.137594732282738,0.000591355918228231,0.0986838055603618,0.0238130447188438
0.0784526326288777,0.437241071474561,0.338760048559728,1.73681029183925,1.54319305644365,2.15523458231274,2.0231032230275,0.497735477908877,0.149116740028212,2.30011499326604,1.19371893422987,1.12371215839634,3.05906891207787,2.86610320364811,3.21064120194216,3.35287888014482,3.31073340059966,0.518280001730596,4.59388363848248,0.0498825455276215,0.24758807333272,0.96575623985221,5.84970184892262,3.01552548224509,3.19825161377766,2.84158945512163,3.45568136053165,2.07408627559637,3.23382127991581,1.39370062828971
0.289374334377671,1.13042867452087,0.994143490053661,1.04555247796014,0.854868769826174,1.36381100017876,1.16661476212955,1.4436581507509,0.795620845526765,1.08140955612113,0.420967466737376,0.353620936729842,2.07231306289908,1.90053765516502,2.28000719073968,2.06550174670526,2.92544944335925,0.0131309207933294,2.60065253037498,0.157986952328593,0.0309529337634009,0.130267063722563,3.01552548224509,4.90603209741097,4.88685019374841,4.70740425436659,4.90538867225533,3.93880216884929,4.8655937706132,3.0452423688067
0.305468185711871,1.19660918349048,1.06046914427418,1.02757044123413,0.836069418345008,1.3500399791641,1.15173676511169,1.56671459019448,0.881336356235906,1.07236163365687,0.401843080219909,0.334671250023179,2.08088154931301,1.90254676544053,2.29474193499276,2.08638391344843,2.94816082926174,0.00684243422132269,2.691319010429,0.199866773320229,0.0493968026765677,0.113306185310211,3.19825161377766,4.88685019374841,5.89234540136683,5.39482369629287,5.86709969585723,4.49568037517411,5.86832245513649,3.40551034944814
0.333243604416027,1.2769423436116,1.14223177050087,0.922382264905116,0.741001436801218,1.21998237207246,1.02760829956016,1.68809347522716,0.982339139585563,0.928056785713625,0.326418240540527,0.264484730642544,1.89203786970358,1.72694507924486,2.09464200317382,1.87759397117958,2.73361263150568,6.65145993981042e-05,2.40308485597395,0.268379962937,0.0909382839124397,0.0662936215299883,2.84158945512163,4.70740425436659,5.39482369629287,5.58877157758052,5.40365851542508,4.68177588050846,5.54036630914391,3.59547808554196
0.29587101861252,1.17421287327269,1.03796308844933,1.07696703467463,0.880538195337496,1.41320051530468,1.21255128105098,1.54155217592273,0.856796851752139,1.14837701372848,0.438024443790606,0.368454264372606,2.18002582991091,1.99335848671179,2.40028124792208,2.20207938240885,3.05562979174746,0.0125695756449149,2.87487460423,0.180919142325934,0.0380268765521885,0.137594732282738,3.45568136053165,4.90538867225533,5.86709969585723,5.40365851542508,6.48344095449376,4.55487156545722,6.21204314051699,3.4148370524049
0.414416108302649,1.50845877109417,1.39023408525108,0.638343505585142,0.488701512735143,0.870769013167732,0.701837281121739,2.0887022730023,1.33588811164775,0.575152348386274,0.149387273328841,0.105490510505215,1.40152537439631,1.26783282965897,1.57424708723586,1.35704060477009,2.15153242352487,0.0471239555778418,1.74051267432052,0.55390506074558,0.301932006549978,0.000591355918228231,2.07408627559637,3.93880216884929,4.49568037517411,4.68177588050846,4.55487156545722,5.61824366386539,4.76705852193372,4.36039670667142
0.316602004465736,1.23697768456863,1.10166317107008,1.00515974112417,0.814562564874954,1.32623005584409,1.12809793383987,1.63978117709305,0.936376124764906,1.04835986392366,0.382544016183056,0.316128720167229,2.05890780301198,1.87954777450335,2.27382370279908,2.06706672898279,2.92810909006505,0.00326405927354223,2.69230738646829,0.231336202326163,0.0655068329449202,0.0986838055603618,3.23382127991581,4.8655937706132,5.86832245513649,5.54036630914391,6.21204314051699,4.76705852193372,6.45078981580856,3.59496127412938
0.466349502696537,1.62888287164837,1.53352214846631,0.421866283323201,0.305672530321673,0.593422172059186,0.455330598908216,2.31929569772516,1.57267081807553,0.329427828384664,0.0538133227379456,0.0284242531066905,0.985725214143757,0.884878356064585,1.12241834907949,0.926578912612563,1.60192624412737,0.145305299817627,1.17587774311251,0.791507521031622,0.510473805934683,0.0238130447188438,1.39370062828971,3.0452423688067,3.40551034944814,3.59547808554196,3.4148370524049,4.36039670667142,3.59496127412938,4.71393938768739
