0,1.69442421257414,2.1966355562894,0.709771799001304,2.26605180578329,1.09345677373251,2.28786178342639,2.83654883575869,2.47778656017839,3.70757744483009,3.75874273443601,2.77633061089526,4.16244627103518,4.12133486375358,3.82015003681412,2.6036302399986,4.12947793356524,5.28203453271895,5.82515081961918,6.43024192294435,6.28746540563651,7.22048540634011,6.96497434582784,9.07464208764709,9.57990871825224,8.55506898502674,9.10304860021138,9.63874027424159,10.7580737927274,11.9792815512909
1.69442421257414,0,2.17160634226159,2.25817715795243,2.24102259175548,2.38608570498985,2.26283256939858,2.87729531904195,2.45275734615058,3.68254823080228,2.14835415548036,4.06895954215259,4.20319275431844,4.16208134703684,3.86089652009739,3.89625917125593,4.1702244168485,5.32278101600221,5.86589730290244,6.47098840622761,6.32821188891977,7.26123188962337,7.0057208291111,9.11538857093035,9.6206552015355,8.59581546831001,9.14379508349464,9.67948675752485,10.7988202760107,12.0200280345742
2.1966355562894,2.17160634226159,0,2.76038850166769,1.44729243586971,2.8882970487051,2.55645903524115,3.3795066627572,2.17564526110568,3.97617469664484,4.23592486412345,4.57117088586785,4.7054040980337,4.6642926907521,4.36310786381264,4.39847051497119,4.67243576056375,5.82499235971747,6.36810864661769,6.97319974994286,6.83042323263502,7.76344323333862,7.50793217282636,9.61759991464561,10.1228665452508,9.09802681202526,9.6460064272099,10.1816981012401,11.3010316197259,12.5222393782895
0.709771799001304,2.25817715795243,2.76038850166769,0,2.82980475116158,1.65720971911081,2.85161472880468,3.40030178113698,3.04153950555668,4.27133039020838,4.3224956798143,3.34008355627355,4.72619921641347,4.68508780913187,4.38390298219242,3.16738318537689,4.69323087894353,5.84578747809724,6.38890376499747,6.99399486832264,6.8512183510148,7.7842383517184,7.52872729120613,9.63839503302538,10.1436616636305,9.11882193040504,9.66680154558967,10.2024932196199,11.3218267381057,12.5430344966692
2.26605180578329,2.24102259175548,1.44729243586971,2.82980475116158,0,2.957713298199,2.62587528473504,3.4489229122511,2.24506151059958,4.04559094613873,4.30534111361734,4.64058713536174,4.77482034752759,4.73370894024599,4.43252411330654,4.46788676446508,4.74185201005765,5.89440860921136,6.43752489611159,7.04261599943676,6.89983948212892,7.83285948283252,7.57734842232025,9.6870161641395,10.1922827947446,9.16744306151915,9.71542267670379,10.251114350734,11.3704478692198,12.5916556277833
1.09345677373251,2.38608570498985,2.8882970487051,1.65720971911081,2.957713298199,0,2.9795232758421,3.52821032817439,3.16944805259409,4.39923893724579,4.45040422685171,2.47358456603879,4.85410776345089,4.81299635616929,4.51181152922983,2.30088419514213,4.82113942598094,5.97369602513466,6.51681231203488,7.12190341536005,6.97912689805221,7.91214689875581,7.65663583824355,9.7663035800628,10.2715702106679,9.24673047744245,9.79471009262709,10.3304017666573,11.4497352851431,12.6709430437066
2.28786178342639,2.26283256939858,2.55645903524115,2.85161472880468,2.62587528473504,2.9795232758421,0,3.4707328898942,2.83761003913014,1.53308033409951,4.32715109126045,4.66239711300484,4.7966303251707,4.75551891788909,4.45433409094964,4.48969674210818,4.76366198770075,5.91621858685446,6.45933487375469,7.06442597707986,6.92164945977202,7.85466946047562,7.59915839996335,9.70882614178261,10.2140927723878,9.18925303916226,9.73723265434689,10.2729243283771,11.3922578468629,12.6134656054264
2.83654883575869,2.87729531904195,3.3795066627572,3.40030178113698,3.4489229122511,3.52821032817439,3.4707328898942,0,3.66065766664619,4.8904485512979,4.94161384090381,5.21108416533714,1.88595789812299,1.84484649084139,1.54366166390194,5.03838379444048,1.85298956065305,3.00554615980676,3.54866244670699,4.02776336046406,3.88498684315622,4.81800684385982,4.56249578334756,6.53011999777988,7.03538662838503,6.15259042254646,6.7005700377311,7.23626171176131,8.35559523024715,9.57680298881065
2.47778656017839,2.45275734615058,2.17564526110568,3.04153950555668,2.24506151059958,3.16944805259409,2.83761003913014,3.66065766664619,0,4.25732570053383,4.51707586801244,4.85232188975684,4.98655510192269,4.94544369464109,4.64425886770163,4.67962151886018,4.95358676445274,6.10614336360646,6.64925965050668,7.25435075383185,7.11157423652401,8.04459423722761,7.78908317671535,9.8987509185346,10.4040175491397,9.37917781591425,9.92715743109889,10.4628491051291,11.5821826236149,12.8033903821784
3.70757744483009,3.68254823080228,3.97617469664484,4.27133039020838,4.04559094613873,4.39923893724579,1.53308033409951,4.8904485512979,4.25732570053383,0,5.74686675266414,6.08211277440854,6.21634598657439,6.17523457929279,5.87404975235333,5.90941240351188,6.18337764910444,7.33593424825816,7.87905053515838,8.48414163848355,8.34136512117571,9.27438512187931,9.01887406136705,11.1285418031863,11.6338084337914,10.608968700566,11.1569483157506,11.6926399897808,12.8119735082666,14.0331812668301
3.75874273443601,2.14835415548036,4.23592486412345,4.3224956798143,4.30534111361734,4.45040422685171,4.32715109126045,4.94161384090381,4.51707586801244,5.74686675266414,0,6.13327806401446,6.26751127618031,6.22639986889871,5.92521504195925,5.96057769311779,6.23454293871036,7.38709953786408,7.9302158247643,8.53530692808947,8.39253041078163,9.32555041148523,9.07003935097297,11.1797070927922,11.6849737233974,10.6601339901719,11.2081136053565,11.7438052793867,12.8631387978726,14.0843465564361
2.77633061089526,4.06895954215259,4.57117088586785,3.34008355627355,4.64058713536174,2.47358456603879,4.66239711300484,5.21108416533714,4.85232188975684,6.08211277440854,6.13327806401446,0,6.53698160061363,6.49587019333203,6.19468536639258,3.945103812504,6.50401326314369,7.6565698622974,8.19968614919763,8.8047772525228,8.66200073521496,9.59502073591856,9.33950967540629,11.4491774172255,11.9544440478307,10.9296043146052,11.4775839297898,12.01327560382,13.1326091223059,14.3538168808694
4.16244627103518,4.20319275431844,4.7054040980337,4.72619921641347,4.77482034752759,4.85410776345089,4.7966303251707,1.88595789812299,4.98655510192269,6.21634598657439,6.26751127618031,6.53698160061363,0,0.125693346247229,2.85960560319302,6.36428122971697,3.16893349994413,1.36736032207922,1.91047660897944,5.47965098530865,5.33687446800081,6.26989446870441,6.01438340819215,8.1240511500114,8.62931778061655,7.60447804739105,8.15245766257569,8.68814933660589,9.80748285509174,11.0286906136552
4.12133486375358,4.16208134703684,4.6642926907521,4.68508780913187,4.73370894024599,4.81299635616929,4.75551891788909,1.84484649084139,4.94544369464109,6.17523457929279,6.22639986889871,6.49587019333203,0.125693346247229,0,2.81849419591142,6.32316982243537,3.12782209266253,1.32624891479762,1.86936520169784,5.43853957802705,5.29576306071921,6.22878306142281,5.97327200091055,8.0829397427298,8.58820637333495,7.56336664010945,8.11134625529409,8.64703792932429,9.76637144781014,10.9875792063736
3.82015003681412,3.86089652009739,4.36310786381264,4.38390298219242,4.43252411330654,4.51181152922983,4.45433409094964,1.54366166390194,4.64425886770163,5.87404975235333,5.92521504195925,6.19468536639258,2.85960560319302,2.81849419591142,0,6.02198499549591,0.960482858049513,3.97919386487679,4.52231015177701,5.1373547510876,4.99457823377976,5.92759823448336,5.67208717397109,7.78175491579034,8.28702154639549,7.26218181316999,7.81016142835463,8.34585310238484,9.46518662087068,10.6863943794342
2.6036302399986,3.89625917125593,4.39847051497119,3.16738318537689,4.46788676446508,2.30088419514213,4.48969674210818,5.03838379444048,4.67962151886018,5.90941240351188,5.96057769311779,3.945103812504,6.36428122971697,6.32316982243537,6.02198499549591,0,6.33131289224703,7.48386949140074,8.02698577830096,8.63207688162614,8.4893003643183,9.4223203650219,9.16680930450963,11.2764770463289,11.781743676934,10.7569039437085,11.3048835588932,11.8405752329234,12.9599087514092,14.1811165099727
4.12947793356524,4.1702244168485,4.67243576056375,4.69323087894353,4.74185201005765,4.82113942598094,4.76366198770075,1.85298956065305,4.95358676445274,6.18337764910444,6.23454293871036,6.50401326314369,3.16893349994413,3.12782209266253,0.960482858049513,6.33131289224703,0,4.2885217616279,4.83163804852812,5.44668264783871,5.30390613053087,6.23692613123447,5.9814150707222,8.09108281254145,8.5963494431466,7.57150970992111,8.11948932510574,8.65518099913595,9.77451451762179,10.9957222761853
5.28203453271895,5.32278101600221,5.82499235971747,5.84578747809724,5.89440860921136,5.97369602513466,5.91621858685446,3.00554615980676,6.10614336360646,7.33593424825816,7.38709953786408,7.6565698622974,1.36736032207922,1.32624891479762,3.97919386487679,7.48386949140074,4.2885217616279,0,0.791916422560022,6.59923924699242,6.45646272968458,7.38948273038818,7.13397166987591,9.24363941169517,9.74890604230032,8.72406630907482,9.27204592425946,9.80773759828966,10.9270711167755,12.148278875339
5.82515081961918,5.86589730290244,6.36810864661769,6.38890376499747,6.43752489611159,6.51681231203488,6.45933487375469,3.54866244670699,6.64925965050668,7.87905053515838,7.9302158247643,8.19968614919763,1.91047660897944,1.86936520169784,4.52231015177701,8.02698577830096,4.83163804852812,0.791916422560022,0,7.14235553389265,6.99957901658481,7.93259901728841,7.67708795677614,9.78675569859539,10.2920223292005,9.26718259597504,9.81516221115968,10.3508538851899,11.4701874036757,12.6913951622392
6.43024192294435,6.47098840622761,6.97319974994286,6.99399486832264,7.04261599943676,7.12190341536005,7.06442597707986,4.02776336046406,7.25435075383185,8.48414163848355,8.53530692808947,8.8047772525228,5.47965098530865,5.43853957802705,5.1373547510876,8.63207688162614,5.44668264783871,6.59923924699242,7.14235553389265,0,0.229529996422689,2.37870660968647,2.1231955491742,10.2658566123525,10.7711232429576,3.161552044881,3.70953166006563,4.24522333409584,5.36455685258168,6.58576461114518
6.28746540563651,6.32821188891977,6.83042323263502,6.8512183510148,6.89983948212892,6.97912689805221,6.92164945977202,3.88498684315622,7.11157423652401,8.34136512117571,8.39253041078163,8.66200073521496,5.33687446800081,5.29576306071921,4.99457823377976,8.4893003643183,5.30390613053087,6.45646272968458,6.99957901658481,0.229529996422689,0,2.23593009237863,1.98041903186636,10.1230800950446,10.6283467256498,3.01877552757316,3.56675514275779,4.102446816788,5.22178033527384,6.44298809383734
7.22048540634011,7.26123188962337,7.76344323333862,7.7842383517184,7.83285948283252,7.91214689875581,7.85466946047562,4.81800684385982,8.04459423722761,9.27438512187931,9.32555041148523,9.59502073591856,6.26989446870441,6.22878306142281,5.92759823448336,9.4223203650219,6.23692613123447,7.38948273038818,7.93259901728841,2.37870660968647,2.23593009237863,0,2.16792114049586,11.0561000957482,11.5613667263534,4.50353367176886,5.0515132869535,5.58720496098371,6.70653847946955,7.92774623803305
6.96497434582784,7.0057208291111,7.50793217282636,7.52872729120613,7.57734842232025,7.65663583824355,7.59915839996335,4.56249578334756,7.78908317671535,9.01887406136705,9.07003935097297,9.33950967540629,6.01438340819215,5.97327200091055,5.67208717397109,9.16680930450963,5.9814150707222,7.13397166987591,7.67708795677614,2.1231955491742,1.98041903186636,2.16792114049586,0,10.800589035236,11.3058556658411,4.24802261125659,4.79600222644123,5.33169390047144,6.45102741895728,7.67223517752078
9.07464208764709,9.11538857093035,9.61759991464561,9.63839503302538,9.6870161641395,9.7663035800628,9.70882614178261,6.53011999777988,9.8987509185346,11.1285418031863,11.1797070927922,11.4491774172255,8.1240511500114,8.0829397427298,7.78175491579034,11.2764770463289,8.09108281254145,9.24363941169517,9.78675569859539,10.2658566123525,10.1230800950446,11.0561000957482,10.800589035236,0,1.36459044805815,12.3906836744349,12.9386632896195,13.4743549636497,14.5936884821356,15.8148962406991
9.57990871825224,9.6206552015355,10.1228665452508,10.1436616636305,10.1922827947446,10.2715702106679,10.2140927723878,7.03538662838503,10.4040175491397,11.6338084337914,11.6849737233974,11.9544440478307,8.62931778061655,8.58820637333495,8.28702154639549,11.781743676934,8.5963494431466,9.74890604230032,10.2920223292005,10.7711232429576,10.6283467256498,11.5613667263534,11.3058556658411,1.36459044805815,0,12.89595030504,13.4439299202247,13.9796215942549,15.0989551127407,16.3201628713042
8.55506898502674,8.59581546831001,9.09802681202526,9.11882193040504,9.16744306151915,9.24673047744245,9.18925303916226,6.15259042254646,9.37917781591425,10.608968700566,10.6601339901719,10.9296043146052,7.60447804739105,7.56336664010945,7.26218181316999,10.7569039437085,7.57150970992111,8.72406630907482,9.26718259597504,3.161552044881,3.01877552757316,4.50353367176886,4.24802261125659,12.3906836744349,12.89595030504,0,1.60263031758732,3.57276852821694,4.69210204670278,5.91330980526629
9.10304860021138,9.14379508349464,9.6460064272099,9.66680154558967,9.71542267670379,9.79471009262709,9.73723265434689,6.7005700377311,9.92715743109889,11.1569483157506,11.2081136053565,11.4775839297898,8.15245766257569,8.11134625529409,7.81016142835463,11.3048835588932,8.11948932510574,9.27204592425946,9.81516221115968,3.70953166006563,3.56675514275779,5.0515132869535,4.79600222644123,12.9386632896195,13.4439299202247,1.60263031758732,0,4.12074814340158,5.24008166188742,6.46128942045092
9.63874027424159,9.67948675752485,10.1816981012401,10.2024932196199,10.251114350734,10.3304017666573,10.2729243283771,7.23626171176131,10.4628491051291,11.6926399897808,11.7438052793867,12.01327560382,8.68814933660589,8.64703792932429,8.34585310238484,11.8405752329234,8.65518099913595,9.80773759828966,10.3508538851899,4.24522333409584,4.102446816788,5.58720496098371,5.33169390047144,13.4743549636497,13.9796215942549,3.57276852821694,4.12074814340158,0,2.72588488402535,3.94709264258886
10.7580737927274,10.7988202760107,11.3010316197259,11.3218267381057,11.3704478692198,11.4497352851431,11.3922578468629,8.35559523024715,11.5821826236149,12.8119735082666,12.8631387978726,13.1326091223059,9.80748285509174,9.76637144781014,9.46518662087068,12.9599087514092,9.77451451762179,10.9270711167755,11.4701874036757,5.36455685258168,5.22178033527384,6.70653847946955,6.45102741895728,14.5936884821356,15.0989551127407,4.69210204670278,5.24008166188742,2.72588488402535,0,2.33535406959752
11.9792815512909,12.0200280345742,12.5222393782895,12.5430344966692,12.5916556277833,12.6709430437066,12.6134656054264,9.57680298881065,12.8033903821784,14.0331812668301,14.0843465564361,14.3538168808694,11.0286906136552,10.9875792063736,10.6863943794342,14.1811165099727,10.9957222761853,12.148278875339,12.6913951622392,6.58576461114518,6.44298809383734,7.92774623803305,7.67223517752078,15.8148962406991,16.3201628713042,5.91330980526629,6.46128942045092,3.94709264258886,2.33535406959752,0
