0,0.277936104048098,1.76787535223052,0.370949486924367,1.63133146963717,0.710733374252222,1.04596172705199,2.25917010546713,1.51267963404104,2.0048852788942,1.95357828190891,2.23584438262888,3.39581009584104,3.52087736058156,2.64342390762359,1.98788397535385,2.99967845061586,4.09745401207382,4.69612632002609,4.05288337929306,3.91511116277765,4.76152042153134,4.57466745025585,5.5227129316107,5.7110325749509,4.6880024580485,5.11337085503308,4.99116250130966,5.2406399000365,5.50669575129786
0.277936104048098,0,1.63991476214428,0.47853920265303,1.44841250674415,0.713316850718334,0.773157801136722,2.23673042110747,1.2826385444826,1.73568906043056,1.75017135884773,2.3119331896673,3.34523445440393,3.47068922160426,2.5448132306905,1.98018254981898,2.89017993211421,4.02080650672831,4.63018691251445,4.27863902440125,4.14244746743803,4.95552774976631,4.78043835214268,5.65906298247336,5.80800705085872,4.95021490661777,5.35650488736608,5.26857997105678,5.51542393139813,5.76384958696499
1.76787535223052,1.63991476214428,0,2.10375690499481,0.420667855524366,2.34339877018254,1.33997386849353,0.945895327128277,0.816843163905942,2.2230302558734,2.82425498039857,3.94956907475091,1.81199865839835,1.93414560392781,0.924386964888146,3.5614436037427,1.253831802136,2.41524471704725,3.03757620959429,4.26867678533466,4.15918842344376,4.61725080643762,4.55147264669787,4.87341346106131,4.78818417044114,5.33169863935901,5.46152043604929,6.02435520288418,6.52589011014297,7.01900223153341
0.370949486924367,0.47853920265303,2.10375690499481,0,1.92668505429139,0.364189313758399,1.1880321929301,2.6292553535274,1.75198191402372,1.97812752598355,1.76031306027038,1.86983742403139,3.76276250209567,3.88796197760168,2.99529093376837,1.62322031683105,3.3470852402163,4.45835854085126,5.06023748253718,4.26565146676264,4.12546860343026,5.02176113464862,4.81894543405095,5.84039624686271,6.05410038187803,4.80341807738014,5.28533689476366,5.00274941615687,5.17114490880904,5.34985335805817
1.63133146963717,1.44841250674415,0.420667855524366,1.92668505429139,0,2.11516399038231,0.990081255768218,1.36461735906715,0.400680939934433,1.80471700006486,2.43717036945764,3.71695021137827,2.19358874508546,2.31275618189356,1.27064309537949,3.2763705474303,1.55603403948343,2.74684362542518,3.37464605803635,4.57792365480454,4.46262317414615,4.97983427574127,4.89818900416375,5.28354542998882,5.20841602162845,5.57750849114267,5.76082360871838,6.1911962611332,6.62756024145498,7.04398586278238
0.710733374252222,0.713316850718334,2.34339877018254,0.364189313758399,2.11516399038231,0,1.25148453777043,2.94065083482408,1.88159042840729,1.83312275009462,1.47259818267854,1.60730976639489,4.057375077597,4.18282374338055,3.25496819654744,1.28157959130824,3.5965775607695,4.73361961004091,5.34349624921322,4.60234439162129,4.46136371448357,5.37540589628153,5.16740320786089,6.20457139159233,6.4150019914696,5.08722978639775,5.60073083179042,5.21274503830793,5.31154161054065,5.40249837450258
1.04596172705199,0.773157801136722,1.33997386849353,1.1880321929301,0.990081255768218,1.25148453777043,0,2.18348135816778,0.663361035681723,1.11736650502661,1.50329936473674,2.80026394635745,3.15190047037935,3.27411844705734,2.25009983305801,2.30778262699439,2.54588277113256,3.73438210109429,4.36129866169856,4.83529694363761,4.70516616359055,5.41123573322418,5.27256292918436,5.94074326353357,5.97613698857811,5.62288848473136,5.96082520165465,6.01472046719839,6.28655396198316,6.52876115984359
2.25917010546713,2.23673042110747,0.945895327128277,2.6292553535274,1.36461735906715,2.94065083482408,2.18348135816778,0,1.75234357273686,3.15417935502837,3.68661902269425,4.49179845579128,1.15859111522134,1.28083457873527,0.761831505845283,4.21662502413882,1.08460569019536,1.90935140881745,2.4712572848318,3.5703400033368,3.47773143162026,3.78236524976419,3.75560777347343,3.93567892097752,3.84502343066786,4.7709655108651,4.7703227140578,5.63983097207629,6.2847491337644,6.94552299703078
1.51267963404104,1.2826385444826,0.816843163905942,1.75198191402372,0.400680939934433,1.88159042840729,0.663361035681723,1.75234357273686,0,1.40621806883229,2.04856105832242,3.45656226017982,2.58863743778318,2.70662727344979,1.6583242956383,2.97077430564489,1.92325273874163,3.11917678622454,3.7478612073563,4.83032139347618,4.7096025638474,5.28778034927944,5.18885682073677,5.6510131655353,5.59721200873158,5.7614746424348,5.99871867735504,6.2944826565616,6.66573915694195,7.00716699458159
2.0048852788942,1.73568906043056,2.2230302558734,1.97812752598355,1.80471700006486,1.83312275009462,1.11736650502661,3.15417935502837,1.40621806883229,0,0.916056711534478,2.97973864318448,3.96103174245594,4.07432944866873,3.02035789063288,2.31917205336822,3.23403575895656,4.41802778572717,5.04161173019147,5.94613640059992,5.81463812215759,6.52736594996607,6.38990738720317,7.0140746688931,6.99573856836717,6.68375046595062,7.0598210246398,6.97520447896378,7.13677829555663,7.22192844446615
1.95357828190891,1.75017135884773,2.82425498039857,1.76031306027038,2.43717036945764,1.47259818267854,1.50329936473674,3.68661902269425,2.04856105832242,0.916056711534478,0,2.1832041108188,4.62970675816607,4.74954717895318,3.70591511633798,1.48632663832181,3.96697221827201,5.16326681571826,5.79179798760173,6.00428868937426,5.86577893073815,6.70530965830709,6.52598595795576,7.37268338649611,7.45678623288064,6.55635868737404,7.04379069472452,6.66356195487175,6.68755787968547,6.62774394334635
2.23584438262888,2.3119331896673,3.94956907475091,1.86983742403139,3.71695021137827,1.60730976639489,2.80026394635745,4.49179845579128,3.45656226017982,2.97973864318448,2.1832041108188,0,5.63163481785389,5.75671729423987,4.85641108649411,0.707684931389538,5.20169498730581,6.3268866436324,6.93004753922087,5.37490627747544,5.23331519941136,6.30147089211722,6.03602624826928,7.36509567537064,7.70480927691396,5.44861004938998,6.15799704278346,5.1439689934927,4.89190518569521,4.59162038157316
3.39581009584104,3.34523445440393,1.81199865839835,3.76276250209567,2.19358874508546,4.057375077597,3.15190047037935,1.15859111522134,2.58863743778318,3.96103174245594,4.62970675816607,5.63163481785389,0,0.125454833407768,0.941061810890518,5.31921745792729,0.817541692580326,0.775799290916921,1.31266904842918,4.09334986078342,4.03332070473547,4.0081643697198,4.0798511311274,3.70050946724459,3.35036151262503,5.43709510801158,5.25041999901334,6.47026503917,7.22038590655626,7.97790938447304
3.52087736058156,3.47068922160426,1.93414560392781,3.88796197760168,2.31275618189356,4.18282374338055,3.27411844705734,1.28083457873527,2.70662727344979,4.07432944866873,4.74954717895318,5.75671729423987,0.125454833407768,0,1.05415457722771,5.44458303831815,0.903009409551053,0.673380818499731,1.19123858626449,4.13929440958587,4.08296579728718,4.02285674880072,4.10473623521048,3.66642166943123,3.28891900447944,5.49439345108651,5.28785838621432,6.54447464114785,7.30651133256263,8.07618609043876
2.64342390762359,2.5448132306905,0.924386964888146,2.99529093376837,1.27064309537949,3.25496819654744,2.25009983305801,0.761831505845283,1.6583242956383,3.02035789063288,3.70591511633798,4.85641108649411,0.941061810890518,1.05415457722771,0,4.48456551591732,0.370090347402168,1.49091116591544,2.11432825906789,4.3040587771265,4.21702132146323,4.43914173611492,4.44233769387768,4.40612322299167,4.17491866682957,5.52870349062649,5.50099660067704,6.39817606090231,7.02378742325562,7.64309962889184
1.98788397535385,1.98018254981898,3.5614436037427,1.62322031683105,3.2763705474303,1.28157959130824,2.30778262699439,4.21662502413882,2.97077430564489,2.31917205336822,1.48632663832181,0.707684931389538,5.31921745792729,5.44458303831815,4.48456551591732,0,4.81081766101588,5.97344234134482,6.59080285667652,5.58975404333853,5.44697064898891,6.45333904532714,6.21326418040584,7.39818353119657,7.65794039789407,5.82740900204953,6.46939973529576,5.65990810663692,5.49816489053658,5.27127989135254
2.99967845061586,2.89017993211421,1.253831802136,3.3470852402163,1.55603403948343,3.5965775607695,2.54588277113256,1.08460569019536,1.92325273874163,3.23403575895656,3.96697221827201,5.20169498730581,0.817541692580326,0.903009409551053,0.370090347402168,4.81081766101588,0,1.19639905307361,1.82506733217898,4.55221065690549,4.47233959470707,4.61692308163011,4.64407127358382,4.46404214653194,4.15880757369777,5.8129710534696,5.74211854222448,6.72010946120784,7.36768909588225,8.00415856349004
4.09745401207382,4.02080650672831,2.41524471704725,4.45835854085126,2.74684362542518,4.73361961004091,3.73438210109429,1.90935140881745,3.11917678622454,4.41802778572717,5.16326681571826,6.3268866436324,0.775799290916921,0.673380818499731,1.49091116591544,5.97344234134482,1.19639905307361,0,0.628704768836258,4.73721721924588,4.68997597895057,4.53047037705817,4.64446658637268,3.98235655211789,3.46843331553318,6.11573745921526,5.85978818615425,7.19691069247056,7.97383501089571,8.74956600308958
4.69612632002609,4.63018691251445,3.03757620959429,5.06023748253718,3.37464605803635,5.34349624921322,4.36129866169856,2.4712572848318,3.7478612073563,5.04161173019147,5.79179798760173,6.93004753922087,1.31266904842918,1.19123858626449,2.11432825906789,6.59080285667652,1.82506733217898,0.628704768836258,0,4.95659114171117,4.92602928447567,4.61873169984891,4.7746669742817,3.8642951270096,3.23450798472514,6.36737113500379,6.02477552216274,7.51904299264005,8.35021097181667,9.18551357857959
4.05288337929306,4.27863902440125,4.26867678533466,4.26565146676264,4.57792365480454,4.60234439162129,4.83529694363761,3.5703400033368,4.83032139347618,5.94613640059992,6.00428868937426,5.37490627747544,4.09334986078342,4.13929440958587,4.3040587771265,5.58975404333853,4.55221065690549,4.73721721924588,4.95659114171117,0,0.14278493563204,1.04911522858482,0.718809988176215,2.52454231947202,3.27017876425828,1.42938544207472,1.20054433825437,2.73693808388165,3.76949908913429,4.91914958557687
3.91511116277765,4.14244746743803,4.15918842344376,4.12546860343026,4.46262317414615,4.46136371448357,4.70516616359055,3.47773143162026,4.7096025638474,5.81463812215759,5.86577893073815,5.23331519941136,4.03332070473547,4.08296579728718,4.21702132146323,5.44697064898891,4.47233959470707,4.68997597895057,4.92602928447567,0.14278493563204,0,1.16522086740123,0.843426262300414,2.61309011912007,3.33726625533902,1.44309402307086,1.30268541186996,2.70989496588751,3.72091648978012,4.84948710655425
4.76152042153134,4.95552774976631,4.61725080643762,5.02176113464862,4.97983427574127,5.37540589628153,5.41123573322418,3.78236524976419,5.28778034927944,6.52736594996607,6.70530965830709,6.30147089211722,4.0081643697198,4.02285674880072,4.43914173611492,6.45333904532714,4.61692308163011,4.53047037705817,4.61873169984891,1.04911522858482,1.16522086740123,0,0.342256912078966,1.53637514958101,2.36424653721554,2.20680753877816,1.51626155866553,3.605989315705,4.69781363294333,5.90344530869774
4.57466745025585,4.78043835214268,4.55147264669787,4.81894543405095,4.89818900416375,5.16740320786089,5.27256292918436,3.75560777347343,5.18885682073677,6.38990738720317,6.52598595795576,6.03602624826928,4.0798511311274,4.10473623521048,4.44233769387768,6.21326418040584,4.64407127358382,4.64446658637268,4.7746669742817,0.718809988176215,0.843426262300414,0.342256912078966,0,1.87156859205313,2.68120974678023,1.88758997270379,1.27095741833022,3.27938968747166,4.3637695603236,5.56311107071951
5.5227129316107,5.65906298247336,4.87341346106131,5.84039624686271,5.28354542998882,6.20457139159233,5.94074326353357,3.93567892097752,5.6510131655353,7.0140746688931,7.37268338649611,7.36509567537064,3.70050946724459,3.66642166943123,4.40612322299167,7.39818353119657,4.46404214653194,3.98235655211789,3.8642951270096,2.52454231947202,2.61309011912007,1.53637514958101,1.87156859205313,0,0.902171699616272,3.7371923465801,2.97067739576932,5.14014458419631,6.2340834970803,7.43075551116812
5.7110325749509,5.80800705085872,4.78818417044114,6.05410038187803,5.20841602162845,6.4150019914696,5.97613698857811,3.84502343066786,5.59721200873158,6.99573856836717,7.45678623288064,7.70480927691396,3.35036151262503,3.28891900447944,4.17491866682957,7.65794039789407,4.15880757369777,3.46843331553318,3.23450798472514,3.27017876425828,3.33726625533902,2.36424653721554,2.68120974678023,0.902171699616272,0,4.56798225079593,3.84535785402953,5.95922657194799,7.03004668992932,8.18662841691256
4.6880024580485,4.95021490661777,5.33169863935901,4.80341807738014,5.57750849114267,5.08722978639775,5.62288848473136,4.7709655108651,5.7614746424348,6.68375046595062,6.55635868737404,5.44861004938998,5.43709510801158,5.49439345108651,5.52870349062649,5.82740900204953,5.8129710534696,6.11573745921526,6.36737113500379,1.42938544207472,1.44309402307086,2.20680753877816,1.88758997270379,3.7371923465801,4.56798225079593,0,0.938826004633153,1.40650741318485,2.52509288362971,3.79388321528223
5.11337085503308,5.35650488736608,5.46152043604929,5.28533689476366,5.76082360871838,5.60073083179042,5.96082520165465,4.7703227140578,5.99871867735504,7.0598210246398,7.04379069472452,6.15799704278346,5.25041999901334,5.28785838621432,5.50099660067704,6.46939973529576,5.74211854222448,5.85978818615425,6.02477552216274,1.20054433825437,1.30268541186996,1.51626155866553,1.27095741833022,2.97067739576932,3.84535785402953,0.938826004633153,0,2.28724586332938,3.42330208364335,4.71583671508338
4.99116250130966,5.26857997105678,6.02435520288418,5.00274941615687,6.1911962611332,5.21274503830793,6.01472046719839,5.63983097207629,6.2944826565616,6.97520447896378,6.66356195487175,5.1439689934927,6.47026503917,6.54447464114785,6.39817606090231,5.65990810663692,6.72010946120784,7.19691069247056,7.51904299264005,2.73693808388165,2.70989496588751,3.605989315705,3.27938968747166,5.14014458419631,5.95922657194799,1.40650741318485,2.28724586332938,0,1.13765706151046,2.45237060936919
5.2406399000365,5.51542393139813,6.52589011014297,5.17114490880904,6.62756024145498,5.31154161054065,6.28655396198316,6.2847491337644,6.66573915694195,7.13677829555663,6.68755787968547,4.89190518569521,7.22038590655626,7.30651133256263,7.02378742325562,5.49816489053658,7.36768909588225,7.97383501089571,8.35021097181667,3.76949908913429,3.72091648978012,4.69781363294333,4.3637695603236,6.2340834970803,7.03004668992932,2.52509288362971,3.42330208364335,1.13765706151046,0,1.33406004880617
5.50669575129786,5.76384958696499,7.01900223153341,5.34985335805817,7.04398586278238,5.40249837450258,6.52876115984359,6.94552299703078,7.00716699458159,7.22192844446615,6.62774394334635,4.59162038157316,7.97790938447304,8.07618609043876,7.64309962889184,5.27127989135254,8.00415856349004,8.74956600308958,9.18551357857959,4.91914958557687,4.84948710655425,5.90344530869774,5.56311107071951,7.43075551116812,8.18662841691256,3.79388321528223,4.71583671508338,2.45237060936919,1.33406004880617,0
