0,2.51609234453588,2.82688465033749,1.60983344984037,1.48800379137578,1.22541484206352,2.26879668962245,2.83781394222901,3.38444537492848,3.53357393457053,4.13229671472692,4.26603704951669,3.6232145633172,4.26835996801193,4.35375436986491,4.38063314775098,4.58665365345347,5.19186633118322,4.11299773005175,4.42198285233774,3.51395561800054,4.27611831048022,4.90421843353803,4.40731571680941,3.18486642262973,5.51044081602212,4.09001565080193,7.08470828123343,4.9940566315373,7.66170102631935
2.51609234453588,0,0.600997141502819,1.32348834685139,2.29930841835164,3.04114055502423,2.41209755851678,1.21368976655147,5.08792215912277,5.09523120086132,4.55825848142601,4.26819573049011,5.35766230409291,3.64055419230319,4.09970975076986,3.75344793351293,4.94250720526098,5.21688602250422,6.59190331950648,5.85489432805596,5.9972075129566,2.89828976747781,7.33832677087946,5.66244880607554,5.45289641783395,7.81897460097358,2.0689910332887,8.35483347537357,2.51834948253091,8.65863459536204
2.82688465033749,0.600997141502819,0,1.36502606566137,2.2713071668129,3.12408460211262,2.18157651312682,0.701711615297406,5.62229153046205,5.64511137614424,5.15923602616365,4.86373732708144,5.89096157779628,4.20659487384906,4.68567097575415,4.31753159162355,5.54302032625473,5.80814583613817,6.93934961004779,6.42237001635544,6.21285458554763,3.38341314869001,7.71792495599851,6.24158511975957,5.55101796597321,8.25411629110517,2.41484247686839,8.94220318196041,2.47585048450711,9.25675319307085
1.60983344984037,1.32348834685139,1.36502606566137,0,0.976470922388,1.76310808816312,1.25769659483979,1.23132318038692,4.80563132234092,4.89605714358965,4.9314702997627,4.82949629815398,5.06298373597336,4.45552894197307,4.77066354950519,4.57361589967677,5.36462764259659,5.80294053303988,5.68212865889583,5.74759855377624,4.86043627955967,3.98798569237478,6.49665496725533,5.64962991208571,4.19103431543416,7.1202340876577,3.34561503584602,8.37585558537521,3.78944850574638,8.83244963140154
1.48800379137578,2.29930841835164,2.2713071668129,0.976470922388,0,0.940443209943128,0.790878393881956,1.92241979308622,4.87137449590983,5.02087315971812,5.44034404699436,5.45110915831531,5.10770050225829,5.22055566077864,5.45387907063782,5.33839796218814,5.88940390647786,6.41394355787982,5.16895648991774,5.90775564493479,4.1269352407927,4.88452383752519,6.03065558745564,5.88078120397835,3.31305610584306,6.77075357150593,4.31238069898868,8.56982920136041,4.73627122507895,9.12739260528367
1.22541484206352,3.04114055502423,3.12408460211262,1.76310808816312,0.940443209943128,0,1.60690946671546,2.8471517603404,4.37618507161474,4.57242963622341,5.35250744017214,5.48933294983724,4.58736842833599,5.44460583614475,5.56606719224239,5.55918108192694,5.80684003723882,6.41727739062828,4.27598664044636,5.4667162418487,3.1865639198026,5.320288981773,5.15228111657578,5.50446850887138,2.42794626336604,5.94491226951359,4.93192611934847,8.11743197480114,5.54410280295437,8.76067648187185
2.26879668962245,2.41209755851678,2.18157651312682,1.25769659483979,0.790878393881956,1.60690946671546,0,1.62798203640489,5.65288491970332,5.79472409078708,6.09933125565815,6.04921331471921,5.8918907333559,5.71168895874075,6.01107032581918,5.82983227696004,6.5420450423419,7.02063383351692,5.88288754742891,6.67775280340984,4.72365599190249,5.22119377544331,6.757747708526,6.63645563815398,3.76416412461298,7.52966088226276,4.48099248953217,9.33738534941248,4.62957922841876,9.87241488784436
2.83781394222901,1.21368976655147,0.701711615297406,1.23132318038692,1.92241979308622,2.8471517603404,1.62798203640489,0,5.91517121557316,5.97265089048777,5.69124514241737,5.45021759209033,6.17923633417998,4.85372548492143,5.30092158564741,4.96686757316198,6.09315969412675,6.40829961195912,6.90905482816013,6.78969597797765,6.01982282880297,4.07683030713594,7.72751835120438,6.64513863973009,5.23251194856724,8.34587072570647,3.11351654076048,9.36663063827369,3.01749130940518,9.73881116097283
3.38444537492848,5.08792215912277,5.62229153046205,4.80563132234092,4.87137449590983,4.37618507161474,5.65288491970332,5.91517121557316,0,0.32120784421,2.40964374661893,3.06849656568817,0.270127397519811,3.90972944549638,3.45430882114964,3.95716708208286,2.69936899610957,3.49685211527467,3.18374335265936,1.1197494519106,4.13975499430162,4.83526411077356,3.38493746951753,1.29818940469102,4.87481218303832,3.26834878834206,5.49816942887393,3.74214970386701,6.9703894895395,4.44078253835667
3.53357393457053,5.09523120086132,5.64511137614424,4.89605714358965,5.02087315971812,4.57242963622341,5.79472409078708,5.97265089048777,0.32120784421,0,2.12541892885898,2.80347008313552,0.432664468412178,3.68569851065297,3.20075436503002,3.72661943615007,2.39605762815411,3.19166400645531,3.49774448124304,0.894620996150948,4.45629615887178,4.66159146228088,3.67132882318236,1.0033403951478,5.1695213699086,3.49487178148593,5.3828585838367,3.55469574888472,6.88522635499748,4.20377285056788
4.13229671472692,4.55825848142601,5.15923602616365,4.9314702997627,5.44034404699436,5.35250744017214,6.09933125565815,5.69124514241737,2.40964374661893,2.12541892885898,0,0.73229401725496,2.55382791631641,1.78497317743057,1.16547210837049,1.78481059156788,0.454375860945755,1.1710754725844,5.55716326528824,2.19070432294928,6.25044931392869,2.99158977043618,5.79354374970042,1.78045218058503,6.68115639590276,5.58346541628989,4.02231384437925,4.0153793083642,5.62695429021555,4.14146003106933
4.26603704951669,4.26819573049011,4.86373732708144,4.82949629815398,5.45110915831531,5.48933294983724,6.04921331471921,5.45021759209033,3.06849656568817,2.80347008313552,0.73229401725496,0,3.23582586504121,1.08657479473443,0.434997210336143,1.07023392460652,0.819639090798962,0.973524679343248,6.15809205571647,2.92272741254181,6.72224684740261,2.34036464658149,6.44838407456564,2.51230413602432,7.0385357185175,6.28660576227102,3.4513691442423,4.62546481852088,5.05577750264888,4.63547621318844
3.6232145633172,5.35766230409291,5.89096157779628,5.06298373597336,5.10770050225829,4.58736842833599,5.8918907333559,6.17923633417998,0.270127397519811,0.432664468412178,2.55382791631641,3.23582586504121,0,4.11359436463646,3.6333531498622,4.15615415664215,2.81053258876575,3.60242984808726,3.11822926081568,0.987043531676363,4.17894586993083,5.06942482981506,3.25078160492191,1.24756303673871,4.97595142597078,3.06387699388007,5.75431612153866,3.54396004893586,7.23384953278153,4.28217489397135
4.26835996801193,3.64055419230319,4.20659487384906,4.45552894197307,5.22055566077864,5.44460583614475,5.71168895874075,4.85372548492143,3.90972944549638,3.68569851065297,1.78497317743057,1.08657479473443,4.11359436463646,0,0.679026427953866,0.11820963007675,1.89783691384807,1.75868100410074,6.83314265830575,3.94054175003282,7.16608919762395,1.27572262274957,7.22462339508462,3.54852704280519,7.29251574268565,7.17555410670728,2.45709773424061,5.70262380675179,4.041403258532,5.66022371833934
4.35375436986491,4.09970975076986,4.68567097575415,4.77066354950519,5.45387907063782,5.56606719224239,6.01107032581918,5.30092158564741,3.45430882114964,3.20075436503002,1.16547210837049,0.434997210336143,3.6333531498622,0.679026427953866,0,0.645746999819963,1.22365512965235,1.14048002876438,6.49976021788416,3.35406885620184,6.98635935558849,1.95269243604454,6.822271440472,2.94592322162,7.23466791133889,6.69223643931981,3.10906927023813,5.02492500219187,4.70444750297667,4.98752263489893
4.38063314775098,3.75344793351293,4.31753159162355,4.57361589967677,5.33839796218814,5.55918108192694,5.82983227696004,4.96686757316198,3.95716708208286,3.72661943615007,1.78481059156788,1.07023392460652,4.15615415664215,0.11820963007675,0.645746999819963,0,1.86929506406593,1.68420848632884,6.9047336393468,3.95561352679675,7.25809678283481,1.33306792226993,7.2849055646682,3.55789992795926,7.39636778969494,7.21967634662856,2.53395225810571,5.66752729156543,4.10977590014511,5.60469608635403
4.58665365345347,4.94250720526098,5.54302032625473,5.36462764259659,5.88940390647786,5.80684003723882,6.5420450423419,6.09315969412675,2.69936899610957,2.39605762815411,0.454375860945755,0.819639090798962,2.81053258876575,1.89783691384807,1.22365512965235,1.86929506406593,0,0.798439102054473,5.87684886463587,2.29779008236258,6.64221427565721,3.15947844625953,6.06112988059531,1.86609765390444,7.10882842841997,5.77867801144668,4.26287618288705,3.80674965501833,5.86885513513142,3.83307532160898
5.19186633118322,5.21688602250422,5.80814583613817,5.80294053303988,6.41394355787982,6.41727739062828,7.02063383351692,6.40829961195912,3.49685211527467,3.19166400645531,1.1710754725844,0.973524679343248,3.60242984808726,1.75868100410074,1.14048002876438,1.68420848632884,0.798439102054473,0,6.67527699862121,3.02893370475282,7.41962463457751,3.0128657866747,6.8512679416109,2.5943627719917,7.84363838717253,6.53824485310082,4.21560725265783,4.1366038445466,5.79357914046887,3.95704481793345
4.11299773005175,6.59190331950648,6.93934961004779,5.68212865889583,5.16895648991774,4.27598664044636,5.88288754742891,6.90905482816013,3.18374335265936,3.49774448124304,5.55716326528824,6.15809205571647,3.11822926081568,6.83314265830575,6.49976021788416,6.9047336393468,5.87684886463587,6.67527699862121,0,3.97171195498426,1.72977700859278,7.48799505095805,0.901070273378166,4.32939253502512,3.01454082010149,1.90756050082702,7.78640494912468,5.84803819232078,8.97301186869927,6.82368043368154
4.42198285233774,5.85489432805596,6.42237001635544,5.74759855377624,5.90775564493479,5.4667162418487,6.67775280340984,6.78969597797765,1.1197494519106,0.894620996150948,2.19070432294928,2.92272741254181,0.987043531676363,3.94054175003282,3.35406885620184,3.95561352679675,2.29779008236258,3.02893370475282,3.97171195498426,0,5.14667028815247,5.05652978978928,3.95237578405207,0.434641680895932,5.96294339333018,3.52046801129462,5.91776778954867,2.6628826855809,7.4733474336235,3.32171779131739
3.51395561800054,5.9972075129566,6.21285458554763,4.86043627955967,4.1269352407927,3.1865639198026,4.72365599190249,6.01982282880297,4.13975499430162,4.45629615887178,6.25044931392869,6.72224684740261,4.17894586993083,7.16608919762395,6.98635935558849,7.25809678283481,6.64221427565721,7.41962463457751,1.72977700859278,5.14667028815247,0,7.54494090271014,2.56811937226375,5.42221120605659,1.32052668928311,3.63133140543528,7.5623369493112,7.35670806005163,8.5005706263382,8.27119964546551
4.27611831048022,2.89828976747781,3.38341314869001,3.98798569237478,4.88452383752519,5.320288981773,5.22119377544331,4.07683030713594,4.83526411077356,4.66159146228088,2.99158977043618,2.34036464658149,5.06942482981506,1.27572262274957,1.95269243604454,1.33306792226993,3.15947844625953,3.0128657866747,7.48799505095805,5.05652978978928,7.54494090271014,0,7.99167322679862,4.69413823013582,7.44765020610548,8.08197000178064,1.245474582144,6.96582777931371,2.78346703232823,6.93541931804357
4.90421843353803,7.33832677087946,7.71792495599851,6.49665496725533,6.03065558745564,5.15228111657578,6.757747708526,7.72751835120438,3.38493746951753,3.67132882318236,5.79354374970042,6.44838407456564,3.25078160492191,7.22462339508462,6.822271440472,7.2849055646682,6.06112988059531,6.8512679416109,0.901070273378166,3.95237578405207,2.56811937226375,7.99167322679862,0,4.35494428590363,3.87851212609409,1.10328454907013,8.39687382964776,5.44837378224,9.65838072996882,6.47092058386613
4.40731571680941,5.66244880607554,6.24158511975957,5.64962991208571,5.88078120397835,5.50446850887138,6.63645563815398,6.64513863973009,1.29818940469102,1.0033403951478,1.78045218058503,2.51230413602432,1.24756303673871,3.54852704280519,2.94592322162,3.55789992795926,1.86609765390444,2.5943627719917,4.32939253502512,0.434641680895932,5.42221120605659,4.69413823013582,4.35494428590363,0,6.17075081902034,3.95165111738075,5.59997729870203,2.7276094108489,7.17273195703443,3.25835294556746
3.18486642262973,5.45289641783395,5.55101796597321,4.19103431543416,3.31305610584306,2.42794626336604,3.76416412461298,5.23251194856724,4.87481218303832,5.1695213699086,6.68115639590276,7.0385357185175,4.97595142597078,7.29251574268565,7.23466791133889,7.39636778969494,7.10882842841997,7.84363838717253,3.01454082010149,5.96294339333018,1.32052668928311,7.44765020610548,3.87851212609409,6.17075081902034,0,4.921897417299,7.24759067153071,8.36374414547863,7.96563085338764,9.21521641449451
5.51044081602212,7.81897460097358,8.25411629110517,7.1202340876577,6.77075357150593,5.94491226951359,7.52966088226276,8.34587072570647,3.26834878834206,3.49487178148593,5.58346541628989,6.28660576227102,3.06387699388007,7.17555410670728,6.69223643931981,7.21967634662856,5.77867801144668,6.53824485310082,1.90756050082702,3.52046801129462,3.63133140543528,8.08197000178064,1.10328454907013,3.95165111738075,4.921897417299,0,8.63856904709386,4.54919749609168,10.0069501184457,5.59831332297124
4.09001565080193,2.0689910332887,2.41484247686839,3.34561503584602,4.31238069898868,4.93192611934847,4.48099248953217,3.11351654076048,5.49816942887393,5.3828585838367,4.02231384437925,3.4513691442423,5.75431612153866,2.45709773424061,3.10906927023813,2.53395225810571,4.26287618288705,4.21560725265783,7.78640494912468,5.91776778954867,7.5623369493112,1.245474582144,8.39687382964776,5.59997729870203,7.24759067153071,8.63856904709386,0,8.03739228442008,1.60665095029771,8.0859685910248
7.08470828123343,8.35483347537357,8.94220318196041,8.37585558537521,8.56982920136041,8.11743197480114,9.33738534941248,9.36663063827369,3.74214970386701,3.55469574888472,4.0153793083642,4.62546481852088,3.54396004893586,5.70262380675179,5.02492500219187,5.66752729156543,3.80674965501833,4.1366038445466,5.84803819232078,2.6628826855809,7.35670806005163,6.96582777931371,5.44837378224,2.7276094108489,8.36374414547863,4.54919749609168,8.03739228442008,0,9.64233339664024,1.06102927239418
4.9940566315373,2.51834948253091,2.47585048450711,3.78944850574638,4.73627122507895,5.54410280295437,4.62957922841876,3.01749130940518,6.9703894895395,6.88522635499748,5.62695429021555,5.05577750264888,7.23384953278153,4.041403258532,4.70444750297667,4.10977590014511,5.86885513513142,5.79357914046887,8.97301186869927,7.4733474336235,8.5005706263382,2.78346703232823,9.65838072996882,7.17273195703443,7.96563085338764,10.0069501184457,1.60665095029771,9.64233339664024,0,9.68822052570938
7.66170102631935,8.65863459536204,9.25675319307085,8.83244963140154,9.12739260528367,8.76067648187185,9.87241488784436,9.73881116097283,4.44078253835667,4.20377285056788,4.14146003106933,4.63547621318844,4.28217489397135,5.66022371833934,4.98752263489893,5.60469608635403,3.83307532160898,3.95704481793345,6.82368043368154,3.32171779131739,8.27119964546551,6.93541931804357,6.47092058386613,3.25835294556746,9.21521641449451,5.59831332297124,8.0859685910248,1.06102927239418,9.68822052570938,0
