0.447819551686497,0.420915865163089,0.380783975056074,0.0320696462791493,0.0322961844789932,0.00624044127769519,0.0122388721775055,0.0299589340982129,0.161693684282136,0.415316765876102,0.0102689800662266,0.230952863260012,0.00243234906055667,0.372077060888431,0.0150462568297574,0.347406206882781,0.357562087225457,0.323532946021277,0.00244803790684234,0.382188720599826,0.0487121256180614,0.0753957640856,0.0694256781745928,0.0904051528705785,0.0558598215887924,0.020470739202382,0.283751712903765,0.232399823815796,0.208042960929082,0.272715900352133
0.420915865163089,0.617573197481097,0.566077451170795,0.0129713195925357,0.0127868033277782,5.70027917934368e-06,0.000930590705347845,0.0104836198575384,0.14066331886232,0.502921817357228,0.000305679959485605,0.225854565026166,0.0020050358796988,0.430176247928855,0.00162255763860397,0.540947573743667,0.55262700267728,0.513753276618931,0.00209087534939467,0.578821404362496,0.123844098257355,0.169210842346062,0.15939421945802,0.194610026198078,0.136950776922536,0.0708260087174475,0.467148736232066,0.400995222245281,0.36829253075115,0.453815169658657
0.380783975056074,0.566077451170795,0.693313047511636,0.00145014605062699,0.00119496606787717,0.00764453537264931,0.00329182362545444,0.000315563361530824,0.0947865799977798,0.478704206130421,0.00551872192660041,0.174555276453899,0.0202028967168708,0.39369926881157,0.0028449133591808,0.659217432737379,0.667766989650613,0.635987586053872,0.0208857652694805,0.683651603043547,0.20901572662633,0.266415127724979,0.254266374725345,0.298226385289819,0.226405853906583,0.138105096662565,0.592927234759694,0.528080692914958,0.494295607675815,0.580186780792605
0.0320696462791493,0.0129713195925357,0.00145014605062699,1.04937103456506,1.04905087544439,0.946641053978924,1.00988088128641,1.04688162738176,0.833840536977527,0.208496162270114,1.00909114940515,0.697357846348915,0.969313294160653,0.363533248396383,1.02677246866742,0.0114016778331483,0.00763506129852187,0.0294897102385061,0.973469384943719,0.0016909441622186,0.589153740962218,0.495272269953292,0.515547694603661,0.462486764890929,0.570471643155182,0.726590457165393,0.0821736066020637,0.155978732364197,0.198952425026314,0.100941829502648
0.0322961844789932,0.0127868033277782,0.00119496606787717,1.04905087544439,1.27550334646304,1.1075262807003,1.22146037062302,1.27311066096569,0.974299736579105,0.230620366362937,1.22510612708947,0.810101390390242,1.17741443455934,0.41376153358913,1.24926727528698,0.0144916021911499,0.00997400112779157,0.0364555877784998,1.18398858064201,0.00262480496531747,0.710932444222284,0.597058227184657,0.621766764356074,0.55993941249387,0.689983586931462,0.880604072132013,0.10127749661746,0.190481698807768,0.242581985596356,0.124612575933146
0.00624044127769519,5.70027917934368e-06,0.00764453537264931,0.946641053978924,1.1075262807003,1.45981977408216,1.4484355913243,1.3621856684464,0.823647053183267,0.11650602931313,1.45747107114604,0.646098919572076,1.45238995326484,0.261157349481352,1.45222416515876,0.0850505784737203,0.0740953300565395,0.139175414629052,1.45298530696832,0.0542471048346229,1.05792093418266,0.930141549293045,0.958694941837823,0.889800574223284,1.03607856803919,1.23132233187475,0.270542570222058,0.410813945064061,0.486872548106601,0.312603899837114
0.0122388721775055,0.000930590705347845,0.00329182362545444,1.00988088128641,1.22146037062302,1.4484355913243,2.05184519411263,1.84886314512779,1.10813718132858,0.176803826909516,2.04904841144573,0.893722198340921,2.00769193831127,0.38422911837438,2.05139803811222,0.0740178311774113,0.0628288539206685,0.132392672993965,2.01415813170598,0.0428635763980996,1.33127438796132,1.14673191916429,1.18805803976766,1.10183398164992,1.30767138179933,1.60740085057022,0.290011613773089,0.464683278025651,0.563091281541118,0.344272036191827
0.0299589340982129,0.0104836198575384,0.000315563361530824,1.04688162738176,1.27311066096569,1.3621856684464,1.84886314512779,2.07674756002459,1.31832665295412,0.273819305167799,1.97477326418092,1.09729499386179,1.90938555938364,0.533295652500001,2.04159788751923,0.0275697996293962,0.0204951703946268,0.0636199987780715,1.93180934245392,0.00820575333265694,1.12843947815314,0.945741065115147,0.98606541568814,0.900945784144504,1.10487136036055,1.41865718220045,0.173957963891717,0.316868905312324,0.401092233615254,0.214979047641909
0.161693684282136,0.14066331886232,0.0947865799977798,0.833840536977527,0.974299736579105,0.823647053183267,1.10813718132858,1.31832665295412,2.28326714021792,0.845825223305917,1.25448464141236,2.05719549943119,1.21232335006842,1.34006409112977,1.48308751624028,0.0649685243872029,0.0803817414100698,0.0374658758517876,1.27530574541858,0.13890037264328,0.42569153059413,0.296755316659464,0.323236777296492,0.258864924481524,0.402904348526217,0.663788950514667,0.00597185108381471,0.00529574221792384,0.0212205928645117,0.00173177241553812
0.415316765876102,0.502921817357228,0.478704206130421,0.208496162270114,0.230620366362937,0.11650602931313,0.176803826909516,0.273819305167799,0.845825223305917,1.94067664371122,0.186559795062633,1.18109525105721,0.13265156048074,1.81685832717856,0.245970992788472,0.743583226957629,0.799313490622129,0.710125171210127,0.140803582359234,1.01689674987089,0.0164756222595974,0.0545981990126232,0.0448998188349279,0.0836493616888787,0.0253831826588016,0.000457614222066915,0.650386394183961,0.470753688319619,0.394476416465517,0.627080391363547
0.0102689800662266,0.000305679959485605,0.00551872192660041,1.00909114940515,1.22510612708947,1.45747107114604,2.04904841144573,1.97477326418092,1.25448464141236,0.186559795062633,2.87121500517911,1.02842652196361,2.80582151481117,0.431413063832305,2.86305329488655,0.0999741121463757,0.0864139806792701,0.177740124023846,2.8240649756246,0.0636436273583554,1.79443738731585,1.53830655405873,1.59668257492375,1.49957508092508,1.77794656162665,2.20969729725355,0.400440634668427,0.636820271544022,0.772254576163385,0.480389421220241
0.230952863260012,0.225854565026166,0.174555276453899,0.697357846348915,0.810101390390242,0.646098919572076,0.893722198340921,1.09729499386179,2.05719549943119,1.18109525105721,1.02842652196361,2.67594902380257,0.988016983131203,1.8504193665355,1.27573547601273,0.183601828942282,0.212005520765568,0.143256222332631,1.05725221680935,0.325192374274528,0.245532436963028,0.143655433311805,0.163558044470324,0.112814027795353,0.22467277318536,0.451043144706727,0.0808931225778862,0.0167819858821314,0.00295515526485612,0.0644368860754554
0.00243234906055667,0.0020050358796988,0.0202028967168708,0.969313294160653,1.17741443455934,1.45238995326484,2.00769193831127,1.90938555938364,1.21232335006842,0.13265156048074,2.80582151481117,0.988016983131203,4.13363345622966,0.36616760293032,3.69788684120079,0.192963512127721,0.174853276334165,0.320113256090606,4.13362824552562,0.152294819869544,2.63688112890174,2.27753147393872,2.36290652432312,2.28152179771596,2.65726384725845,3.28913809101626,0.698788512252553,1.05337478265626,1.25809672439762,0.838774199744463
0.372077060888431,0.430176247928855,0.39369926881157,0.363533248396383,0.41376153358913,0.261157349481352,0.38422911837438,0.533295652500001,1.34006409112977,1.81685832717856,0.431413063832305,1.8504193665355,0.36616760293032,2.84204832684217,0.567456207570903,0.622256706830583,0.681293115340957,0.592280245320267,0.395952213641474,0.940030203218259,0.00346534669073373,0.00380995345474888,0.00132743440580718,0.0146946736521869,0.000734046493871432,0.0548946333432347,0.54090216262254,0.348157331562102,0.270673519659433,0.518548694315734
0.0150462568297574,0.00162255763860397,0.0028449133591808,1.02677246866742,1.24926727528698,1.45222416515876,2.05139803811222,2.04159788751923,1.48308751624028,0.245970992788472,2.86305329488655,1.27573547601273,3.69788684120079,0.567456207570903,4.23618406306306,0.0926959296823173,0.0787657134285187,0.177018932273706,3.98227673907664,0.0557417135829881,2.21136708875633,1.86817801563394,1.94835416421623,1.8609381555539,2.22584347396879,2.85933648435313,0.446936383790527,0.740990461708784,0.916150611665272,0.552765279806605
0.347406206882781,0.540947573743667,0.659217432737379,0.0114016778331483,0.0144916021911499,0.0850505784737203,0.0740178311774113,0.0275697996293962,0.0649685243872029,0.743583226957629,0.0999741121463757,0.183601828942282,0.192963512127721,0.622256706830583,0.0926959296823173,2.16709819061811,2.14572807363919,2.12438376018819,0.206944482172707,2.12625168112216,0.885963566424302,1.0696981039067,1.03295972591452,1.20119086120462,0.960416435295322,0.667170354924584,2.05396544847011,1.89247916279544,1.80372470320843,2.03184712073329
0.357562087225457,0.55262700267728,0.667766989650613,0.00763506129852187,0.00997400112779157,0.0740953300565395,0.0628288539206685,0.0204951703946268,0.0803817414100698,0.799313490622129,0.0864139806792701,0.212005520765568,0.174853276334165,0.681293115340957,0.0787657134285187,2.14572807363919,2.27827646239174,2.18905680640096,0.188084190709027,2.25424306400012,0.870436185579611,1.05945749615136,1.02162706528833,1.19794255539495,0.947696891308546,0.647803771010995,2.12316736522303,1.93925801307751,1.84187502038104,2.09993577508213
0.323532946021277,0.513753276618931,0.635987586053872,0.0294897102385061,0.0364555877784998,0.139175414629052,0.132392672993965,0.0636199987780715,0.0374658758517876,0.710125171210127,0.177740124023846,0.143256222332631,0.320113256090606,0.592280245320267,0.177018932273706,2.12438376018819,2.18905680640096,2.81987589451802,0.347616170876508,2.53322646403452,1.25169996873892,1.49023559849055,1.44379371880087,1.68084484452578,1.36035182345673,0.976174541944597,2.74933130479455,2.56557794251157,2.45901941376441,2.72692024005528
0.00244803790684234,0.00209087534939467,0.0208857652694805,0.973469384943719,1.18398858064201,1.45298530696832,2.01415813170598,1.93180934245392,1.27530574541858,0.140803582359234,2.8240649756246,1.05725221680935,4.13362824552562,0.395952213641474,3.98227673907664,0.206944482172707,0.188084190709027,0.347616170876508,5.14104729019333,0.167118865203989,2.97557715320774,2.56453093554056,2.66517510643018,2.6186663615338,3.04213843618567,3.81392359182982,0.789080679111858,1.19785434626135,1.43854028096755,0.960143346964118
0.382188720599826,0.578821404362496,0.683651603043547,0.0016909441622186,0.00262480496531747,0.0542471048346229,0.0428635763980996,0.00820575333265694,0.13890037264328,1.01689674987089,0.0636436273583554,0.325192374274528,0.152294819869544,0.940030203218259,0.0557417135829881,2.12625168112216,2.25424306400012,2.53322646403452,0.167118865203989,3.25515193979946,0.966858406985559,1.20419852366714,1.15731839933456,1.40625362353736,1.07371577870468,0.701403032920879,2.8045143015392,2.48981510615542,2.34288397866574,2.79676287985031
0.0487121256180614,0.123844098257355,0.20901572662633,0.589153740962218,0.710932444222284,1.05792093418266,1.33127438796132,1.12843947815314,0.42569153059413,0.0164756222595974,1.79443738731585,0.245532436963028,2.63688112890174,0.00346534669073373,2.21136708875633,0.885963566424302,0.870436185579611,1.25169996873892,2.97557715320774,0.966858406985559,5.01814599840614,4.55865168991172,4.68179251006043,4.65763405200811,4.99441212808374,4.61983305018567,2.3138925127548,2.95956097108835,3.3138051029932,2.66649398076499
0.0753957640856,0.169210842346062,0.266415127724979,0.495272269953292,0.597058227184657,0.930141549293045,1.14673191916429,0.945741065115147,0.296755316659464,0.0545981990126232,1.53830655405873,0.143655433311805,2.27753147393872,0.00380995345474888,1.86817801563394,1.0696981039067,1.05945749615136,1.49023559849055,2.56453093554056,1.20419852366714,4.55865168991172,4.99517387922601,4.92693132722552,4.95024187859138,4.84982027083952,4.17014498294486,2.70617859365275,3.3866829533485,3.750041694343,3.09094323838786
0.0694256781745928,0.15939421945802,0.254266374725345,0.515547694603661,0.621766764356074,0.958694941837823,1.18805803976766,0.98606541568814,0.323236777296492,0.0448998188349279,1.59668257492375,0.163558044470324,2.36290652432312,0.00132743440580718,1.94835416421623,1.03295972591452,1.02162706528833,1.44379371880087,2.66517510643018,1.15731839933456,4.68179251006043,4.92693132722552,5.05857547651638,4.96107305395729,4.97118861863377,4.2996004792464,2.63859734361378,3.31940166110029,3.68688423278723,3.02336411932851
0.0904051528705785,0.194610026198078,0.298226385289819,0.462486764890929,0.55993941249387,0.889800574223284,1.10183398164992,0.900945784144504,0.258864924481524,0.0836493616888787,1.49957508092508,0.112814027795353,2.28152179771596,0.0146946736521869,1.8609381555539,1.20119086120462,1.19794255539495,1.68084484452578,2.6186663615338,1.40625362353736,4.65763405200811,4.95024187859138,4.96107305395729,6.10264423722434,5.23442501713469,4.42019019676583,3.19672951222424,4.01733798098492,4.48524487747598,3.72776835741261
0.0558598215887924,0.136950776922536,0.226405853906583,0.570471643155182,0.689983586931462,1.03607856803919,1.30767138179933,1.10487136036055,0.402904348526217,0.0253831826588016,1.77794656162665,0.22467277318536,2.65726384725845,0.000734046493871432,2.22584347396879,0.960416435295322,0.947696891308546,1.36035182345673,3.04213843618567,1.07371577870468,4.99441212808374,4.84982027083952,4.97118861863377,5.23442501713469,5.68853712445743,4.87207422443083,2.57841411407031,3.30135239884354,3.70941549825065,3.00296580531605
0.020470739202382,0.0708260087174475,0.138105096662565,0.726590457165393,0.880604072132013,1.23132233187475,1.60740085057022,1.41865718220045,0.663788950514667,0.000457614222066915,2.20969729725355,0.451043144706727,3.28913809101626,0.0548946333432347,2.85933648435313,0.667170354924584,0.647803771010995,0.976174541944597,3.81392359182982,0.701403032920879,4.61983305018567,4.17014498294486,4.2996004792464,4.42019019676583,4.87207422443083,5.77492521870068,1.92254169992314,2.56299000060785,2.93109454412072,2.26886923266521
0.283751712903765,0.467148736232066,0.592927234759694,0.0821736066020637,0.10127749661746,0.270542570222058,0.290011613773089,0.173957963891717,0.00597185108381471,0.650386394183961,0.400440634668427,0.0808931225778862,0.698788512252553,0.54090216262254,0.446936383790527,2.05396544847011,2.12316736522303,2.74933130479455,0.789080679111858,2.8045143015392,2.3138925127548,2.70617859365275,2.63859734361378,3.19672951222424,2.57841411407031,1.92254169992314,5.45431565247258,5.00202611128449,4.80938441906808,5.43084916940729
0.232399823815796,0.400995222245281,0.528080692914958,0.155978732364197,0.190481698807768,0.410813945064061,0.464683278025651,0.316868905312324,0.00529574221792384,0.470753688319619,0.636820271544022,0.0167819858821314,1.05337478265626,0.348157331562102,0.740990461708784,1.89247916279544,1.93925801307751,2.56557794251157,1.19785434626135,2.48981510615542,2.95956097108835,3.3866829533485,3.31940166110029,4.01733798098492,3.30135239884354,2.56299000060785,5.00202611128449,5.99629607687194,5.80365413400132,5.69790946744507
0.208042960929082,0.36829253075115,0.494295607675815,0.198952425026314,0.242581985596356,0.486872548106601,0.563091281541118,0.401092233615254,0.0212205928645117,0.394476416465517,0.772254576163385,0.00295515526485612,1.25809672439762,0.270673519659433,0.916150611665272,1.80372470320843,1.84187502038104,2.45901941376441,1.43854028096755,2.34288397866574,3.3138051029932,3.750041694343,3.68688423278723,4.48524487747598,3.70941549825065,2.93109454412072,4.80938441906808,5.80365413400132,6.42413738858476,5.62961030917076
0.272715900352133,0.453815169658657,0.580186780792605,0.100941829502648,0.124612575933146,0.312603899837114,0.344272036191827,0.214979047641909,0.00173177241553812,0.627080391363547,0.480389421220241,0.0644368860754554,0.838774199744463,0.518548694315734,0.552765279806605,2.03184712073329,2.09993577508213,2.72692024005528,0.960143346964118,2.79676287985031,2.66649398076499,3.09094323838786,3.02336411932851,3.72776835741261,3.00296580531605,2.26886923266521,5.43084916940729,5.69790946744507,5.62961030917076,6.75783044029053
