1.20866015377046,1.1786898203007,0.802013824316395,0.300636249114583,0.126274752027254,0.247204232874786,0.395232956985892,1.03361863499915,0.183154601073895,1.16163103602177,1.17810166628442,1.18109626865802,0.0819240661039704,0.120078981758141,0.000720513940206224,0.137384732847358,1.19618175635281,0.060491331515991,0.009518890732648,1.13321573156864,0.0303437617619018,0.6045788520958,0.0856850273309528,1.06563569094182,0.636093160816138,0.575590216670514,1.20297189695313,0.371331844580862,0.520308397300763,0.383473165830901
1.1786898203007,1.42357974508441,0.77654235362917,0.270786424895327,0.0998846398556896,0.217256658446499,0.369208416136316,1.09881028950581,0.265861286460712,1.40198489413129,1.41393335350637,1.41618718001335,0.131237339203853,0.187368829204883,0.00101644237692566,0.212277809989099,1.42254520062976,0.109290093427971,0.00141662079322558,1.37580096579543,0.0142639596822485,0.789417234285334,0.0603778267294652,1.3104590090695,0.829322026121291,0.757320970125171,1.42355786836906,0.510696616858637,0.693255289760045,0.527039285389117
0.802013824316395,0.77654235362917,1.04742931060197,0.514853166678513,0.310543150978854,0.475668602069392,0.640034961515624,1.04742914633233,0.0255701507796613,0.791052345803542,0.822567869289939,0.825401519283472,0.0010162237486584,0.00541057639316023,0.0685280909534018,0.00840221524033069,0.876992557758672,0.00108784184403188,0.118781131956113,0.759684731494388,0.171129814214577,0.256406811182023,0.271794822304005,0.669961381644912,0.27672576274986,0.233889700702028,0.906818202251427,0.105879286075921,0.194664303265477,0.111370739090797
0.300636249114583,0.270786424895327,0.514853166678513,1.09775599655199,0.879278578999309,1.04015967719245,1.09758534403684,0.67498651530119,0.106078649161017,0.26227003706398,0.290595491492062,0.2936242212426,0.188083568983639,0.177565328464957,0.489434076384822,0.170476570957226,0.348678251046878,0.287440530126935,0.627421218607876,0.230748307195247,0.714455996215909,0.000201027909002338,0.850900111441351,0.159459321722142,0.000902278486921038,0.000289661868754454,0.388956181522858,0.0355442265662402,0.00476915061099081,0.0337602596263102
0.126274752027254,0.0998846398556896,0.310543150978854,0.879278578999309,1.66825779667072,1.55442103744061,1.31090541007677,0.465262898387394,0.472443292055538,0.0792458725903664,0.0986602021488068,0.10199645817672,0.617892129193732,0.645198315624078,1.12536911216802,0.645198141654723,0.14018941973967,0.882284505759289,1.3908875274248,0.0524734551276085,1.49886489786133,0.108946517696329,1.62657961204349,0.0155983292451585,0.101495190174715,0.138422267930784,0.173477509470197,0.321813443386993,0.191024635455685,0.320294247514066
0.247204232874786,0.217256658446499,0.475668602069392,1.04015967719245,1.55442103744061,2.22485210196687,1.87984609178257,0.773341136215574,0.358687364343373,0.219969728091825,0.256138414003988,0.258002818717864,0.504736243695957,0.538255133549046,1.0429848464338,0.540906931808891,0.344337820941826,0.81605007748385,1.46051667898979,0.189446563113997,1.63192131351103,0.0359880005845934,1.92498102069549,0.104240726430926,0.0302805278000156,0.055260468829323,0.413746318098303,0.210770889746173,0.0947701998674422,0.208972791962185
0.395232956985892,0.369208416136316,0.640034961515624,1.09758534403684,1.31090541007677,1.87984609178257,2.24248424298789,1.06450035223084,0.179809295280577,0.416658947365268,0.466949802528253,0.465210379397821,0.301418606696786,0.309013782592667,0.76801801136623,0.305161071324965,0.59767650793997,0.525233871141667,1.11942948634404,0.398622227266785,1.28695776381025,5.63630733587672e-05,1.60091500324928,0.274157790903515,0.000809998064331907,0.00114754256511418,0.6954119877303,0.0682812392943459,0.0107647727218056,0.0658452869715305
1.03361863499915,1.09881028950581,1.04742914633233,0.67498651530119,0.465262898387394,0.773341136215574,1.06450035223084,2.26293000922996,0.0429335351972315,1.47685451104453,1.56357228391871,1.54372619568333,0.00164329418763742,0.0094071933857216,0.106758099452137,0.0150185181258018,1.78176637794864,0.00194051825875663,0.205197955901316,1.53109338888742,0.29590415271416,0.473172324113198,0.483431115425958,1.33939019570008,0.523532817937816,0.439116398252243,1.89372712134874,0.196636396694191,0.370297609853655,0.20963441852061
0.183154601073895,0.265861286460712,0.0255701507796613,0.106078649161017,0.472443292055538,0.358687364343373,0.179809295280577,0.0429335351972315,3.09831508995982,0.581849510185302,0.540881199988449,0.502031113350223,2.19268321346874,2.95633175767637,1.27898459119407,3.03657352997285,0.55643924697147,2.79607018321299,1.53573147739028,0.919383726201899,1.30011467255806,2.3086956470561,1.04282948921517,1.19057790331342,2.34121599276036,2.47457400635423,0.563530037723851,2.92479337965279,2.66727638011765,2.92818297868259
1.16163103602177,1.40198489413129,0.791052345803542,0.26227003706398,0.0792458725903664,0.219969728091825,0.416658947365268,1.47685451104453,0.581849510185302,3.10610839826962,3.05837535644736,2.90571502201311,0.301048998436186,0.454565999412327,0.0197796271006787,0.525772915506697,3.06411658153786,0.317569398368806,0.00488472247238869,3.07449497037491,0.00123640823830939,1.73293850567018,0.0389521990160433,2.95417455966785,1.86689168952321,1.70423929541501,3.05313858408901,1.18247117324668,1.59806841846435,1.23663585574417
1.17810166628442,1.41393335350637,0.822567869289939,0.290595491492062,0.0986602021488068,0.256138414003988,0.466949802528253,1.56357228391871,0.540881199988449,3.05837535644736,3.24194197684745,2.97307058908334,0.270538405110884,0.415391405590977,0.0118081419417533,0.483667050059139,3.2260591277605,0.281281399011545,0.00103326079859167,3.17269263083001,0.0054584930088506,1.69321784614574,0.0570665533791122,3.017175051624,1.83400902499791,1.66600362106397,3.21435231032311,1.13553686050763,1.55881871726595,1.19059133711191
1.18109626865802,1.41618718001335,0.825401519283472,0.2936242212426,0.10199645817672,0.258002818717864,0.465210379397821,1.54372619568333,0.502031113350223,2.90571502201311,2.97307058908334,2.97641561820343,0.250001626064656,0.381101307108923,0.00924325829569916,0.442407470113867,2.96933519356032,0.253027944003109,0.00036423315071854,2.90679839738067,0.00713668095146813,1.56733887353092,0.060393688147546,2.76503554441107,1.69006396227827,1.53602083091819,2.95936352798745,1.04423481812391,1.43221914369502,1.09254264012381
0.0819240661039704,0.131237339203853,0.0010162237486584,0.188083568983639,0.617892129193732,0.504736243695957,0.301418606696786,0.00164329418763742,2.19268321346874,0.301048998436186,0.270538405110884,0.250001626064656,2.35820953576706,2.34624555444267,1.44321099565535,2.33965768614134,0.259131045873569,2.33596928586564,1.62871438092924,0.485426112583363,1.42657979291032,1.51347921725967,1.1881563145198,0.666504567313516,1.5226754427157,1.63015012706194,0.249187226701706,2.01916284813861,1.78183303950468,2.02286817087865
0.120078981758141,0.187368829204883,0.00541057639316023,0.177565328464957,0.645198315624078,0.538255133549046,0.309013782592667,0.0094071933857216,2.95633175767637,0.454565999412327,0.415391405590977,0.381101307108923,2.34624555444267,3.77573338262069,1.55546616558237,3.76862243621342,0.423967199379427,3.61532416438037,2.0234837586768,0.77789015759928,1.73856785975038,2.29351101312877,1.45056096403488,1.05907506854811,2.36376080288631,2.52894379417073,0.427397778395056,3.19362744012034,2.81890388202235,3.22630317526872
0.000720513940206224,0.00101644237692566,0.0685280909534018,0.489434076384822,1.12536911216802,1.0429848464338,0.76801801136623,0.106758099452137,1.27898459119407,0.0197796271006787,0.0118081419417533,0.00924325829569916,1.44321099565535,1.55546616558237,2.08424343879845,1.56875225947873,0.00472545347171227,1.84044050627265,2.059180694904,0.0584860597968309,1.9735440741592,0.665114682720497,1.79839318742325,0.129066206911594,0.662946987372201,0.749021141257115,0.00153307959814519,1.10658904467704,0.874329535889573,1.11217227903252
0.137384732847358,0.212277809989099,0.00840221524033069,0.170476570957226,0.645198141654723,0.540906931808891,0.305161071324965,0.0150185181258018,3.03657352997285,0.525772915506697,0.483667050059139,0.442407470113867,2.33965768614134,3.76862243621342,1.56875225947873,4.56465315834314,0.506807796368098,4.17712947950447,2.12959242248006,0.924376070038067,1.82382639213257,2.64726826218794,1.52897940249204,1.25535887608141,2.77020489029437,2.96036981057773,0.52138421274045,3.77893205692757,3.34338878778712,3.84854437889862
1.19618175635281,1.42254520062976,0.876992557758672,0.348678251046878,0.14018941973967,0.344337820941826,0.59767650793997,1.78176637794864,0.55643924697147,3.06411658153786,3.2260591277605,2.96933519356032,0.259131045873569,0.423967199379427,0.00472545347171227,0.506807796368098,4.71301035141752,0.28103468502569,0.000443312365937309,4.36123643239821,0.0186367624784722,1.96974553849132,0.102149681250165,4.03465005607729,2.19789286974587,1.97143112873064,4.7012026923436,1.3019768676394,1.86155794152567,1.38424282540121
0.060491331515991,0.109290093427971,0.00108784184403188,0.287440530126935,0.882284505759289,0.81605007748385,0.525233871141667,0.00194051825875663,2.79607018321299,0.317569398368806,0.281281399011545,0.253027944003109,2.33596928586564,3.61532416438037,1.84044050627265,4.17712947950447,0.28103468502569,5.30318383430053,2.72638611474283,0.61753341989809,2.39055929755269,2.25974821090376,2.10884752702698,0.908974188828434,2.38911822156056,2.58437253890631,0.279268680384185,3.4725612151658,3.01243073260056,3.59016017327978
0.009518890732648,0.00141662079322558,0.118781131956113,0.627421218607876,1.3908875274248,1.46051667898979,1.11942948634404,0.205197955901316,1.53573147739028,0.00488472247238869,0.00103326079859167,0.00036423315071854,1.62871438092924,2.0234837586768,2.059180694904,2.12959242248006,0.000443312365937309,2.72638611474283,3.60897348899968,0.0340960380773572,3.27176273211263,0.784791077469604,2.9875091213159,0.107501087565069,0.797490807940711,0.916265836924919,0.00383219631699028,1.44665523679083,1.11466026043955,1.47442550947051
1.13321573156864,1.37580096579543,0.759684731494388,0.230748307195247,0.0524734551276085,0.189446563113997,0.398622227266785,1.53109338888742,0.919383726201899,3.07449497037491,3.17269263083001,2.90679839738067,0.485426112583363,0.77789015759928,0.0584860597968309,0.924376070038067,4.36123643239821,0.61753341989809,0.0340960380773572,5.85396421296043,0.00391492213431643,2.81205217575047,0.0152014176155397,5.48579039047658,3.17804068001743,2.88440439191114,5.09903016622594,2.03914309079022,2.80130822577517,2.17743861422273
0.0303437617619018,0.0142639596822485,0.171129814214577,0.714455996215909,1.49886489786133,1.63192131351103,1.28695776381025,0.29590415271416,1.30011467255806,0.00123640823830939,0.0054584930088506,0.00713668095146813,1.42657979291032,1.73856785975038,1.9735440741592,1.82382639213257,0.0186367624784722,2.39055929755269,3.27176273211263,0.00391492213431643,3.52136622166573,0.589247110863746,3.22528629325807,0.0413112031417278,0.593736617028381,0.698644794078758,0.0339259451014797,1.17525161703848,0.869397502095778,1.19633731818751
0.6045788520958,0.789417234285334,0.256406811182023,0.000201027909002338,0.108946517696329,0.0359880005845934,5.63630733587672e-05,0.473172324113198,2.3086956470561,1.73293850567018,1.69321784614574,1.56733887353092,1.51347921725967,2.29351101312877,0.665114682720497,2.64726826218794,1.96974553849132,2.25974821090376,0.784791077469604,2.81205217575047,0.589247110863746,5.02197918687499,0.379268257190276,3.36199258878502,5.01394541162142,4.98534949767073,2.15914869835255,4.22827584430221,4.88682692973626,4.38736166784551
0.0856850273309528,0.0603778267294652,0.271794822304005,0.850900111441351,1.62657961204349,1.92498102069549,1.60091500324928,0.483431115425958,1.04282948921517,0.0389521990160433,0.0570665533791122,0.060393688147546,1.1881563145198,1.45056096403488,1.79839318742325,1.52897940249204,0.102149681250165,2.10884752702698,2.9875091213159,0.0152014176155397,3.22528629325807,0.379268257190276,3.9239905500475,0.000378136623723435,0.37743078930037,0.467818161558538,0.145281922212108,0.898377228991004,0.614043996156882,0.915537509628783
1.06563569094182,1.3104590090695,0.669961381644912,0.159459321722142,0.0155983292451585,0.104240726430926,0.274157790903515,1.33939019570008,1.19057790331342,2.95417455966785,3.017175051624,2.76503554441107,0.666504567313516,1.05907506854811,0.129066206911594,1.25535887608141,4.03465005607729,0.908974188828434,0.107501087565069,5.48579039047658,0.0413112031417278,3.36199258878502,0.000378136623723435,6.35646303544563,3.828468140485,3.49901337080314,4.76769584145632,2.568295135281,3.45104313141428,2.74784711217354
0.636093160816138,0.829322026121291,0.27672576274986,0.000902278486921038,0.101495190174715,0.0302805278000156,0.000809998064331907,0.523532817937816,2.34121599276036,1.86689168952321,1.83400902499791,1.69006396227827,1.5226754427157,2.36376080288631,0.662946987372201,2.77020489029437,2.19789286974587,2.38911822156056,0.797490807940711,3.17804068001743,0.593736617028381,5.01394541162142,0.37743078930037,3.828468140485,6.004305562448,5.62011392536099,2.46793511466251,4.5929917579161,5.62470852175184,4.86821919686404
0.575590216670514,0.757320970125171,0.233889700702028,0.000289661868754454,0.138422267930784,0.055260468829323,0.00114754256511418,0.439116398252243,2.47457400635423,1.70423929541501,1.66600362106397,1.53602083091819,1.63015012706194,2.52894379417073,0.749021141257115,2.96036981057773,1.97143112873064,2.58437253890631,0.916265836924919,2.88440439191114,0.698644794078758,4.98534949767073,0.467818161558538,3.49901337080314,5.62011392536099,5.83801575853903,2.19724002296386,4.81038653267061,5.7269291613092,5.06996074691222
1.20297189695313,1.42355786836906,0.906818202251427,0.388956181522858,0.173477509470197,0.413746318098303,0.6954119877303,1.89372712134874,0.563530037723851,3.05313858408901,3.21435231032311,2.95936352798745,0.249187226701706,0.427397778395056,0.00153307959814519,0.52138421274045,4.7012026923436,0.279268680384185,0.00383219631699028,5.09903016622594,0.0339259451014797,2.15914869835255,0.145281922212108,4.76769584145632,2.46793511466251,2.19724002296386,6.43541669809339,1.42762192228066,2.09991874173069,1.53581674275927
0.371331844580862,0.510696616858637,0.105879286075921,0.0355442265662402,0.321813443386993,0.210770889746173,0.0682812392943459,0.196636396694191,2.92479337965279,1.18247117324668,1.13553686050763,1.04423481812391,2.01916284813861,3.19362744012034,1.10658904467704,3.77893205692757,1.3019768676394,3.4725612151658,1.44665523679083,2.03914309079022,1.17525161703848,4.22827584430221,0.898377228991004,2.568295135281,4.5929917579161,4.81038653267061,1.42762192228066,5.8685661344292,5.40258669543407,5.86609257848685
0.520308397300763,0.693255289760045,0.194664303265477,0.00476915061099081,0.191024635455685,0.0947701998674422,0.0107647727218056,0.370297609853655,2.66727638011765,1.59806841846435,1.55881871726595,1.43221914369502,1.78183303950468,2.81890388202235,0.874329535889573,3.34338878778712,1.86155794152567,3.01243073260056,1.11466026043955,2.80130822577517,0.869397502095778,4.88682692973626,0.614043996156882,3.45104313141428,5.62470852175184,5.7269291613092,2.09991874173069,5.40258669543407,6.73590510648872,5.84003017267607
0.383473165830901,0.527039285389117,0.111370739090797,0.0337602596263102,0.320294247514066,0.208972791962185,0.0658452869715305,0.20963441852061,2.92818297868259,1.23663585574417,1.19059133711191,1.09254264012381,2.02286817087865,3.22630317526872,1.11217227903252,3.84854437889862,1.38424282540121,3.59016017327978,1.47442550947051,2.17743861422273,1.19633731818751,4.38736166784551,0.915537509628783,2.74784711217354,4.86821919686404,5.06996074691222,1.53581674275927,5.86609257848685,5.84003017267607,6.53401326482677
