1.0888750423337,0.000663102617783906,0.914977193305446,0.939961679430047,0.00195387371781819,0.000150378764866232,0.0213677286811249,1.04586009523143,0.478018169659368,0.457139462955761,0.601081401611997,0.952103643174371,0.731705729515009,0.348091984282606,1.06732008759335,1.04796467735209,0.278279770895469,0.581538539438912,0.53549235959175,0.591353885805876,0.162743757270202,0.335662183438358,0.633209183407621,0.239564688933275,0.637921912660455,0.58765921718381,0.879010065999918,0.904675723893775,0.0905066405504509,0.0329102078943495
0.000663102617783906,1.8522587859039,0.0809932143543381,0.0651244237604083,1.81147050929335,1.85075463729583,1.56088292331979,0.0242330263693873,0.621676395814204,0.658740968952229,0.453325537349911,0.133194077455879,0.323604666242213,0.819386526078153,0.0110280036423305,0.0281512852498365,1.0698116600872,0.549855079088879,0.640357113857296,0.5593512332649,1.29070566240188,0.962921531048815,0.49190537098193,1.17909825580547,0.504289399845327,0.602969971952364,0.215552189972533,0.183077890316758,1.54407524910625,1.71520923503948
0.914977193305446,0.0809932143543381,2.26965006521107,0.88521062844126,0.15889282122086,0.114433402830608,0.0186327005597793,2.16380149413076,1.50017142967238,1.45890559910337,0.465176346595826,1.12353386673371,0.658645246021468,0.174505114646772,2.11397358596973,2.19492415931742,0.108728146409009,1.77161755608922,1.69296952023288,1.8036849621591,0.784606218268084,1.2474443116375,1.8778416752636,1.02605296194556,1.89522820902862,1.81476893838991,2.23033768899488,2.24878654118854,0.605729222593445,0.389446494799607
0.939961679430047,0.0651244237604083,0.88521062844126,1.63571974326016,0.0372706895166028,0.0691140947513484,0.150023756034105,1.24452905800533,0.333651604612236,0.311081315591337,1.20880953116943,1.62388656796316,1.40120137979089,0.807713109228322,1.3354784667038,1.28023779875081,0.714468072557972,0.459307547547261,0.404625431432162,0.473920962090203,0.0459370612465411,0.187289739473271,0.527146182234063,0.100991509956052,0.535951960452731,0.472991300782797,0.914102402613301,0.960035886622192,0.00722634584995507,0.00326454589102365
0.00195387371781819,1.81147050929335,0.15889282122086,0.0372706895166028,2.59361063771196,2.51880488185042,1.57132558967082,0.0753027611830421,0.943321456077567,0.996105621944867,0.423347566038717,0.0941934198404697,0.285828272397445,0.830603931017512,0.0491485625206143,0.0876646044365068,1.15472341554173,0.873111384438638,1.0098750365425,0.895703505261664,1.89205360738954,1.45608732658287,0.796275921269643,1.76764268250821,0.821387664240206,0.973077676581831,0.40395410562424,0.352424487807278,2.27318434756353,2.49216492868251
0.000150378764866232,1.85075463729583,0.114433402830608,0.0691140947513484,2.51880488185042,2.9387145177698,1.6922977812345,0.0408336221066232,0.869960755137271,0.923831728881832,0.551691123081317,0.157826026726137,0.392358847942634,1.0145606411457,0.0210868502195978,0.0487301642271447,1.40559610388109,0.800608328647388,0.942621288685826,0.82461909239137,1.88481954891838,1.41429681235952,0.722669832255017,1.76307605763228,0.748787576595151,0.906813949494506,0.332577500405482,0.283418394244705,2.37064127096219,2.67907574881216
0.0213677286811249,1.56088292331979,0.0186327005597793,0.150023756034105,1.57132558967082,1.6922977812345,1.80561377721537,6.35062092237959e-05,0.401759251129459,0.432107555681449,0.652876251137696,0.266674395993196,0.503115079077353,1.0557996908825,0.00383658461328329,1.31938236584972e-05,1.31309709279409,0.335568832441202,0.40760214915217,0.34098213787047,0.999899720231748,0.689291312482667,0.287942618630628,0.890007880456901,0.295830557005766,0.372971395052645,0.0837341563362912,0.0640493423105202,1.26624124971374,1.47348718384375
1.04586009523143,0.0242330263693873,2.16380149413076,1.24452905800533,0.0753027611830421,0.0408336221066232,6.35062092237959e-05,3.8503668709896,1.59798581353276,1.54813587778781,0.878936986400438,1.94274383195862,1.18396176720377,0.416526425068213,3.79168011007451,3.85013538556139,0.323643222256636,2.11495533814586,2.02052776649041,2.21555033924998,0.72276031823656,1.33256516852774,2.33413532143831,1.04587543487271,2.41083937171687,2.30726068559178,3.37121775779633,3.4541507309903,0.524754383928093,0.284954416268105
0.478018169659368,0.621676395814204,1.50017142967238,0.333651604612236,0.943321456077567,0.869960755137271,0.401759251129459,1.59798581353276,3.50525378875374,3.45424289630041,0.0446513085343985,0.413913436189155,0.12658018160825,0.00807175697947615,1.55063599608055,1.82447066397482,0.0506361784442397,3.43166531675819,3.49693316114819,3.4428527744341,2.44027417789307,3.23657335454774,3.3577269611945,2.94110033618141,3.38159828411847,3.47229423255009,2.80232402171559,2.68740102000455,2.21675066272559,1.75554027761029
0.457139462955761,0.658740968952229,1.45890559910337,0.311081315591337,0.996105621944867,0.923831728881832,0.432107555681449,1.54813587778781,3.45424289630041,3.56529607494142,0.0345910350190684,0.382952328366726,0.109353453841772,0.0135036920116791,1.50031708205578,1.77358022630083,0.0644515451634935,3.44197154831963,3.53857731248473,3.46211767056976,2.54042476116899,3.3443748443001,3.35756714405955,3.05215227902713,3.39010719394698,3.50613938080665,2.77082142922022,2.65111723132624,2.31888790975851,1.84653409936834
0.601081401611997,0.453325537349911,0.465176346595826,1.20880953116943,0.423347566038717,0.551691123081317,0.652876251137696,0.878936986400438,0.0446513085343985,0.0345910350190684,2.62408736793646,1.98011712670786,2.396648511897,1.96900377867438,1.0324690518393,0.964766864449566,1.92598124229309,0.104012041574894,0.0702899194667896,0.110523497366972,0.0551407008594769,0.000199806968857796,0.14670077303612,0.0170629769454829,0.1506860681449,0.105901359512957,0.493200525478955,0.544832258788473,0.165462444905523,0.322178244472511
0.952103643174371,0.133194077455879,1.12353386673371,1.62388656796316,0.0941934198404697,0.157826026726137,0.266674395993196,1.94274383195862,0.413913436189155,0.382952328366726,1.98011712670786,3.36457125075667,2.38836626548313,1.33685016928636,2.21265407547737,2.15795768571236,1.28211681862612,0.62553257066316,0.548788854594118,0.659333429210707,0.0348873431714889,0.220445263128876,0.740536813618681,0.103558540310408,0.766208416839559,0.676367534965211,1.46455726592707,1.54671692939401,0.00045295070744622,0.0256394408625411
0.731705729515009,0.323604666242213,0.658645246021468,1.40120137979089,0.285828272397445,0.392358847942634,0.503115079077353,1.18396176720377,0.12658018160825,0.109353453841772,2.396648511897,2.38836626548313,2.81008921346218,1.74256324527824,1.36985700357399,1.30248727843421,1.70208025469276,0.228323272166852,0.178635283279819,0.241174874319928,0.0088217383469007,0.0274015830522547,0.29269563850323,0.000389074203710926,0.301457851592592,0.239427187902854,0.75482171284759,0.816893428380613,0.0698896963537257,0.186573505895375
0.348091984282606,0.819386526078153,0.174505114646772,0.807713109228322,0.830603931017512,1.0145606411457,1.0557996908825,0.416526425068213,0.00807175697947615,0.0135036920116791,1.96900377867438,1.33685016928636,1.74256324527824,2.58504944758849,0.519288423262521,0.458235649250195,2.49011837248049,1.08869864301475e-05,0.00358728704119526,5.11281573110089e-05,0.291077243117768,0.0933371104123526,0.00364454100928757,0.204178278847175,0.00362450629645483,0.00010334296867498,0.139270547140856,0.16958110726345,0.516628442482771,0.756232431001603
1.06732008759335,0.0110280036423305,2.11397358596973,1.3354784667038,0.0491485625206143,0.0210868502195978,0.00383658461328329,3.79168011007451,1.55063599608055,1.50031708205578,1.0324690518393,2.21265407547737,1.36985700357399,0.519288423262521,4.44916221517484,4.38122047263754,0.424360836488618,2.10979910148152,2.01800275922293,2.22909369580421,0.664078186633317,1.28864518139229,2.35285769911254,0.993921008281982,2.44927243096143,2.35049509599803,3.61231596256653,3.71530684014201,0.466559692851795,0.233844879946379
1.04796467735209,0.0281512852498365,2.19492415931742,1.28023779875081,0.0876646044365068,0.0487301642271447,1.31938236584972e-05,3.85013538556139,1.82447066397482,1.77358022630083,0.964766864449566,2.15795768571236,1.30248727843421,0.458235649250195,4.38122047263754,5.30264421881276,0.363402485692127,2.518466814421,2.44150895125017,2.68496847477938,0.851077021637711,1.59332065737198,2.81313752973031,1.26204308436275,2.95412818395518,2.87674729743177,4.38306136226084,4.49884896019528,0.635075553167724,0.345320891516759
0.278279770895469,1.0698116600872,0.108728146409009,0.714468072557972,1.15472341554173,1.40559610388109,1.31309709279409,0.323643222256636,0.0506361784442397,0.0644515451634935,1.92598124229309,1.28211681862612,1.70208025469276,2.49011837248049,0.424360836488618,0.363402485692127,3.37246571875292,0.0180063130597832,0.0423155513160012,0.0177201336309709,0.508495520096271,0.220185897657839,0.00549178672666262,0.397531719510991,0.00590709193715888,0.0247490731028233,0.0696118884671089,0.0942475717281255,0.843886645085443,1.16450743511599
0.581538539438912,0.549855079088879,1.77161755608922,0.459307547547261,0.873111384438638,0.800608328647388,0.335568832441202,2.11495533814586,3.43166531675819,3.44197154831963,0.104012041574894,0.62553257066316,0.228323272166852,1.08869864301475e-05,2.10979910148152,2.518466814421,0.0180063130597832,4.74134527730547,4.6462751708534,4.74097571681717,2.53743676041297,3.67973480858145,4.6384047632769,3.29367284327244,4.68948089572908,4.73958137311102,3.91529223776418,3.74544726034057,2.35687102496475,1.80276151871274
0.53549235959175,0.640357113857296,1.69296952023288,0.404625431432162,1.0098750365425,0.942621288685826,0.40760214915217,2.02052776649041,3.49693316114819,3.53857731248473,0.0702899194667896,0.548788854594118,0.178635283279819,0.00358728704119526,2.01800275922293,2.44150895125017,0.0423155513160012,4.6462751708534,5.25074450747209,5.0067368850359,2.8350849478842,4.09947972488171,4.68651548121471,3.72288766505041,4.91134859355819,5.21229041404188,3.97072303078625,3.77092011184754,2.70640050454912,2.09467093653473
0.591353885805876,0.5593512332649,1.8036849621591,0.473920962090203,0.895703505261664,0.82461909239137,0.34098213787047,2.21555033924998,3.4428527744341,3.46211767056976,0.110523497366972,0.659333429210707,0.241174874319928,5.11281573110089e-05,2.22909369580421,2.68496847477938,0.0177201336309709,4.74097571681717,5.0067368850359,5.30252694497972,2.6373260944439,3.86655134383852,4.9544122614803,3.48525133845943,5.19333878055689,5.29773937476914,4.26646935757192,4.06461565199286,2.48719487426518,1.89616201561732
0.162743757270202,1.29070566240188,0.784606218268084,0.0459370612465411,1.89205360738954,1.88481954891838,0.999899720231748,0.72276031823656,2.44027417789307,2.54042476116899,0.0551407008594769,0.0348873431714889,0.0088217383469007,0.291077243117768,0.664078186633317,0.851077021637711,0.508495520096271,2.53743676041297,2.8350849478842,2.6373260944439,4.10461153147416,3.53903312077468,2.43469260331398,3.98018893041699,2.52942776248417,2.85900383970488,1.75626104098435,1.62787149130708,3.87749668670237,3.36319784750174
0.335662183438358,0.962921531048815,1.2474443116375,0.187289739473271,1.45608732658287,1.41429681235952,0.689291312482667,1.33256516852774,3.23657335454774,3.3443748443001,0.000199806968857796,0.220445263128876,0.0274015830522547,0.0933371104123526,1.28864518139229,1.59332065737198,0.220185897657839,3.67973480858145,4.09947972488171,3.86655134383852,3.53903312077468,4.89661371956005,3.59964273356571,4.50986952918142,3.7617139678745,4.19076416663731,2.85746938567747,2.68389906535914,3.49057220886747,2.8336372951115
0.633209183407621,0.49190537098193,1.8778416752636,0.527146182234063,0.796275921269643,0.722669832255017,0.287942618630628,2.33413532143831,3.3577269611945,3.35756714405955,0.14670077303612,0.740536813618681,0.29269563850323,0.00364454100928757,2.35285769911254,2.81313752973031,0.00549178672666262,4.6384047632769,4.68651548121471,4.9544122614803,2.43469260331398,3.59964273356571,5.08258343142997,3.21306058912277,5.08254249296807,5.01840641736432,4.33970150615047,4.15515653799926,2.25721815781235,1.69984098642104
0.239564688933275,1.17909825580547,1.02605296194556,0.100991509956052,1.76764268250821,1.76307605763228,0.890007880456901,1.04587543487271,2.94110033618141,3.05215227902713,0.0170629769454829,0.103558540310408,0.000389074203710926,0.204178278847175,0.993921008281982,1.26204308436275,0.397531719510991,3.29367284327244,3.72288766505041,3.48525133845943,3.98018893041699,4.50986952918142,3.21306058912277,5.31206131493993,3.38350711019817,3.87033472771173,2.47073071892974,2.29827983570804,4.20630066909624,3.4757098392521
0.637921912660455,0.504289399845327,1.89522820902862,0.535951960452731,0.821387664240206,0.748787576595151,0.295830557005766,2.41083937171687,3.38159828411847,3.39010719394698,0.1506860681449,0.766208416839559,0.301457851592592,0.00362450629645483,2.44927243096143,2.95412818395518,0.00590709193715888,4.68948089572908,4.91134859355819,5.19333878055689,2.52942776248417,3.7617139678745,5.08254249296807,3.38350711019817,5.62630030714674,5.52199534864292,4.66468615837903,4.4452996955024,2.37821596773771,1.78857995589653
0.58765921718381,0.602969971952364,1.81476893838991,0.472991300782797,0.973077676581831,0.906813949494506,0.372971395052645,2.30726068559178,3.47229423255009,3.50613938080665,0.105901359512957,0.676367534965211,0.239427187902854,0.00010334296867498,2.35049509599803,2.87674729743177,0.0247490731028233,4.73958137311102,5.21229041404188,5.29773937476914,2.85900383970488,4.19076416663731,5.01840641736432,3.87033472771173,5.52199534864292,6.4947105010852,4.75415588111663,4.49364938357979,2.79027988521645,2.1314810279616
0.879010065999918,0.215552189972533,2.23033768899488,0.914102402613301,0.40395410562424,0.332577500405482,0.0837341563362912,3.37121775779633,2.80232402171559,2.77082142922022,0.493200525478955,1.46455726592707,0.75482171284759,0.139270547140856,3.61231596256653,4.38306136226084,0.0696118884671089,3.91529223776418,3.97072303078625,4.26646935757192,1.75626104098435,2.85746938567747,4.33970150615047,2.47073071892974,4.66468615837903,4.75415588111663,6.68918407712533,6.3591801532553,1.5502421271468,1.05269153894622
0.904675723893775,0.183077890316758,2.24878654118854,0.960035886622192,0.352424487807278,0.283418394244705,0.0640493423105202,3.4541507309903,2.68740102000455,2.65111723132624,0.544832258788473,1.54671692939401,0.816893428380613,0.16958110726345,3.71530684014201,4.49884896019528,0.0942475717281255,3.74544726034057,3.77092011184754,4.06461565199286,1.62787149130708,2.68389906535914,4.15515653799926,2.29827983570804,4.4452996955024,4.49364938357979,6.3591801532553,6.47821104262711,1.41281827926345,0.942155004427336
0.0905066405504509,1.54407524910625,0.605729222593445,0.00722634584995507,2.27318434756353,2.37064127096219,1.26624124971374,0.524754383928093,2.21675066272559,2.31888790975851,0.165462444905523,0.00045295070744622,0.0698896963537257,0.516628442482771,0.466559692851795,0.635075553167724,0.843886645085443,2.35687102496475,2.70640050454912,2.48719487426518,3.87749668670237,3.49057220886747,2.25721815781235,4.20630066909624,2.37821596773771,2.79027988521645,1.5502421271468,1.41281827926345,5.31526133210114,4.53121774633829
0.0329102078943495,1.71520923503948,0.389446494799607,0.00326454589102365,2.49216492868251,2.67907574881216,1.47348718384375,0.284954416268105,1.75554027761029,1.84653409936834,0.322178244472511,0.0256394408625411,0.186573505895375,0.756232431001603,0.233844879946379,0.345320891516759,1.16450743511599,1.80276151871274,2.09467093653473,1.89616201561732,3.36319784750174,2.8336372951115,1.69984098642104,3.4757098392521,1.78857995589653,2.1314810279616,1.05269153894622,0.942155004427336,4.53121774633829,5.08813162829706
