1.39878751541669,1.09671587858583,0.410469777222003,1.32481826937395,1.31010417378545,0.667702545400802,0.6413703690043,0.0101357041229742,0.136433964686455,0.0073831510711404,0.00485334094011369,0.451198699302858,0.160792499424543,0.118844251055551,0.0966012924133559,0.6539166673707,0.158321662634803,0.0172429719935985,0.00550602336632799,0.615590736771369,0.14992427815311,0.417640091219224,0.0465665895807006,0.178856837101643,0.906648185867942,0.405204119274164,0.895366508797232,0.161851625818135,0.287911979012762,0.129458938560396
1.09671587858583,1.17720722351567,0.490928686210591,1.02297700289118,1.0094648775542,0.732357807521503,0.706000347430707,0.0440312890325303,0.20754633746143,0.038402366592734,0.0326095063356071,0.27416363101204,0.0688623014003382,0.0443659434874037,0.0320492659774998,0.436027091847344,0.0673223796504141,0.0576601273890249,0.0351733401601102,0.398869734685653,0.0617392119252269,0.243830138002002,0.10154050072567,0.25580839921985,0.641855813276545,0.231282468254132,0.62392936646811,0.238105953678619,0.14656878067994,0.0463436409445714
0.410469777222003,0.490928686210591,1.79593962997023,0.337362826081351,0.32729080156731,1.5884312777558,1.68640535323079,0.953885311806453,1.40208016271752,0.925380176126365,0.89298083777731,0.0234836907453304,0.224818423404365,0.27329331911794,0.307395622842443,0.00159185099940862,0.228065124554386,1.03845518952067,0.943133981713618,0.000504774198353708,0.244887467981281,0.0474569303908901,1.1989244855331,1.52438286277206,0.0538278070079343,0.0643332361035904,0.0365012990266678,1.50465370223654,0.148322179929054,0.330805599177473
1.32481826937395,1.02297700289118,0.337362826081351,2.0255288292216,2.00851612995183,0.620881657968116,0.596157868112692,0.00182739177228308,0.0720195914411432,0.00350788491080722,0.00596261832406642,0.8255669588115,0.370781165235722,0.293685085735808,0.252555007765254,1.1057515927105,0.366579855351997,0.000131526891443023,0.00601030064378083,1.08114293370646,0.354373035631119,0.79823166813385,0.0071236866458384,0.10763133219629,1.4753892536671,0.794526672682451,1.50131981799682,0.0915822624632252,0.613402927248885,0.337424568197908
1.31010417378545,1.0094648775542,0.32729080156731,2.00851612995183,2.75757110694531,0.638720269158073,0.617048348651979,0.0117148319202554,0.0554420165544425,0.0159142111131776,0.0211974588500041,1.12184738654149,0.534088415598523,0.427145518772897,0.371125182200436,1.45346506137259,0.528538583477869,0.00579877298316855,0.0223940567018723,1.47094508008145,0.514789663441949,1.11847530876291,0.000856501767179552,0.0909283741243305,1.94062550837951,1.13516488750759,2.06887087076064,0.0746616013995576,0.897831979421122,0.514300267927936
0.667702545400802,0.732357807521503,1.5884312777558,0.620881657968116,0.638720269158073,2.21460897880565,2.18816346933147,0.751238490495699,1.25618524707936,0.721000783464142,0.687064638062656,0.00243603635123524,0.0879784005777768,0.124191191191924,0.150582783896619,0.0612972785053434,0.0902135394454655,0.846862706524334,0.742836839551616,0.037324140373677,0.101322925891369,0.000104322535070533,1.03687776466079,1.46296314242739,0.203436221953961,0.00177884963318942,0.182825107369604,1.45198589986551,0.0339814111879067,0.159361286407587
0.6413703690043,0.706000347430707,1.68640535323079,0.596157868112692,0.617048348651979,2.18816346933147,2.51600629641501,0.901470994034085,1.46165127696575,0.866362580643137,0.826749069585266,9.73543365923035e-06,0.127582046131539,0.171114363667238,0.202547809721749,0.0443603929885494,0.130376739260673,1.01850387024006,0.900090748762632,0.0231457552816763,0.144683499265383,0.00380758448272012,1.24035071087971,1.72076936803642,0.178268070629224,0.0094742813545734,0.157376689596086,1.717272701136,0.0612015665116425,0.221912624295684
0.0101357041229742,0.0440312890325303,0.953885311806453,0.00182739177228308,0.0117148319202554,0.751238490495699,0.901470994034085,4.03406488665339,2.63025856383696,3.93754529130178,3.81677957799093,1.11292676727083,2.08627170948828,2.1589966627539,2.22793836302132,0.610948130229811,2.09763897327189,4.01722759443387,4.01787824655354,0.853753382266703,2.19346439579044,1.45249814196375,3.88102824623013,3.05376669008601,0.308649326013773,1.69319831446793,0.488858951039395,3.36299378443808,2.18564255443286,2.80722211988625
0.136433964686455,0.20754633746143,1.40208016271752,0.0720195914411432,0.0554420165544425,1.25618524707936,1.46165127696575,2.63025856383696,3.3464232369902,2.56823361964055,2.49416673531325,0.436225074857549,1.08873913522893,1.17567029350217,1.24251692294493,0.169036517491031,1.09703674356974,2.85636488742602,2.69235163035922,0.268670603997687,1.15378939542086,0.599769163430259,3.12478603948881,3.33390994449535,0.0345852439919088,0.715220379992905,0.0777747824701205,3.34617152999308,1.03122459264535,1.50773305806509
0.0073831510711404,0.038402366592734,0.925380176126365,0.00350788491080722,0.0159142111131776,0.721000783464142,0.866362580643137,3.93754529130178,2.56823361964055,3.97162856789437,3.85043358127008,1.14352351336607,2.12035453940904,2.19298336119751,2.26185933736193,0.635138538390783,2.13172224485094,3.93632039880573,3.96806703436398,0.882732378334051,2.22744126139149,1.4861788527099,3.78819232120751,2.96520513329503,0.327343620419712,1.72714893207162,0.513727416076944,3.26715399509853,2.21643812404911,2.83044215440344
0.00485334094011369,0.0326095063356071,0.89298083777731,0.00596261832406642,0.0211974588500041,0.687064638062656,0.826749069585266,3.81677957799093,2.49416673531325,3.85043358127008,3.88219490250329,1.17406890808914,2.15119133798137,2.22433802511751,2.29333556365981,0.660473757298162,2.16251761403251,3.82347051236044,3.88210025609937,0.912137111766814,2.25737835615679,1.51786468486998,3.66801622708133,2.85868291966147,0.347524281613333,1.75701796707771,0.539760406991781,3.14920106646586,2.23945857070024,2.84123261663631
0.451198699302858,0.27416363101204,0.0234836907453304,0.8255669588115,1.12184738654149,0.00243603635123524,9.73543365923035e-06,1.11292676727083,0.436225074857549,1.14352351336607,1.17406890808914,3.66529616797272,2.7050636123685,2.40293821113976,2.25012109225358,2.68106092792084,2.69392324723842,1.13067252246546,1.30100259436367,3.36186215022025,2.69835894289042,3.63151128853749,0.960100743541409,0.456419355557209,2.16518624933029,3.61930146870811,2.86328485516588,0.562123623690924,3.44081410444142,2.9019337631001
0.160792499424543,0.0688623014003382,0.224818423404365,0.370781165235722,0.534088415598523,0.0879784005777768,0.127582046131539,2.08627170948828,1.08873913522893,2.12035453940904,2.15119133798137,2.7050636123685,3.95381208249731,3.50458555821661,3.31456748082786,1.86139117888256,3.94178114881258,2.1675869483486,2.39211402300772,2.4039504970202,3.9330600238051,3.29187545605111,1.96946241006294,1.21392571271055,1.36445356983999,3.55167043531057,1.90365314892127,1.42572223291117,3.85832123059471,3.91889790090111
0.118844251055551,0.0443659434874037,0.27329331911794,0.293685085735808,0.427145518772897,0.124191191191924,0.171114363667238,2.1589966627539,1.17567029350217,2.19298336119751,2.22433802511751,2.40293821113976,3.50458555821661,3.59222567796246,3.40081889171566,1.6437078186947,3.51339150061053,2.22575063703287,2.43606382229101,2.1009457659698,3.55834281993122,2.87998417281306,2.03131758672144,1.30038475563301,1.17471186360165,3.10573079770174,1.62149709647714,1.50523390866549,3.4221037678367,3.5916626028608
0.0966012924133559,0.0320492659774998,0.307395622842443,0.252555007765254,0.371125182200436,0.150582783896619,0.202547809721749,2.22793836302132,1.24251692294493,2.26185933736193,2.29333556365981,2.25012109225358,3.31456748082786,3.40081889171566,3.47214440250636,1.52877524471137,3.32396062877082,2.28973192547585,2.49399486906658,1.95151808523486,3.38085280173725,2.69416558140375,2.09699671050196,1.37127555329935,1.07564069939756,2.91438701608896,1.48379499727322,1.57613849046169,3.24416043443421,3.46790664233688
0.6539166673707,0.436027091847344,0.00159185099940862,1.1057515927105,1.45346506137259,0.0612972785053434,0.0443603929885494,0.610948130229811,0.169036517491031,0.635138538390783,0.660473757298162,2.68106092792084,1.86139117888256,1.6437078186947,1.52877524471137,3.03236283190313,1.85218889099548,0.601853923143502,0.722125055094209,2.99395149075934,1.84318696695855,2.69728417593835,0.471884418980149,0.159651816620849,2.51153708957452,2.7096047814805,2.90845333121922,0.20913667508547,2.47014153298028,1.94615418701244
0.158321662634803,0.0673223796504141,0.228065124554386,0.366579855351997,0.528538583477869,0.0902135394454655,0.130376739260673,2.09763897327189,1.09703674356974,2.13172224485094,2.16251761403251,2.69392324723842,3.94178114881258,3.51339150061053,3.32396062877082,1.85218889099548,3.95478164050205,2.17968593968062,2.40461095126308,2.392653239987,3.94080301659541,3.28019117350073,1.98144455878511,1.22367533249775,1.35596720419338,3.54223022768251,1.89263660606033,1.43661257478038,3.8537714657019,3.92331849990043
0.0172429719935985,0.0576601273890249,1.03845518952067,0.000131526891443023,0.00579877298316855,0.846862706524334,1.01850387024006,4.01722759443387,2.85636488742602,3.93632039880573,3.82347051236044,1.13067252246546,2.1675869483486,2.22575063703287,2.28973192547585,0.601853923143502,2.17968593968062,4.88487564113773,4.65589992622069,0.861722375264371,2.29041578815748,1.51366251896629,4.68313097320923,3.54779927868085,0.292476493087761,1.80225146335231,0.481558666547733,4.02472894704057,2.37842019017799,3.09385463300816
0.00550602336632799,0.0351733401601102,0.943133981713618,0.00601030064378083,0.0223940567018723,0.742836839551616,0.900090748762632,4.01787824655354,2.69235163035922,3.96806703436398,3.88210025609937,1.30100259436367,2.39211402300772,2.43606382229101,2.49399486906658,0.722125055094209,2.40461095126308,4.65589992622069,4.97731503595401,1.01965866347496,2.52537118568781,1.73099774321299,4.49598256198937,3.32101255661171,0.380359990362857,2.05467841224933,0.610421216850185,3.80703768540892,2.6682871042754,3.40509252509381
0.615590736771369,0.398869734685653,0.000504774198353708,1.08114293370646,1.47094508008145,0.037324140373677,0.0231457552816763,0.853753382266703,0.268670603997687,0.882732378334051,0.912137111766814,3.36186215022025,2.4039504970202,2.1009457659698,1.95151808523486,2.99395149075934,2.392653239987,0.861722375264371,1.01965866347496,4.06004881095259,2.39966063055685,3.63515109353086,0.701411613145195,0.271072758462298,2.61000220393071,3.70885099631535,3.5516470303912,0.350274785985839,3.40036047344878,2.6746868649003
0.14992427815311,0.0617392119252269,0.244887467981281,0.354373035631119,0.514789663441949,0.101322925891369,0.144683499265383,2.19346439579044,1.15378939542086,2.22744126139149,2.25737835615679,2.69835894289042,3.9330600238051,3.55834281993122,3.38085280173725,1.84318696695855,3.94080301659541,2.29041578815748,2.52537118568781,2.39966063055685,4.14100531092615,3.33374570635629,2.09007699661052,1.29729339018341,1.34466364147301,3.64063901277596,1.89635196494634,1.52621212314222,4.00354956939136,4.1197608467708
0.417640091219224,0.243830138002002,0.0474569303908901,0.79823166813385,1.11847530876291,0.000104322535070533,0.00380758448272012,1.45249814196375,0.599769163430259,1.4861788527099,1.51786468486998,3.63151128853749,3.29187545605111,2.87998417281306,2.69416558140375,2.69728417593835,3.28019117350073,1.51366251896629,1.73099774321299,3.63515109353086,3.33374570635629,5.00048853118734,1.31924355796946,0.659175905705967,2.21715900572118,4.98768138157702,3.22242148911835,0.818872426227537,4.76053823899001,3.94439125969792
0.0465665895807006,0.10154050072567,1.1989244855331,0.0071236866458384,0.000856501767179552,1.03687776466079,1.24035071087971,3.88102824623013,3.12478603948881,3.78819232120751,3.66801622708133,0.960100743541409,1.96946241006294,2.03131758672144,2.09699671050196,0.471884418980149,1.98144455878511,4.68313097320923,4.49598256198937,0.701411613145195,2.09007699661052,1.31924355796946,5.51361978807515,4.14498091131933,0.197078200516102,1.60054567004288,0.348160912780696,4.80286356860355,2.18770218397882,2.93156311147317
0.178856837101643,0.25580839921985,1.52438286277206,0.10763133219629,0.0909283741243305,1.46296314242739,1.72076936803642,3.05376669008601,3.33390994449535,2.96520513329503,2.85868291966147,0.456419355557209,1.21392571271055,1.30038475563301,1.37127555329935,0.159651816620849,1.22367533249775,3.54779927868085,3.32101255661171,0.271072758462298,1.29729339018341,0.659175905705967,4.14498091131933,4.97922851127998,0.0237586793472531,0.815225298176215,0.065449686363495,4.95931940883662,1.22471724303437,1.82912777556408
0.906648185867942,0.641855813276545,0.0538278070079343,1.4753892536671,1.94062550837951,0.203436221953961,0.178268070629224,0.308649326013773,0.0345852439919088,0.327343620419712,0.347524281613333,2.16518624933029,1.36445356983999,1.17471186360165,1.07564069939756,2.51153708957452,1.35596720419338,0.292476493087761,0.380359990362857,2.61000220393071,1.34466364147301,2.21715900572118,0.197078200516102,0.0237586793472531,3.09257953871702,2.26036224552597,3.07089379803699,0.0410895520646628,1.97856314160001,1.42672207659993
0.405204119274164,0.231282468254132,0.0643332361035904,0.794526672682451,1.13516488750759,0.00177884963318942,0.0094742813545734,1.69319831446793,0.715220379992905,1.72714893207162,1.75701796707771,3.61930146870811,3.55167043531057,3.10573079770174,2.91438701608896,2.7096047814805,3.54223022768251,1.80225146335231,2.05467841224933,3.70885099631535,3.64063901277596,4.98768138157702,1.60054567004288,0.815225298176215,2.26036224552597,6.52369892171246,3.45921816413003,1.02634720839125,6.11331393817122,4.83141307249081
0.895366508797232,0.62392936646811,0.0365012990266678,1.50131981799682,2.06887087076064,0.182825107369604,0.157376689596086,0.488858951039395,0.0777747824701205,0.513727416076944,0.539760406991781,2.86328485516588,1.90365314892127,1.62149709647714,1.48379499727322,2.90845333121922,1.89263660606033,0.481558666547733,0.610421216850185,3.5516470303912,1.89635196494634,3.22242148911835,0.348160912780696,0.065449686363495,3.07089379803699,3.45921816413003,4.90722458263995,0.101536155499923,3.06980665170882,2.19031373683635
0.161851625818135,0.238105953678619,1.50465370223654,0.0915822624632252,0.0746616013995576,1.45198589986551,1.717272701136,3.36299378443808,3.34617152999308,3.26715399509853,3.14920106646586,0.562123623690924,1.42572223291117,1.50523390866549,1.57613849046169,0.20913667508547,1.43661257478038,4.02472894704057,3.80703768540892,0.350274785985839,1.52621212314222,0.818872426227537,4.80286356860355,4.95931940883662,0.0410895520646628,1.02634720839125,0.101536155499923,6.30501923248406,1.53167516210028,2.23507189709284
0.287911979012762,0.14656878067994,0.148322179929054,0.613402927248885,0.897831979421122,0.0339814111879067,0.0612015665116425,2.18564255443286,1.03122459264535,2.21643812404911,2.23945857070024,3.44081410444142,3.85832123059471,3.4221037678367,3.24416043443421,2.47014153298028,3.8537714657019,2.37842019017799,2.6682871042754,3.40036047344878,4.00354956939136,4.76053823899001,2.18770218397882,1.22471724303437,1.97856314160001,6.11331393817122,3.06980665170882,1.53167516210028,7.51003156638024,5.90289876675562
0.129458938560396,0.0463436409445714,0.330805599177473,0.337424568197908,0.514300267927936,0.159361286407587,0.221912624295684,2.80722211988625,1.50773305806509,2.83044215440344,2.84123261663631,2.9019337631001,3.91889790090111,3.5916626028608,3.46790664233688,1.94615418701244,3.92331849990043,3.09385463300816,3.40509252509381,2.6746868649003,4.1197608467708,3.94439125969792,2.93156311147317,1.82912777556408,1.42672207659993,4.83141307249081,2.19031373683635,2.23507189709284,5.90289876675562,6.81265849723057
