0.853808939960559,0.824278693421697,0.621155266228283,0.711949680919631,0.534321487509271,0.783600307981588,0.112485499872252,0.681640960027135,0.0118240476182092,0.0151995111603496,0.0386656734718396,0.0466315716679486,0.0665168329780417,0.122137039332051,0.519962400213474,0.0216354175792399,0.0195870821344699,0.000375965057961558,0.0685300548536296,0.228370840044394,0.0302004392542727,0.0126129986848844,0.13647365805498,0.0528988383288049,0.124683106128864,0.126110170992892,0.00491987663618154,0.147160880128814,0.00224646698292341,0.103270017591136
0.824278693421697,1.03924868999832,0.810322385553795,0.779902615589554,0.722686476155092,0.886591296198726,0.0836758088722376,0.745509956541963,0.00153627345546914,0.0030231798535989,0.0835720703710563,0.0245678538116456,0.125664533294887,0.0929208186877162,0.538053561162208,0.0564351929653006,0.0529781518703798,0.0100231701874698,0.0429836206537262,0.20147599340079,0.0120865040955325,0.0403722278339145,0.222807004894449,0.107023543832004,0.208094445834931,0.2100740077527,0.0243787387059466,0.23830874375454,0.0173599962544206,0.181753000124626
0.621155266228283,0.810322385553795,1.59511613509883,0.618236928580959,1.50701035114709,0.804019164355326,0.00044553918372614,0.587760115963879,0.10551720886087,0.094501383128117,0.467996731528668,0.0350289603177059,0.56951967578211,4.24878971094778e-05,0.315259637657483,0.404224495459465,0.395782672967548,0.234461012727489,0.016130647838311,0.0314322607808526,0.060929509341717,0.359500714328699,0.765552060530428,0.54263979969151,0.746973733608533,0.751074132968315,0.306710081991234,0.803162121238099,0.278674329844748,0.72015658268108
0.711949680919631,0.779902615589554,0.618236928580959,3.67968733487455,0.613757025700633,3.36001193468839,1.18362221123386,3.64481290379956,0.544854070066101,0.586841080922921,0.0390083785492603,0.848485576596399,0.0085211001103187,1.29341710893929,3.18548313686354,0.0876588540253715,0.0968494946344221,0.26984266356378,1.00030723874602,1.74522359611618,0.751190557895131,0.133164635066813,0.01092552049308,0.0244332106798462,0.00521010862475624,0.00572720915346459,0.200665790445965,0.0161631052000906,0.241521830964599,9.79128124356521e-07
0.534321487509271,0.722686476155092,1.50701035114709,0.613757025700633,3.35049695165322,0.889661077154352,0.0741818784246817,0.611361089254523,0.450630756020831,0.423709252741975,1.21755064612674,0.24616237146428,1.42036624444811,0.068114418823165,0.24232458894555,1.13000282290852,1.1197454507508,0.763735261004438,0.176036386872481,0.00030717525003876,0.337498783086313,1.05530183273767,1.76810962719597,1.44311682394192,1.78733786303978,1.79648677786531,0.957235208853278,1.88503232660363,0.899363499849635,1.87099619778512
0.783600307981588,0.886591296198726,0.804019164355326,3.36001193468839,0.889661077154352,3.96065173274355,0.908819491649073,3.66160433291741,0.341484081470711,0.375338838077907,0.00133253021423396,0.599668473483186,0.00494230207860546,1.00426032804125,2.96620589408272,0.0170858669403167,0.0210294154160247,0.128621938682041,0.734089681380412,1.4372794262646,0.51082223910748,0.0391258740950633,0.0706821818585208,0.000223119292301455,0.0568889386533522,0.0586370686843605,0.0783008532688703,0.085678341607681,0.104653929508117,0.0333199878742336
0.112485499872252,0.0836758088722376,0.00044553918372614,1.18362221123386,0.0741818784246817,0.908819491649073,4.76348123158316,1.78556740951705,3.72146506060931,3.83581012564998,1.83354017040625,4.33703367855637,1.55759616907337,4.75719219987701,2.74459677660921,2.26579719843586,2.34042269406029,2.99099514586346,4.5688815463672,3.88141112803476,4.22361059828401,2.56019583599793,1.03704705769213,1.93534737841908,1.19361231529152,1.18739732146576,2.90424589272824,1.05143548632923,3.07076601435789,1.65989977266053
0.681640960027135,0.745509956541963,0.587760115963879,3.64481290379956,0.611361089254523,3.66160433291741,1.78556740951705,6.26228158443239,0.916395151295457,0.983914790304813,0.104938249244756,1.37019849046185,0.0417836760245516,2.00058204226661,5.15163110302548,0.198031998704337,0.215508932955183,0.496246231285602,1.59714717310931,2.54438818674032,1.25527097873411,0.280867677640682,0.000439389067110163,0.0828896178128797,0.000350068766590717,0.000218818755099548,0.400542550755609,0.00197617359814917,0.470945058524198,0.0126028715124367
0.0118240476182092,0.00153627345546914,0.10551720886087,0.544854070066101,0.450630756020831,0.341484081470711,3.72146506060931,0.916395151295457,5.59933179101531,5.5536608737203,3.09284824332176,4.95662375838714,2.74656265377518,3.9786760056177,1.72872256856493,3.78184145978895,3.9038485150159,4.71208290583323,4.68707798963412,2.8506778575342,5.41060417378558,4.23148709074209,2.01036505530304,3.4180935425066,2.29364603779543,2.28659058179911,4.71661448779261,2.08145921041605,4.92457187632713,3.15752172573172
0.0151995111603496,0.0030231798535989,0.094501383128117,0.586841080922921,0.423709252741975,0.375338838077907,3.83581012564998,0.983914790304813,5.5536608737203,5.75158958696467,3.04727284982251,5.12238480677372,2.70117570553151,4.12005639840818,1.82785003808023,3.73910037361479,3.86296820128664,4.67632073525461,4.85085698141978,2.95786222157127,5.60842450848315,4.19718591447356,1.96729996378697,3.3759468398702,2.24860286785926,2.24154504662132,4.70314579511513,2.03717708480855,4.92554973959719,3.1178721691189
0.0386656734718396,0.0835720703710563,0.467996731528668,0.0390083785492603,1.21755064612674,0.00133253021423396,1.83354017040625,0.104938249244756,3.09284824332176,3.04727284982251,4.28658672738372,2.58323512756865,3.93486526000785,1.8998727037536,0.434070331293682,4.19860599300155,4.18801458474709,3.70192430613382,2.37196694980187,1.21565697348995,2.90412276724692,4.12410203298822,3.12054985623721,4.263345193965,3.47538899164432,3.46852537878658,4.02077325951895,3.24035979805762,3.95451691224495,4.07191345629575
0.0466315716679486,0.0245678538116456,0.0350289603177059,0.848485576596399,0.24616237146428,0.599668473483186,4.33703367855637,1.37019849046185,4.95662375838714,5.12238480677372,2.58323512756865,5.74295559095065,2.2534445910676,4.71266395712373,2.32862895183809,3.19019155005709,3.29873064615654,4.08129813998517,5.47141438023567,3.4637390120413,5.6277769949703,3.6015335045553,1.58624499597949,2.82606057460525,1.82119073549675,1.8141925046098,4.07582399341321,1.63258706726564,4.29714274525806,2.55245174401579
0.0665168329780417,0.125664533294887,0.56951967578211,0.0085211001103187,1.42036624444811,0.00494230207860546,1.55759616907337,0.0417836760245516,2.74656265377518,2.70117570553151,3.93486526000785,2.2534445910676,4.22083414356879,1.60971861172043,0.289276821909198,3.90063706818282,3.89516064614427,3.35218885593591,2.05119322838003,0.987654350732795,2.55808876058328,3.82433386348446,3.3810493048345,4.1938313343606,3.76134960625281,3.75449192016081,3.71254821740176,3.52225036632734,3.63915334631168,4.17182343227201
0.122137039332051,0.0929208186877162,4.24878971094778e-05,1.29341710893929,0.068114418823165,1.00426032804125,4.75719219987701,2.00058204226661,3.9786760056177,4.12005639840818,1.8998727037536,4.71266395712373,1.60971861172043,5.51238621150219,3.08016304917082,2.37868167736421,2.46365565773404,3.16922082244035,5.04285008376161,4.17055584756794,4.64050015604537,2.71201951290783,1.06051577327534,2.03341377256935,1.22956863964526,1.22315140634712,3.10986224481203,1.07907653745793,3.30420076971473,1.7532557430881
0.519962400213474,0.538053561162208,0.315259637657483,3.18548313686354,0.24232458894555,2.96620589408272,2.74459677660921,5.15163110302548,1.72872256856493,1.82785003808023,0.434070331293682,2.32862895183809,0.289276821909198,3.08016304917082,6.7561132641897,0.639295875862626,0.676631380276609,1.13094256334517,2.61949738743222,3.57858799464522,2.22555341855621,0.802543619589701,0.0896940336929619,0.422333004136946,0.124793194539458,0.122164360126622,1.02085649219645,0.0814686392580883,1.14047645634506,0.24258031610535
0.0216354175792399,0.0564351929653006,0.404224495459465,0.0876588540253715,1.13000282290852,0.0170858669403167,2.26579719843586,0.198031998704337,3.78184145978895,3.73910037361479,4.19860599300155,3.19019155005709,3.90063706818282,2.37868167736421,0.639295875862626,5.16099124274461,5.1502269114798,4.50903316610661,2.94668402736952,1.54942243593633,3.60896772495934,5.08329336862462,3.06100216154733,4.79600941172657,3.47281833348222,3.46700582739513,4.97280293887888,3.21509415834495,4.89907685733798,4.52167836759483
0.0195870821344699,0.0529781518703798,0.395782672967548,0.0968494946344221,1.1197454507508,0.0210294154160247,2.34042269406029,0.215508932955183,3.9038485150159,3.86296820128664,4.18801458474709,3.29873064615654,3.89516064614427,2.46365565773404,0.676631380276609,5.1502269114798,5.34973774468509,4.64904607720626,3.04981061845603,1.60752303090497,3.73938378991749,5.27885165728226,3.05539302871611,4.85831521186857,3.4746718370111,3.46906665108058,5.16635952626723,3.21458921543192,5.09018470968336,4.60193157513765
0.000375965057961558,0.0100231701874698,0.234461012727489,0.26984266356378,0.763735261004438,0.128621938682041,2.99099514586346,0.496246231285602,4.71208290583323,4.67632073525461,3.70192430613382,4.08129813998517,3.35218885593591,3.16922082244035,1.13094256334517,4.50903316610661,4.64904607720626,5.47466931328001,3.81920977296022,2.17879575563923,4.56285140104577,4.99374207361583,2.54617786691938,4.15763793335226,2.89421572888167,2.88753516664234,5.36447857583908,2.65570534417544,5.44559854160855,3.91294485757963
0.0685300548536296,0.0429836206537262,0.016130647838311,1.00030723874602,0.176036386872481,0.734089681380412,4.5688815463672,1.59714717310931,4.68707798963412,4.85085698141978,2.37196694980187,5.47141438023567,2.05119322838003,5.04285008376161,2.61949738743222,2.94668402736952,3.04981061845603,3.81920977296022,5.83490952518491,3.738865275189,5.43252427916284,3.34153826819136,1.41506323608784,2.58476362796988,1.63083563428683,1.6239415109575,3.80507163761515,1.45253859815456,4.02572722381581,2.3073859618585
0.228370840044394,0.20147599340079,0.0314322607808526,1.74522359611618,0.00030717525003876,1.4372794262646,3.88141112803476,2.54438818674032,2.8506778575342,2.95786222157127,1.21565697348995,3.4637390120413,0.987654350732795,4.17055584756794,3.57858799464522,1.54942243593633,1.60752303090497,2.17879575563923,3.738865275189,4.71581681805092,3.3562429057409,1.78691583182289,0.587487394579721,1.25694917567755,0.691588137176421,0.686445641673023,2.07674237346504,0.58648843884113,2.22343424091743,1.00482367825587
0.0302004392542727,0.0120865040955325,0.060929509341717,0.751190557895131,0.337498783086313,0.51082223910748,4.22361059828401,1.25527097873411,5.41060417378558,5.60842450848315,2.90412276724692,5.6277769949703,2.55808876058328,4.64050015604537,2.22555341855621,3.60896772495934,3.73938378991749,4.56285140104577,5.43252427916284,3.3562429057409,6.47394315770446,4.09498681941457,1.82930429707945,3.24908369492657,2.10602184392156,2.09896041838084,4.66520237801454,1.89620091862168,4.93108195600641,3.0021350510649
0.0126129986848844,0.0403722278339145,0.359500714328699,0.133164635066813,1.05530183273767,0.0391258740950633,2.56019583599793,0.280867677640682,4.23148709074209,4.19718591447356,4.12410203298822,3.6015335045553,3.82433386348446,2.71201951290783,0.802543619589701,5.08329336862462,5.27885165728226,4.99374207361583,3.34153826819136,1.78691583182289,4.09498681941457,5.75379826510852,2.98455248983244,4.85320388265479,3.40643502778067,3.40097835797642,5.64099491076437,3.14502970613623,5.56321107986019,4.65618197970724
0.13647365805498,0.222807004894449,0.765552060530428,0.01092552049308,1.76810962719597,0.0706821818585208,1.03704705769213,0.000439389067110163,2.01036505530304,1.96729996378697,3.12054985623721,1.58624499597949,3.3810493048345,1.06051577327534,0.0896940336929619,3.06100216154733,3.05539302871611,2.54617786691938,1.41506323608784,0.587487394579721,1.82930429707945,2.98455248983244,3.76247641299751,3.4374806103741,3.7437510769963,3.74731299854819,2.87283637261647,3.75384654265222,2.80004780684738,3.71406545649877
0.0528988383288049,0.107023543832004,0.54263979969151,0.0244332106798462,1.44311682394192,0.000223119292301455,1.93534737841908,0.0828896178128797,3.4180935425066,3.3759468398702,4.263345193965,2.82606057460525,4.1938313343606,2.03341377256935,0.422333004136946,4.79600941172657,4.85831521186857,4.15763793335226,2.58476362796988,1.25694917567755,3.24908369492657,4.85320388265479,3.4374806103741,5.53249160237694,3.9382979963752,3.93557530761759,4.7806552843398,3.66636154886262,4.69907029061124,5.25151189220056
0.124683106128864,0.208094445834931,0.746973733608533,0.00521010862475624,1.78733786303978,0.0568889386533522,1.19361231529152,0.000350068766590717,2.29364603779543,2.24860286785926,3.47538899164432,1.82119073549675,3.76134960625281,1.22956863964526,0.124793194539458,3.47281833348222,3.4746718370111,2.89421572888167,1.63083563428683,0.691588137176421,2.10602184392156,3.40643502778067,3.7437510769963,3.9382979963752,4.30072450339679,4.29365595206407,3.29443756529126,4.02877703045831,3.21588966853033,4.27059757091368
0.126110170992892,0.2100740077527,0.751074132968315,0.00572720915346459,1.79648677786531,0.0586370686843605,1.18739732146576,0.000218818755099548,2.28659058179911,2.24154504662132,3.46852537878658,1.8141925046098,3.75449192016081,1.22315140634712,0.122164360126622,3.46700582739513,3.46906665108058,2.88753516664234,1.6239415109575,0.686445641673023,2.09896041838084,3.40097835797642,3.74731299854819,3.93557530761759,4.29365595206407,4.30951167456013,3.28907117635536,4.04013115834889,3.21041331318026,4.27624543889059
0.00491987663618154,0.0243787387059466,0.306710081991234,0.200665790445965,0.957235208853278,0.0783008532688703,2.90424589272824,0.400542550755609,4.71661448779261,4.70314579511513,4.02077325951895,4.07582399341321,3.71254821740176,3.10986224481203,1.02085649219645,4.97280293887888,5.16635952626723,5.36447857583908,3.80507163761515,2.07674237346504,4.66520237801454,5.64099491076437,2.87283637261647,4.7806552843398,3.29443756529126,3.28907117635536,6.4518108983538,3.03239858449819,6.3694783548948,4.67292473630507
0.147160880128814,0.23830874375454,0.803162121238099,0.0161631052000906,1.88503232660363,0.085678341607681,1.05143548632923,0.00197617359814917,2.08145921041605,2.03717708480855,3.24035979805762,1.63258706726564,3.52225036632734,1.07907653745793,0.0814686392580883,3.21509415834495,3.21458921543192,2.65570534417544,1.45253859815456,0.58648843884113,1.89620091862168,3.14502970613623,3.75384654265222,3.66636154886262,4.02877703045831,4.04013115834889,3.03239858449819,4.13272972608221,2.95504957988086,4.04801249475533
0.00224646698292341,0.0173599962544206,0.278674329844748,0.241521830964599,0.899363499849635,0.104653929508117,3.07076601435789,0.470945058524198,4.92457187632713,4.92554973959719,3.95451691224495,4.29714274525806,3.63915334631168,3.30420076971473,1.14047645634506,4.89907685733798,5.09018470968336,5.44559854160855,4.02572722381581,2.22343424091743,4.93108195600641,5.56321107986019,2.80004780684738,4.69907029061124,3.21588966853033,3.21041331318026,6.3694783548948,2.95504957988086,6.736483813433,4.60936196400858
0.103270017591136,0.181753000124626,0.72015658268108,9.79128124356521e-07,1.87099619778512,0.0333199878742336,1.65989977266053,0.0126028715124367,3.15752172573172,3.1178721691189,4.07191345629575,2.55245174401579,4.17182343227201,1.7532557430881,0.24258031610535,4.52167836759483,4.60193157513765,3.91294485757963,2.3073859618585,1.00482367825587,3.0021350510649,4.65618197970724,3.71406545649877,5.25151189220056,4.27059757091368,4.27624543889059,4.67292473630507,4.04801249475533,4.60936196400858,6.73070615747592
