0,0.244500243115484,1.20661454260282,3.10959691299585,3.13566291659524,3.24726005674093,5.39231917179922,5.75280860433868,6.42949263573945,6.57499950460453,5.0630643204006,6.50350138757531,4.94160941757327,6.12192107279865,6.56999740372331,5.97152934754669,6.16437252037671,6.32772632312465,6.55165835543821,5.11288407792269,7.26735121915647,6.58238120769931,4.3433380368481,6.28050286567989,4.90516723109962,4.9111002725349,7.295780085042,4.69221690578514,7.58579981942771,7.3779750622542
0.244500243115484,0,1.01372005398956,3.15913079369376,2.94437268934135,3.22671783034441,5.63537830383701,5.81051036134678,6.63550793410269,6.78479191725579,5.15869127663992,6.73306857332567,5.00875376697734,6.36579326412508,6.7192548318636,6.08736954681233,6.28303013094265,6.49387166290339,6.78819097387578,5.35211352124766,7.48901883951171,6.71230249943901,4.35611109320693,6.35769320471125,4.92378430172525,4.92861234905304,7.44230211094023,4.69536092857145,7.74101251092248,7.40644884722498
1.20661454260282,1.01372005398956,0,4.03832961281147,1.93159238445787,3.94772953913173,6.35770628831454,6.68187748760346,6.98341350839241,7.15770295580727,4.94570939942522,7.26801380541407,4.67691092710341,7.10741737080681,7.72071012397357,5.94765838692451,6.15328853384883,6.60086342292386,7.39776436460712,6.24806843158805,7.94720027411986,6.62991297154995,3.82648842703548,6.04232813809275,4.40189317127856,4.40247954372233,7.43350686947017,4.12152161870484,7.77425128884233,6.88550912721259
3.10959691299585,3.15913079369376,4.03832961281147,0,5.8026702351265,0.920315198241321,6.07592414398999,2.65234311170783,8.18931098575766,8.25759475999338,7.88825730515975,7.7256717726324,7.88347927822271,6.60523932849816,4.06483432533718,8.66536086956842,8.8357260902908,8.614671321027,7.51398238256741,4.90505696069311,8.65124937678875,9.16715632984945,7.4203127068859,9.1633125158918,7.96999162102183,7.97774459112775,9.73016665233643,7.78009085055658,9.93312748637835,10.4103915340942
3.13566291659524,2.94437268934135,1.93159238445787,5.8026702351265,0,5.53182653008806,7.96561442638702,8.39005635757656,8.04856723062687,8.25466803313394,5.20198238678346,8.6011277996753,4.73059860632579,8.72665432550908,9.62196103795182,6.25148254858078,6.46074379483671,7.29769574292435,8.83333370309317,8.06569941920406,9.14944254318505,6.99369155128639,3.57675411025879,5.99675490614632,4.07654572897045,4.06703507048272,7.88783743230047,3.71316202452817,8.28825376538695,6.33921071355889
3.24726005674093,3.22671783034441,3.94772953913173,0.920315198241321,5.53182653008806,0,6.90649398102856,2.89972465134112,8.87701536081744,8.9615636435524,8.2445733996988,8.50427037672782,8.17160127215513,7.46451728816325,4.78435320876781,9.08747124160753,9.26833064659659,9.17807716865947,8.32738189516763,5.80190969826526,9.41295041223305,9.63619824966194,7.58176378202401,9.49269709653588,8.14759835883363,8.15288926993495,10.2558609245596,7.92202477561039,10.4878276871603,10.624717914471
5.39231917179922,5.63537830383701,6.35770628831454,6.07592414398999,7.96561442638702,6.90649398102856,0,7.45462799698145,2.91988290137986,2.84345056724788,5.38298761815438,1.83236946542107,5.86912303700522,0.761483043331332,6.03040094255443,5.39287807745605,5.43237358814769,4.25616025313625,1.46062766403367,1.71647579356456,2.7902031927196,5.39688782469583,6.4518635291964,6.42527807712195,6.67698110439691,6.69819826321177,5.40680034448049,6.79333998500692,5.35843301630038,8.17438784373802
5.75280860433868,5.81051036134678,6.68187748760346,2.65234311170783,8.39005635757656,2.89972465134112,7.45462799698145,0,10.0288230728568,10.0460415907874,10.3389918133266,9.26484019445934,10.3995483759521,7.77350371140137,2.71513264257113,11.0272088297683,11.1810014632071,10.7444584351412,8.90289676339868,5.88932202900267,10.2256827846686,11.4543444942595,10.0238792192957,11.6289939511836,10.562305950296,10.5713556214823,11.913007381275,10.3910589633183,12.056875280817,12.9677819988834
6.42949263573945,6.63550793410269,6.98341350839241,8.18931098575766,8.04856723062687,8.87701536081744,2.91988290137986,10.0288230728568,0,0.243599630539375,3.70022203175551,1.42903986519168,4.32704062703374,3.15436599128211,8.89799991807515,3.19664011418202,3.14137250566861,1.64983529262885,2.06008533693199,4.61379289399784,1.25206660114861,2.89015587463966,5.34107809340675,4.29563630837905,5.31276421882125,5.33566230197721,2.6179137137839,5.56914309626542,2.48667185179405,6.01499449702779
6.57499950460453,6.78479191725579,7.15770295580727,8.25759475999338,8.25466803313394,8.9615636435524,2.84345056724788,10.0460415907874,0.243599630539375,0,3.94363061470337,1.24977556436788,4.57007231947045,3.0238630016505,8.85200277499391,3.4343800824797,3.37539092907649,1.87361742973546,1.88478514931001,4.55168196187306,1.00868372770283,3.11101602312606,5.57946607238825,4.53218750960121,5.55510835464294,5.57801116828215,2.79710889508821,5.80996514342977,2.63697392120329,6.24655140620279
5.0630643204006,5.15869127663992,4.94570939942522,7.88825730515975,5.20198238678346,8.2445733996988,5.38298761815438,10.3389918133266,3.70022203175551,3.94363061470337,0,4.86307206319707,0.637690350936819,5.99922753137872,10.1745593289861,1.05036598412523,1.26029530257462,2.35740742839608,5.37756235296489,6.57108959845474,4.95228435059435,1.79218092651579,1.80796342790681,1.29238794183066,1.63653324749187,1.65904764437068,2.69685110669963,1.93859685735069,3.11403671632682,2.87346597226813
6.50350138757531,6.73306857332567,7.26801380541407,7.7256717726324,8.6011277996753,8.50427037672782,1.83236946542107,9.26484019445934,1.42903986519168,1.24977556436788,4.86307206319707,0,5.45690055238423,1.83001388820538,7.84181095146417,4.52356373358108,4.49523204332267,3.05502862426031,0.635036355664207,3.53129438491896,0.961344758714498,4.29368684694856,6.33294201198918,5.62332604411708,6.40129862335394,6.42408225629116,4.04311850247803,6.61051118250158,3.88515391386751,7.36875826039499
4.94160941757327,5.00875376697734,4.67691092710341,7.88347927822271,4.73059860632579,8.17160127215513,5.86912303700522,10.3995483759521,4.32704062703374,4.57007231947045,0.637690350936819,5.45690055238423,0,6.51378313163012,10.3983937639401,1.58055124994776,1.78025059596535,2.99112574497698,5.95335721199364,6.96134226015413,5.57859978010669,2.3259646817084,1.22121194689729,1.36566307722453,0.998859434459961,1.0213619778073,3.24754860711908,1.30906313699631,3.67901126437843,2.60789343650068
6.12192107279865,6.36579326412508,7.10741737080681,6.60523932849816,8.72665432550908,7.46451728816325,0.761483043331332,7.77350371140137,3.15436599128211,3.0238630016505,5.99922753137872,1.83001388820538,6.51378313163012,0,6.10817337735025,5.91601409951838,5.9348126407192,4.64861387990149,1.26159556916388,1.88709133441724,2.70532905711591,5.84214545079505,7.15383107794901,6.97805026874042,7.35397343560847,7.37559507336809,5.74447262023194,7.48696286266855,5.64046848550572,8.73658088280192
6.56999740372331,6.7192548318636,7.72071012397357,4.06483432533718,9.62196103795182,4.78435320876781,6.03040094255443,2.71513264257113,8.89799991807515,8.85200277499391,10.1745593289861,7.84181095146417,10.3983937639401,6.10817337735025,0,10.6385127552091,10.7525882483216,9.96889745077938,7.35202801451018,4.31475409295018,8.77894958478174,10.9048242901188,10.3392016098013,11.4439388582927,10.8072513785076,10.8212962184966,11.1662111781506,10.7259057117557,11.2116441649326,13.0016587894549
5.97152934754669,6.08736954681233,5.94765838692451,8.66536086956842,6.25148254858078,9.08747124160753,5.39287807745605,11.0272088297683,3.19664011418202,3.4343800824797,1.05036598412523,4.52356373358108,1.58055124994776,5.91601409951838,10.6385127552091,0,0.210275164470112,1.6175942238114,5.10253271319048,6.77796318892288,4.41699895053039,0.748202770603887,2.80146333264746,1.10146402166841,2.51607907917696,2.53649126251447,1.66719626334065,2.86353265213691,2.09932134150165,2.84834066503086
6.16437252037671,6.28303013094265,6.15328853384883,8.8357260902908,6.46074379483671,9.26833064659659,5.43237358814769,11.1810014632071,3.14137250566861,3.37539092907649,1.26029530257462,4.49523204332267,1.78025059596535,5.9348126407192,10.7525882483216,0.210275164470112,0,1.52631490355258,5.08502603295795,6.85050850092607,4.34491332255458,0.545832695229102,3.00142810025039,1.1655989233249,2.70111857405968,2.72111611708407,1.46882959050444,3.05328903990347,1.90585213875137,2.87658075188571
6.32772632312465,6.49387166290339,6.60086342292386,8.614671321027,7.29769574292435,9.17807716865947,4.25616025313625,10.7444584351412,1.64983529262885,1.87361742973546,2.35740742839608,3.05502862426031,2.99112574497698,4.64861387990149,9.96889745077938,1.6175942238114,1.52631490355258,0,3.67115929254449,5.83289462005247,2.82290966889293,1.24098343115686,4.14478999243874,2.69188504895242,3.98696235891346,4.00911065455545,1.19752305995565,4.29598835101135,1.3199560434959,4.37948575559667
6.55165835543821,6.78819097387578,7.39776436460712,7.51398238256741,8.83333370309317,8.32738189516763,1.46062766403367,8.90289676339868,2.06008533693199,1.88478514931001,5.37756235296489,0.635036355664207,5.95335721199364,1.26159556916388,7.35202801451018,5.10253271319048,5.08502603295795,3.67115929254449,0,3.07299579285784,1.44380412456369,4.9056312539107,6.76725946600674,6.1978738716221,6.87396276000804,6.89653817783005,4.67657714830842,7.062562054958,4.51993889098629,7.95084375894382
5.11288407792269,5.35211352124766,6.24806843158805,4.90505696069311,8.06569941920406,5.80190969826526,1.71647579356456,5.88932202900267,4.61379289399784,4.55168196187306,6.57108959845474,3.53129438491896,6.96134226015413,1.88709133441724,4.31475409295018,6.77796318892288,6.85050850092607,5.83289462005247,3.07299579285784,0,4.47727416427358,6.89578341951366,7.30331844188898,7.73441006907275,7.63336504709487,7.652437209265,7.01414296947465,7.67556966645087,7.00543214964906,9.4368756190151
7.26735121915647,7.48901883951171,7.94720027411986,8.65124937678875,9.14944254318505,9.41295041223305,2.7902031927196,10.2256827846686,1.25206660114861,1.00868372770283,4.95228435059435,0.961344758714498,5.57859978010669,2.70532905711591,8.77894958478174,4.41699895053039,4.34491332255458,2.82290966889293,1.44380412456369,4.47727416427358,0,4.03776778398385,6.57781097654307,5.50826737022827,6.56262397325814,6.5855339955029,3.59534930002919,6.81427104654332,3.34826305912464,7.20037921305058
6.58238120769931,6.71230249943901,6.62991297154995,9.16715632984945,6.99369155128639,9.63619824966194,5.39688782469583,11.4543444942595,2.89015587463966,3.11101602312606,1.79218092651579,4.29368684694856,2.3259646817084,5.84214545079505,10.9048242901188,0.748202770603887,0.545832695229102,1.24098343115686,4.9056312539107,6.89578341951366,4.03776778398385,0,3.54716969844114,1.57988210217587,3.24165271294398,3.26135322371581,0.923619341933585,3.59646857891828,1.36385991882115,3.17214046316995
4.3433380368481,4.35611109320693,3.82648842703548,7.4203127068859,3.57675411025879,7.58176378202401,6.4518635291964,10.0238792192957,5.34107809340675,5.57946607238825,1.80796342790681,6.33294201198918,1.22121194689729,7.15383107794901,10.3392016098013,2.80146333264746,3.00142810025039,4.14478999243874,6.76725946600674,7.30331844188898,6.57781097654307,3.54716969844114,0,2.42000679462625,0.575698762401698,0.577362090461247,4.46861456611836,0.387513053775277,4.89886461273575,3.06505165747588
6.28050286567989,6.35769320471125,6.04232813809275,9.1633125158918,5.99675490614632,9.49269709653588,6.42527807712195,11.6289939511836,4.29563630837905,4.53218750960121,1.29238794183066,5.62332604411708,1.36566307722453,6.97805026874042,11.4439388582927,1.10146402166841,1.1655989233249,2.69188504895242,6.1978738716221,7.73441006907275,5.50826737022827,1.57988210217587,2.42000679462625,0,1.95662011302332,1.97085266170189,2.42299193205115,2.3324982307339,2.87083483458745,1.76017397545174
4.90516723109962,4.92378430172525,4.40189317127856,7.96999162102183,4.07654572897045,8.14759835883363,6.67698110439691,10.562305950296,5.31276421882125,5.55510835464294,1.63653324749187,6.40129862335394,0.998859434459961,7.35397343560847,10.8072513785076,2.51607907917696,2.70111857405968,3.98696235891346,6.87396276000804,7.63336504709487,6.56262397325814,3.24165271294398,0.575698762401698,1.95662011302332,0,0.0229242738287786,4.16366027116807,0.375900168562374,4.60542897976914,2.49023551904534
4.9111002725349,4.92861234905304,4.40247954372233,7.97774459112775,4.06703507048272,8.15288926993495,6.69819826321177,10.5713556214823,5.33566230197721,5.57801116828215,1.65904764437068,6.42408225629116,1.0213619778073,7.37559507336809,10.8212962184966,2.53649126251447,2.72111611708407,4.00911065455545,6.89653817783005,7.652437209265,6.5855339955029,3.26135322371581,0.577362090461247,1.97085266170189,0.0229242738287786,0,4.18318022020322,0.361979083944562,4.6251688616326,2.48772695425487
7.295780085042,7.44230211094023,7.43350686947017,9.73016665233643,7.88783743230047,10.2558609245596,5.40680034448049,11.913007381275,2.6179137137839,2.79710889508821,2.69685110669963,4.04311850247803,3.24754860711908,5.74447262023194,11.1662111781506,1.66719626334065,1.46882959050444,1.19752305995565,4.67657714830842,7.01414296947465,3.59534930002919,0.923619341933585,4.46861456611836,2.42299193205115,4.16366027116807,4.18318022020322,0,4.51974345543963,0.449338001997203,3.83666758321958
4.69221690578514,4.69536092857145,4.12152161870484,7.78009085055658,3.71316202452817,7.92202477561039,6.79333998500692,10.3910589633183,5.56914309626542,5.80996514342977,1.93859685735069,6.61051118250158,1.30906313699631,7.48696286266855,10.7259057117557,2.86353265213691,3.05328903990347,4.29598835101135,7.062562054958,7.67556966645087,6.81427104654332,3.59646857891828,0.387513053775277,2.3324982307339,0.375900168562374,0.361979083944562,4.51974345543963,0,4.95911437975348,2.76741089404746
7.58579981942771,7.74101251092248,7.77425128884233,9.93312748637835,8.28825376538695,10.4878276871603,5.35843301630038,12.056875280817,2.48667185179405,2.63697392120329,3.11403671632682,3.88515391386751,3.67901126437843,5.64046848550572,11.2116441649326,2.09932134150165,1.90585213875137,1.3199560434959,4.51993889098629,7.00543214964906,3.34826305912464,1.36385991882115,4.89886461273575,2.87083483458745,4.60542897976914,4.6251688616326,0.449338001997203,4.95911437975348,0,4.24846604289174
7.3779750622542,7.40644884722498,6.88550912721259,10.4103915340942,6.33921071355889,10.624717914471,8.17438784373802,12.9677819988834,6.01499449702779,6.24655140620279,2.87346597226813,7.36875826039499,2.60789343650068,8.73658088280192,13.0016587894549,2.84834066503086,2.87658075188571,4.37948575559667,7.95084375894382,9.4368756190151,7.20037921305058,3.17214046316995,3.06505165747588,1.76017397545174,2.49023551904534,2.48772695425487,3.83666758321958,2.76741089404746,4.24846604289174,0
