0,0.768205078190093,1.95795975456605,2.86605437072098,3.75075557138414,3.32942581874101,2.70625838151732,4.6199270200644,3.64655783761629,3.55593154351054,3.79404999761259,3.58362515664316,4.85028686195251,5.20961295618091,4.0580706558389,5.91268445014319,5.5992576888878,6.01752145980275,5.27935411211467,6.02741072079595,6.29058662263855,6.85230140538945,6.99445980454578,6.69140654015219,6.61495048592159,7.10823240088648,6.11523564327806,4.95085882376914,8.15058396946584,8.48639248637449
0.768205078190093,0,2.68474236925169,2.71684571393875,4.49070873553991,4.08606875526592,3.4684141234834,5.37183945883965,3.83171775497021,3.74321695118581,3.9429704614106,3.6875627820737,5.07471711025133,5.47107655869028,4.07161153513169,6.41527759949489,5.80753535778321,6.51196796488888,5.27346155689505,6.13124193156815,6.70224469230931,7.29606599767359,7.62535003025309,7.37704518760387,7.04245579377389,7.53587616393642,6.83712550032661,4.66183350471003,8.73118742895468,9.10999390889177
1.95795975456605,2.68474236925169,0,3.37373085318384,2.55812352000255,2.0052271433919,1.42045218163089,3.21885406341599,4.53990520057102,4.45716229110979,4.74381200863949,4.64738466030849,5.52402633995596,5.76255419756823,5.23784511448886,5.69833827481344,6.2527781145717,5.82415491868426,6.40694436520798,6.89156957841915,6.34835829916811,6.77655358938158,6.21038567211446,5.65206758172633,6.60398818489702,7.07034805968993,4.88315099488562,6.54783682403462,7.53170900641966,7.67945639144076
2.86605437072098,2.71684571393875,3.37373085318384,0,5.90797436894215,5.36757913303614,4.75208085397955,6.59095251266045,6.48463323055091,6.39443155644308,6.61601701641096,6.3786248204519,7.70591984262208,8.07332516177428,6.78608591244927,8.67016556555896,8.45166501713178,8.78308227121201,7.99026346972511,8.82971854945179,9.12273353624545,9.65943180883374,9.49419457641196,9.00510116916019,9.43546877998295,9.92625465725879,8.25623390403019,7.26241711599588,10.7565979619805,10.9816778994475
3.75075557138414,4.49070873553991,2.55812352000255,5.90797436894215,0,0.562920065101574,1.15660008256293,0.924385197415502,3.96216023968428,3.91491902989325,4.18492416846511,4.27081562030792,4.41808239348043,4.45944568547811,4.88421500350957,3.55080292414664,5.00098997256847,3.68368667937859,5.77767490066311,5.83145003201834,4.40004473551495,4.66500636145308,3.67654366626084,3.09791402621057,4.56533742049711,4.97297875006634,2.38918539862775,6.67172527141872,5.03366352641184,5.12967673077387
3.32942581874101,4.08606875526592,2.0052271433919,5.36757913303614,0.562920065101574,0,0.641253000755512,1.2958795275338,4.04979583264067,3.99221981005538,4.27489465879638,4.31931847370915,4.64899711005736,4.74037282877326,4.94339079367588,4.0332624576195,5.27809106454581,4.16555391144319,5.91802879775635,6.07381241300726,4.8409271016438,5.14692040615825,4.23942605942762,3.64688682257978,5.02940364944645,5.45335741757475,2.898068141846,6.6532771309546,5.59408620929793,5.69141828035449
2.70625838151732,3.4684141234834,1.42045218163089,4.75208085397955,1.15660008256293,0.641253000755512,0,1.93468814397932,3.8833645120539,3.81553866545696,4.10618529914689,4.10365500654702,4.63771043672484,4.78957196007634,4.72875060768571,4.37773277574079,5.31464645959673,4.50732997087756,5.78205596200998,6.05772297844365,5.10879681040069,5.47872337666672,4.78994471428244,4.25303935787247,5.3321520064795,5.78003896292874,3.53200226399635,6.33838922884684,6.11524225603096,6.26064362329796
4.6199270200644,5.37183945883965,3.21885406341599,6.59095251266045,0.924385197415502,1.2958795275338,1.93468814397932,0,4.75541338032118,4.71680477574134,4.97340965683464,5.08963394884477,5.06049116021884,5.03426296357993,5.68946695534042,3.73200776498609,5.57167215483067,3.8616018664886,6.50399392905526,6.43905616292098,4.67232135744315,4.81306023287674,3.33586279795988,2.55700635339687,4.77034982531204,5.11894707111556,1.68727130793487,7.52015656469484,4.74113061605548,4.68895629626397
3.64655783761629,3.83171775497021,4.53990520057102,6.48463323055091,3.96216023968428,4.04979583264067,3.8833645120539,4.75541338032118,0,0.0906370132829457,0.225108576624668,0.410284347489064,1.24897067054266,1.67224145939285,0.937336538528823,3.30061666692812,1.97587652720036,3.3445140079316,1.90203913009513,2.40312048028864,3.18385523020945,3.8464691722047,5.13216643886994,5.39507994429193,3.55337965529572,4.01912231357296,5.3699077711888,2.83361055632191,5.80230631371663,6.42406321375997
3.55593154351054,3.74321695118581,4.45716229110979,6.39443155644308,3.91491902989325,3.99221981005538,3.81553866545696,4.71680477574134,0.0906370132829457,0,0.292200328780632,0.40269242913028,1.33510594829262,1.75419064953636,0.97273173924846,3.34092524723176,2.06468990625648,3.38782712387267,1.97521539354573,2.49263858826673,3.24652085536921,3.90697520931925,5.1540703134192,5.39992537663698,3.61536142012433,4.08383027369595,5.35833167681483,2.85033489677443,5.84333969507612,6.45710004793695
3.79404999761259,3.9429704614106,4.74381200863949,6.61601701641096,4.18492416846511,4.27489465879638,4.10618529914689,4.97340965683464,0.225108576624668,0.292200328780632,0,0.323051279476214,1.18430453235786,1.63037042034477,0.729915873422018,3.39775643405843,1.87814524063294,3.43394702780408,1.68302772987674,2.23628519202707,3.21659520372581,3.88473506218209,5.26770251108094,5.56166040331181,3.5874045562414,4.04267849135983,5.56074120177893,2.64265544602271,5.8938976324711,6.53452833661953
3.58362515664316,3.6875627820737,4.64738466030849,6.3786248204519,4.27081562030792,4.31931847370915,4.10365500654702,5.08963394884477,0.410284347489064,0.40269242913028,0.323051279476214,0,1.49650070742771,1.94742169778836,0.626034991611981,3.69917981038796,2.16887171678008,3.73932861611734,1.76257042863572,2.45178370977006,3.53848124593938,4.2060517891546,5.54213380065996,5.80110566590094,3.90922210904161,4.36547818592264,5.75945044322987,2.45465204304447,6.19887697130584,6.82866386744155
4.85028686195251,5.07471711025133,5.52402633995596,7.70591984262208,4.41808239348043,4.64899711005736,4.63771043672484,5.06049116021884,1.24897067054266,1.33510594829262,1.18430453235786,1.49650070742771,0,0.460308453335242,1.53932104016843,2.58416592001087,0.75177006428943,2.58300321341461,1.58186624730587,1.42557033913246,2.16325236916563,2.83228062188753,4.58862186848328,5.07538962743469,2.52873811491013,2.94948365260091,5.27705555084936,3.27123418779995,4.99261702099882,5.70640115941053
5.20961295618091,5.47107655869028,5.76255419756823,8.07332516177428,4.45944568547811,4.74037282877326,4.78957196007634,5.03426296357993,1.67224145939285,1.75419064953636,1.63037042034477,1.94742169778836,0.460308453335242,0,1.99368516775871,2.24352259500691,0.54165217983718,2.22580288661893,1.87534093412229,1.41347163114831,1.72787119103026,2.39197895366138,4.26979878755168,4.82545615982451,2.08829925502865,2.49725211555927,5.10333310371052,3.6703933946036,4.59068409118067,5.32589567312095
4.0580706558389,4.07161153513169,5.23784511448886,6.78608591244927,4.88421500350957,4.94339079367588,4.72875060768571,5.68946695534042,0.937336538528823,0.97273173924846,0.729915873422018,0.626034991611981,1.53932104016843,1.99368516775871,0,4.00727833685051,2.05505072893741,4.02903805034837,1.22138706841293,2.10372849173378,3.69705133676577,4.36774754273212,5.93282046143494,6.26837293676801,4.06469360072539,4.48874525406656,6.28786869735505,1.92058731475582,6.47816383443403,7.15349262211511
5.91268445014319,6.41527759949489,5.69833827481344,8.67016556555896,3.55080292414664,4.0332624576195,4.37773277574079,3.73200776498609,3.30061666692812,3.34092524723176,3.39775643405843,3.69917981038796,2.58416592001087,2.24352259500691,4.00727833685051,0,2.61961052967631,0.132914071010607,4.11858015528039,3.48673935037535,0.990429429231392,1.11459411168653,2.02997431554356,2.69202060278284,1.03835595822911,1.4222556976895,3.19022509122507,5.84496606185377,2.50246753559239,3.14621587006691
5.5992576888878,5.80753535778321,6.2527781145717,8.45166501713178,5.00098997256847,5.27809106454581,5.31464645959673,5.57167215483067,1.97587652720036,2.06468990625648,1.87814524063294,2.16887171678008,0.75177006428943,0.54165217983718,2.05505072893741,2.61961052967631,0,2.58036129842458,1.60129900856881,0.900253151175143,1.93491636156654,2.5565309495427,4.64613732665932,5.26542097988725,2.26161802871306,2.59919367983907,5.59253852112745,3.51165858712885,4.83343878725316,5.60631545261797
6.01752145980275,6.51196796488888,5.82415491868426,8.78308227121201,3.68368667937859,4.16555391144319,4.50732997087756,3.8616018664886,3.3445140079316,3.38782712387267,3.43394702780408,3.73932861611734,2.58300321341461,2.22580288661893,4.02903805034837,0.132914071010607,2.58036129842458,0,4.10050604963632,3.43664243091192,0.882816038713064,0.981884821636549,2.06642434880046,2.76797196206188,0.909176508947762,1.28942784512125,3.29339057166739,5.85082208713943,2.45997230758803,3.12918649867676
5.27935411211467,5.27346155689505,6.40694436520798,7.99026346972511,5.77767490066311,5.91802879775635,5.78205596200998,6.50399392905526,1.90203913009513,1.97521539354573,1.68302772987674,1.76257042863572,1.58186624730587,1.87534093412229,1.22138706841293,4.11858015528039,1.60129900856881,4.10050604963632,0,1.14223349095325,3.5281474705255,4.15760107685277,6.14254355442796,6.65675817597918,3.86165995957155,4.1958298330793,6.84411167896002,1.95014950226913,6.42525977612102,7.18369249856461
6.02741072079595,6.13124193156815,6.89156957841915,8.82971854945179,5.83145003201834,6.07381241300726,6.05772297844365,6.43905616292098,2.40312048028864,2.49263858826673,2.23628519202707,2.45178370977006,1.42557033913246,1.41347163114831,2.10372849173378,3.48673935037535,0.900253151175143,3.43664243091192,1.14223349095325,0,2.71305680296806,3.27403712639263,5.50076378386166,6.15307674085367,2.99860960382704,3.25495343175599,6.4927404062229,3.06428122073964,5.57943149491233,6.38111836020721
6.29058662263855,6.70224469230931,6.34835829916811,9.12273353624545,4.40004473551495,4.8409271016438,5.10879681040069,4.67232135744315,3.18385523020945,3.24652085536921,3.21659520372581,3.53848124593938,2.16325236916563,1.72787119103026,3.69705133676577,0.990429429231392,1.93491636156654,0.882816038713064,3.5281474705255,2.71305680296806,0,0.671426436986508,2.84211642763793,3.62600002845379,0.370881265557513,0.844097196096897,4.17620639459153,5.39012024330727,2.89868888726677,3.67678474226154
6.85230140538945,7.29606599767359,6.77655358938158,9.65943180883374,4.66500636145308,5.14692040615825,5.47872337666672,4.81306023287674,3.8464691722047,3.90697520931925,3.88473506218209,4.2060517891546,2.83228062188753,2.39197895366138,4.36774754273212,1.11459411168653,2.5565309495427,0.981884821636549,4.15760107685277,3.27403712639263,0.671426436986508,0,2.49740629810553,3.39914063859065,0.303735426792144,0.308477428149927,4.07875012712164,6.04233395458647,2.30605094887116,3.12040213894691
6.99445980454578,7.62535003025309,6.21038567211446,9.49419457641196,3.67654366626084,4.23942605942762,4.78994471428244,3.33586279795988,5.13216643886994,5.1540703134192,5.26770251108094,5.54213380065996,4.58862186848328,4.26979878755168,5.93282046143494,2.02997431554356,4.64613732665932,2.06642434880046,6.14254355442796,5.50076378386166,2.84211642763793,2.49740629810553,0,1.03446058882439,2.66506162212244,2.71283350644997,1.95597438026369,7.81639205844975,1.4076709430465,1.49467225419739
6.69140654015219,7.37704518760387,5.65206758172633,9.00510116916019,3.09791402621057,3.64688682257978,4.25303935787247,2.55700635339687,5.39507994429193,5.39992537663698,5.56166040331181,5.80110566590094,5.07538962743469,4.82545615982451,6.26837293676801,2.69202060278284,5.26542097988725,2.76797196206188,6.65675817597918,6.15307674085367,3.62600002845379,3.39914063859065,1.03446058882439,0,3.51781406596072,3.64653962925976,0.976134761523931,8.1858100782985,2.35589178498685,2.14684034472299
6.61495048592159,7.04245579377389,6.60398818489702,9.43546877998295,4.56533742049711,5.02940364944645,5.3321520064795,4.77034982531204,3.55337965529572,3.61536142012433,3.5874045562414,3.90922210904161,2.52873811491013,2.08829925502865,4.06469360072539,1.03835595822911,2.26161802871306,0.909176508947762,3.86165995957155,2.99860960382704,0.370881265557513,0.303735426792144,2.66506162212244,3.51781406596072,0,0.49385713130484,4.14160807609809,5.74084799649292,2.58336048888989,3.38389685311742
7.10823240088648,7.53587616393642,7.07034805968993,9.92625465725879,4.97297875006634,5.45335741757475,5.78003896292874,5.11894707111556,4.01912231357296,4.08383027369595,4.04267849135983,4.36547818592264,2.94948365260091,2.49725211555927,4.48874525406656,1.4222556976895,2.59919367983907,1.28942784512125,4.1958298330793,3.25495343175599,0.844097196096897,0.308477428149927,2.71283350644997,3.64653962925976,0.49385713130484,0,4.35492101742205,6.10735428449645,2.36892186435911,3.20721796343131
6.11523564327806,6.83712550032661,4.88315099488562,8.25623390403019,2.38918539862775,2.898068141846,3.53200226399635,1.68727130793487,5.3699077711888,5.35833167681483,5.56074120177893,5.75945044322987,5.27705555084936,5.10333310371052,6.28786869735505,3.19022509122507,5.59253852112745,3.29339057166739,6.84411167896002,6.4927404062229,4.17620639459153,4.07875012712164,1.95597438026369,0.976134761523931,4.14160807609809,4.35492101742205,0,8.20248107392645,3.32369673737381,3.10739176260185
4.95085882376914,4.66183350471003,6.54783682403462,7.26241711599588,6.67172527141872,6.6532771309546,6.33838922884684,7.52015656469484,2.83361055632191,2.85033489677443,2.64265544602271,2.45465204304447,3.27123418779995,3.6703933946036,1.92058731475582,5.84496606185377,3.51165858712885,5.85082208713943,1.95014950226913,3.06428122073964,5.39012024330727,6.04233395458647,7.81639205844975,8.1858100782985,5.74084799649292,6.10735428449645,8.20248107392645,0,8.25911845672612,8.97725054866002
8.15058396946584,8.73118742895468,7.53170900641966,10.7565979619805,5.03366352641184,5.59408620929793,6.11524225603096,4.74113061605548,5.80230631371663,5.84333969507612,5.8938976324711,6.19887697130584,4.99261702099882,4.59068409118067,6.47816383443403,2.50246753559239,4.83343878725316,2.45997230758803,6.42525977612102,5.57943149491233,2.89868888726677,2.30605094887116,1.4076709430465,2.35589178498685,2.58336048888989,2.36892186435911,3.32369673737381,8.25911845672612,0,0.855700444323917
8.48639248637449,9.10999390889177,7.67945639144076,10.9816778994475,5.12967673077387,5.69141828035449,6.26064362329796,4.68895629626397,6.42406321375997,6.45710004793695,6.53452833661953,6.82866386744155,5.70640115941053,5.32589567312095,7.15349262211511,3.14621587006691,5.60631545261797,3.12918649867676,7.18369249856461,6.38111836020721,3.67678474226154,3.12040213894691,1.49467225419739,2.14684034472299,3.38389685311742,3.20721796343131,3.10739176260185,8.97725054866002,0.855700444323917,0
