1.71043299682552,0.807202429852618,1.03068030085451,1.00491913649196,0.982645623665241,1.15397105091389,1.90016029124607e-05,1.60344811009359,0.00131443995962899,0.00124406929413912,0.019490951577354,0.0571619444800913,0.0224298326378101,0.0441793487388438,0.00943738026160457,0.0861016013440437,0.0342762372397236,0.0240923679868792,0.015583321151631,0.082071372366312,0.634250188983695,1.04013964037507,0.670161327936056,0.203475406777758,0.0371702042965216,0.623835874018642,0.468746027536916,0.928249325618655,0.179206644439742,0.555229114546975
0.807202429852618,1.58350599410303,0.294741681870495,1.38681182085024,1.40861773141112,1.45801532188527,0.283713268404421,0.710098705963662,0.327440732816795,0.333788168625464,0.169731267349843,0.58760473983851,0.470314964753612,0.114448573289649,0.213962349647895,0.660885078286185,0.138046296699362,0.490732783041197,0.448952895717914,0.0686839719148646,1.39223504444469,1.56987723421046,1.41417178763381,0.0162922476090577,0.55927055832268,0.0948724215971575,1.24479835017977,1.54884717953451,0.0128937348511564,1.32195260836482
1.03068030085451,0.294741681870495,1.9466749679509,0.436064578691062,0.419391094651564,0.519183635803567,0.237674250405292,1.61829672099129,0.201188677439462,0.208481587766385,0.39625223026975,0.0650427142134995,0.118841149263095,0.480413657124965,0.357426096581788,0.0390758755114731,0.458794730589927,0.123595779506495,0.143107460665431,0.586089294399693,0.117697493619561,0.419377637168919,0.131205686310483,0.894400438104322,0.110907781624115,1.39842571722291,0.0387245926394186,0.296615418969146,0.783708282297255,0.0697784638475802
1.00491913649196,1.38681182085024,0.436064578691062,1.60481488793601,1.58092151962031,1.60188094782812,0.165020254345156,0.918453495521735,0.199323086113727,0.203122518192476,0.0790902018531532,0.416931487055733,0.315462508688113,0.0431120478880396,0.109250856848085,0.48260580508437,0.0572645622380388,0.330605742929807,0.295811076509677,0.0171169489535372,1.23300619578624,1.57387832592534,1.26453077314144,0.000138178840344061,0.386844100804095,0.181963830333857,1.06470945848889,1.46246172224558,0.000253122983396192,1.1550605002592
0.982645623665241,1.40861773141112,0.419391094651564,1.58092151962031,1.60293160530958,1.59432632416602,0.176680529344053,0.895022500363993,0.212072495063596,0.216136050860762,0.087478958501507,0.434769397046211,0.331344701158894,0.049340433765888,0.119195381595538,0.501429468060825,0.0645101183912131,0.347090434415172,0.311454232171765,0.0211285882605807,1.25267624939816,1.5820696382322,1.28333930777915,1.31431226666479e-05,0.404828688200459,0.171090077960016,1.08592360453898,1.47555237594663,2.68723918495084e-06,1.17524792686965
1.15397105091389,1.45801532188527,0.519183635803567,1.60188094782812,1.59432632416602,2.02884504131238,0.173581924186337,1.12168064207452,0.212023826256707,0.21701113751598,0.0793977512369817,0.463165181145463,0.345385158677249,0.0408219017221949,0.11281844479901,0.539597188118169,0.0559381007599433,0.365267499990177,0.324264867735271,0.0142187857401064,1.47830839357067,1.91360475014489,1.52860577270957,0.00127105382506132,0.4356562622964,0.221702706715705,1.27359460843233,1.79917606476336,0.00144687425803447,1.3938062689944
1.90016029124607e-05,0.283713268404421,0.237674250405292,0.165020254345156,0.176680529344053,0.173581924186337,3.06105696626721,0.0447447739238287,2.97288640902954,3.02248189088056,2.75782329985428,2.57323730871885,2.78786809066189,2.46882843187456,2.95472772972902,2.4153981794241,2.66314660486828,2.86216622689549,2.90318647241984,2.2191478659997,1.17859375223368,0.293135945644032,1.21468236602357,2.08310015539173,2.8757441252486,0.532393142490027,1.69087833004077,0.778784678696652,1.67893868080149,1.56114494224747
1.60344811009359,0.710098705963662,1.61829672099129,0.918453495521735,0.895022500363993,1.12168064207452,0.0447447739238287,2.92707057599078,0.0273502716374887,0.02899277898941,0.139086528558348,0.00448983186048668,0.00143896197837901,0.202872976617605,0.109258329620309,0.0174395726787897,0.183198626668189,0.00136461603016924,0.00505558602487755,0.288073800864478,0.571319855109448,1.01069611008212,0.624008673274194,0.566205338408715,1.38064064181265e-07,1.07081456900021,0.380036493533122,0.968623906260135,0.465463978685574,0.487050512043752
0.00131443995962899,0.327440732816795,0.201188677439462,0.199323086113727,0.212072495063596,0.212023826256707,2.97288640902954,0.0273502716374887,3.13520971555311,3.13513051904415,2.67789842374303,2.73517334510903,2.94910184614462,2.38096855400718,2.91688368195578,2.57478640531484,2.58303898718857,3.01157940901433,3.05000739767444,2.13108093690275,1.3028381321798,0.344720107678334,1.34450747810307,1.99691499581051,3.01420164455774,0.482157689556582,1.84272606262253,0.882498302491401,1.59672306742234,1.70991107839179
0.00124406929413912,0.333788168625464,0.208481587766385,0.203122518192476,0.216136050860762,0.21701113751598,3.02248189088056,0.02899277898941,3.13513051904415,3.39590856526126,2.79495519650877,2.88179315585221,3.11829046691701,2.46994128155644,3.09905682104291,2.70442925417298,2.7043233086313,3.22838906007594,3.27064752499218,2.21020299258785,1.36648147982732,0.354062949490979,1.41604321117071,2.10517476668919,3.24890728265562,0.49662142917429,1.95494726977542,0.92504971684422,1.64946649964675,1.81510798796152
0.019490951577354,0.169731267349843,0.39625223026975,0.0790902018531532,0.087478958501507,0.0793977512369817,2.75782329985428,0.139086528558348,2.67789842374303,2.79495519650877,3.2959945244278,2.28631325832076,2.51799795536846,2.94011100226749,3.25162328816303,2.11877503337081,3.20108408803377,2.65251580763699,2.69219398590774,2.67577493206953,0.900005619181055,0.163885378148008,0.928941127254139,2.60615512786062,2.73441263807061,0.743079875626699,1.38766746317662,0.536781049923113,2.06105404212283,1.25832005904844
0.0571619444800913,0.58760473983851,0.0650427142134995,0.416931487055733,0.434769397046211,0.463165181145463,2.57323730871885,0.00448983186048668,2.73517334510903,2.88179315585221,2.28631325832076,3.74825411111257,3.37183895782635,1.98101304420662,2.59884964694088,3.54980483789879,2.19320197151426,3.5868683546764,3.43544744712128,1.73410294120929,2.08154194848297,0.669263949220018,2.1677079631804,1.59870914911795,3.71776779982805,0.270535584009443,2.80479613948106,1.54755155417214,1.22941711180989,2.65594243064267
0.0224298326378101,0.470314964753612,0.118841149263095,0.315462508688113,0.331344701158894,0.345385158677249,2.78786809066189,0.00143896197837901,2.94910184614462,3.11829046691701,2.51799795536846,3.37183895782635,3.61387122657878,2.20100455095555,2.8408428168864,3.18248015918086,2.42674792796402,3.61379595356761,3.59088858905322,1.94681699472554,1.75743779821159,0.521123330907751,1.82747485377312,1.82820546651319,3.60507907183724,0.363502289261484,2.43000584405889,1.26013356812185,1.41393676877481,2.28326735656634
0.0441793487388438,0.114448573289649,0.480413657124965,0.0431120478880396,0.049340433765888,0.0408219017221949,2.46882843187456,0.202872976617605,2.38096855400718,2.46994128155644,2.94011100226749,1.98101304420662,2.20100455095555,3.07636574862883,2.90656280759918,1.82608966882818,3.05465441517046,2.31178115146747,2.35326730492977,2.81053312030618,0.706049198166463,0.102890190165604,0.724886675003425,2.68488775448245,2.3803671061942,0.841952185695263,1.12521569474843,0.390212954771832,2.19477599648906,1.00638123752336
0.00943738026160457,0.213962349647895,0.357426096581788,0.109250856848085,0.119195381595538,0.11281844479901,2.95472772972902,0.109258329620309,2.91688368195578,3.09905682104291,3.25162328816303,2.59884964694088,2.8408428168864,2.90656280759918,3.74099914683465,2.41381245477109,3.23342468699758,3.04092425034279,3.06982146182252,2.6516549505979,1.08453949440027,0.215289500823623,1.12754369680016,2.67169462378368,3.17912578707813,0.700094886860288,1.66115862582517,0.672841295232783,2.02527544668665,1.51930526232903
0.0861016013440437,0.660885078286185,0.0390758755114731,0.48260580508437,0.501429468060825,0.539597188118169,2.4153981794241,0.0174395726787897,2.57478640531484,2.70442925417298,2.11877503337081,3.54980483789879,3.18248015918086,1.82608966882818,2.41381245477109,3.73214411504808,2.02434697959804,3.40187653740386,3.2373360060229,1.58697270872592,2.25810270210459,0.762485259810946,2.34846779341248,1.43753042399375,3.62052732679509,0.216954039285265,2.97881907447572,1.71205539679052,1.10715181874769,2.83293041488602
0.0342762372397236,0.138046296699362,0.458794730589927,0.0572645622380388,0.0645101183912131,0.0559381007599433,2.66314660486828,0.183198626668189,2.58303898718857,2.7043233086313,3.20108408803377,2.19320197151426,2.42674792796402,3.05465441517046,3.23342468699758,2.02434697959804,3.41056346452619,2.5731091307125,2.61074788641783,2.82358293692114,0.815725613160208,0.128927366963645,0.842203900509634,2.81015516504204,2.67676927026893,0.820635599908673,1.29297688390898,0.465848536456584,2.19107623467726,1.16423723942521
0.0240923679868792,0.490732783041197,0.123595779506495,0.330605742929807,0.347090434415172,0.365267499990177,2.86216622689549,0.00136461603016924,3.01157940901433,3.22838906007594,2.65251580763699,3.5868683546764,3.61379595356761,2.31178115146747,3.04092425034279,3.40187653740386,2.5731091307125,4.21843634221718,3.9372251016846,2.04846937451141,1.92844699084039,0.552498385588598,2.02536459233902,1.97790396428102,4.20548966830625,0.37779070239802,2.73411247658699,1.38640205910098,1.48217065904381,2.57444071713194
0.015583321151631,0.448952895717914,0.143107460665431,0.295811076509677,0.311454232171765,0.324264867735271,2.90318647241984,0.00505558602487755,3.05000739767444,3.27064752499218,2.69219398590774,3.43544744712128,3.59088858905322,2.35326730492977,3.06982146182252,3.2373360060229,2.61074788641783,3.9372251016846,3.97962898845382,2.0903464513307,1.77354231244409,0.49829002527243,1.85539871727175,2.01314377788512,3.94022086259056,0.406459765764766,2.51472594700788,1.25745892449289,1.5242644965505,2.35984381825813
0.082071372366312,0.0686839719148646,0.586089294399693,0.0171169489535372,0.0211285882605807,0.0142187857401064,2.2191478659997,0.288073800864478,2.13108093690275,2.21020299258785,2.67577493206953,1.73410294120929,1.94681699472554,2.81053312030618,2.6516549505979,1.58697270872592,2.82358293692114,2.04846937451141,2.0903464513307,3.00360269003436,0.544971748772138,0.0550740727584453,0.557044748146557,2.82330309072169,2.11473686883092,0.963706662810585,0.912774419400862,0.270673558399904,2.36952723397689,0.802456890803684
0.634250188983695,1.39223504444469,0.117697493619561,1.23300619578624,1.25267624939816,1.47830839357067,1.17859375223368,0.571319855109448,1.3028381321798,1.36648147982732,0.900005619181055,2.08154194848297,1.75743779821159,0.706049198166463,1.08453949440027,2.25810270210459,0.815725613160208,1.92844699084039,1.77354231244409,0.544971748772138,4.68252665034311,1.85569796871749,4.67947539434411,0.37335904319285,2.33316911176361,0.00226198285041379,4.42217044672047,4.01485138677478,0.277790772097752,4.59786771885755
1.04013964037507,1.56987723421046,0.419377637168919,1.57387832592534,1.5820696382322,1.91360475014489,0.293135945644032,1.01069611008212,0.344720107678334,0.354062949490979,0.163885378148008,0.669263949220018,0.521123330907751,0.102890190165604,0.215289500823623,0.762485259810946,0.128927366963645,0.552498385588598,0.49829002527243,0.0550740727584453,1.85569796871749,2.29806411679306,1.91093884550037,0.00665462126662497,0.651545164076192,0.151029036299913,1.63945590019114,2.17472693517576,0.00472109817049171,1.77110310658439
0.670161327936056,1.41417178763381,0.131205686310483,1.26453077314144,1.28333930777915,1.52860577270957,1.21468236602357,0.624008673274194,1.34450747810307,1.41604321117071,0.928941127254139,2.1677079631804,1.82747485377312,0.724886675003425,1.12754369680016,2.34846779341248,0.842203900509634,2.02536459233902,1.85539871727175,0.557044748146557,4.67947539434411,1.91093884550037,5.50262703089623,0.382586972832268,2.50252891785666,0.00360695976731717,5.00816968361733,4.39774044756286,0.279231687466046,5.32453101155714
0.203475406777758,0.0162922476090577,0.894400438104322,0.000138178840344061,1.31431226666479e-05,0.00127105382506132,2.08310015539173,0.566205338408715,1.99691499581051,2.10517476668919,2.60615512786062,1.59870914911795,1.82820546651319,2.68488775448245,2.67169462378368,1.43753042399375,2.81015516504204,1.97790396428102,2.01314377788512,2.82330309072169,0.37335904319285,0.00665462126662497,0.382586972832268,4.14968916578677,2.12649271699678,1.28948171574907,0.737128201605942,0.133728800256113,2.62539349118609,0.62350190804523
0.0371702042965216,0.55927055832268,0.110907781624115,0.386844100804095,0.404828688200459,0.4356562622964,2.8757441252486,1.38064064181265e-07,3.01420164455774,3.24890728265562,2.73441263807061,3.71776779982805,3.60507907183724,2.3803671061942,3.17912578707813,3.62052732679509,2.67676927026893,4.20548966830625,3.94022086259056,2.11473686883092,2.33316911176361,0.651545164076192,2.50252891785666,2.12649271699678,5.6251694712474,0.367218376025337,3.44451941591176,1.71442207871661,1.51839794498283,3.27531723594574
0.623835874018642,0.0948724215971575,1.39842571722291,0.181963830333857,0.171090077960016,0.221702706715705,0.532393142490027,1.07081456900021,0.482157689556582,0.49662142917429,0.743079875626699,0.270535584009443,0.363502289261484,0.841952185695263,0.700094886860288,0.216954039285265,0.820635599908673,0.37779070239802,0.406459765764766,0.963706662810585,0.00226198285041379,0.151029036299913,0.00360695976731717,1.28948171574907,0.367218376025337,1.79631873564924,0.0116864692824743,0.0602169110517181,1.17630174002854,0.00204573882316339
0.468746027536916,1.24479835017977,0.0387245926394186,1.06470945848889,1.08592360453898,1.27359460843233,1.69087833004077,0.380036493533122,1.84272606262253,1.95494726977542,1.38766746317662,2.80479613948106,2.43000584405889,1.12521569474843,1.66115862582517,2.97881907447572,1.29297688390898,2.73411247658699,2.51472594700788,0.912774419400862,4.42217044672047,1.63945590019114,5.00816968361733,0.737128201605942,3.44451941591176,0.0116864692824743,6.4669170264359,3.90382409193925,0.529261730923202,6.29720333099872
0.928249325618655,1.54884717953451,0.296615418969146,1.46246172224558,1.47555237594663,1.79917606476336,0.778784678696652,0.968623906260135,0.882498302491401,0.92504971684422,0.536781049923113,1.54755155417214,1.26013356812185,0.390212954771832,0.672841295232783,1.71205539679052,0.465848536456584,1.38640205910098,1.25745892449289,0.270673558399904,4.01485138677478,2.17472693517576,4.39774044756286,0.133728800256113,1.71442207871661,0.0602169110517181,3.90382409193925,5.05441421342347,0.0971527591989063,4.26403640245313
0.179206644439742,0.0128937348511564,0.783708282297255,0.000253122983396192,2.68723918495084e-06,0.00144687425803447,1.67893868080149,0.465463978685574,1.59672306742234,1.64946649964675,2.06105404212283,1.22941711180989,1.41393676877481,2.19477599648906,2.02527544668665,1.10715181874769,2.19107623467726,1.48217065904381,1.5242644965505,2.36952723397689,0.277790772097752,0.00472109817049171,0.279231687466046,2.62539349118609,1.51839794498283,1.17630174002854,0.529261730923202,0.0971527591989063,2.62557322922021,0.443461970802755
0.555229114546975,1.32195260836482,0.0697784638475802,1.1550605002592,1.17524792686965,1.3938062689944,1.56114494224747,0.487050512043752,1.70991107839179,1.81510798796152,1.25832005904844,2.65594243064267,2.28326735656634,1.00638123752336,1.51930526232903,2.83293041488602,1.16423723942521,2.57444071713194,2.35984381825813,0.802456890803684,4.59786771885755,1.77110310658439,5.32453101155714,0.62350190804523,3.27531723594574,0.00204573882316339,6.29720333099872,4.26403640245313,0.443461970802755,7.06527593700553
