1.32977372183323,1.3164408502306,1.32451569371835,1.32739781804067,0.999858892241768,0.353321185478938,0.359781095823398,0.18282136866448,0.00103109873134333,0.00988303425671644,0.462058925272984,0.306198776704723,0.699489608702261,0.0684699233718979,0.231790701704205,0.879700500666023,0.8972444732117,0.0369544027102466,0.0722185721511317,1.25495523422725,0.666727284361841,0.67759754851826,0.683781942945239,1.29650554943556,0.807846604970593,0.728435291379543,0.675745730648892,0.932540597301221,1.28430731097758,1.12335438744253
1.3164408502306,1.56352738637884,1.56351033312054,1.56285604208624,1.03544440443566,0.44724218727179,0.455816012039676,0.170273735030325,4.36472158500401e-05,0.00413711442836329,0.462820625125155,0.299421403393813,0.726687077536894,0.0557625288762122,0.306955198610295,1.07441265760293,1.09492356796899,0.0613013368331812,0.108236077744664,1.50032982043144,0.826477558978781,0.839276098049735,0.849328448746884,1.54303526458654,0.995434413754697,0.903659019403221,0.842236543812313,1.14179519615854,1.53111048904146,1.35935958446435
1.32451569371835,1.56351033312054,2.36673825557102,2.32140478431449,1.19341016092324,0.592838589179681,0.607182312639855,0.21297519850422,9.46696066610464e-05,0.0050403518953952,0.572610742550594,0.381567919802093,0.928975708510717,0.0726096503644786,0.419887673958484,1.51513983755569,1.54678251763582,0.0840583706674094,0.148364062886504,2.16908019683293,1.15579260499383,1.17447836303702,1.20291185233387,2.31140901119686,1.42478259410082,1.29325300477698,1.20427750157823,1.6592752407454,2.30465569791924,2.01002675153316
1.32739781804067,1.56285604208624,2.32140478431449,2.34502882541414,1.21186853298383,0.56623920984656,0.579999673336645,0.225822213432085,3.99439096190335e-05,0.00756743253032655,0.590871957035814,0.398341849287864,0.951041662797156,0.081471154771692,0.396021223354943,1.47190103428994,1.50324477089233,0.0738152130457994,0.134452076745017,2.12378758416301,1.11649787948312,1.13491489481902,1.1623320636803,2.27286047532536,1.38151334770534,1.2511584807622,1.16317843518965,1.61419782739144,2.26924115496127,1.96579036729936
0.999858892241768,1.03544440443566,1.19341016092324,1.21186853298383,1.5429097183628,0.110829069084968,0.114042993870855,0.522259335235205,0.112742443867748,0.166003283132053,0.921901539386039,0.725885578354603,1.23398349672142,0.337991791935124,0.0381391714200223,0.551765993394196,0.57051395366335,0.0145175033566391,0.00155596895788879,1.02703112300446,0.344265224617659,0.354011493648498,0.358520185466179,1.14007643610052,0.478125686803304,0.399692079933587,0.350295808399632,0.613717689561185,1.14567004341272,0.859777043999978
0.353321185478938,0.44724218727179,0.592838589179681,0.56623920984656,0.110829069084968,3.34041529871106,3.33987659557549,0.312467213002894,1.23998992265374,1.09792248144081,0.0354272254027923,0.179149551944139,9.505835964152e-06,0.811596998860181,3.1389314905048,2.27098720800339,2.22576483502638,2.23466511107683,2.50255715360996,0.920406572030181,2.89921185144046,2.87303319486912,2.95485726229488,0.872465107288003,2.68581373101299,2.91602775140509,3.03852696974706,2.42868006633615,1.14788789971454,1.86267808475341
0.359781095823398,0.455816012039676,0.607182312639855,0.579999673336645,0.114042993870855,3.33987659557549,3.48608106815962,0.314512328029016,1.25776947280024,1.11413639586749,0.0348889479519263,0.179856826217626,3.9012639940772e-05,0.824813906030093,3.25227418286663,2.3431151940493,2.29616646553306,2.29297068883736,2.57380229292188,0.942979190983194,3.00823623407589,2.98030168700094,3.07342798533012,0.8963338232863,2.78904433416722,3.03513881462157,3.16617080253377,2.52140971253934,1.18600344446613,1.9300509290738
0.18282136866448,0.170273735030325,0.21297519850422,0.225822213432085,0.522259335235205,0.312467213002894,0.314512328029016,2.40904573510219,1.55035332800683,1.74334379186632,1.5383985675649,2.19979907393696,1.31828861506223,2.19020239561573,0.593876653054707,0.00943782127898318,0.00646538816779074,1.21580730287698,1.05085367592295,0.108322031171807,0.0971669418615515,0.090737246906142,0.0987604765987773,0.161834719010804,0.0385211732887503,0.0802627583986428,0.115277698559025,0.00619241324890929,0.151050761285823,0.0188213408125462
0.00103109873134333,4.36472158500401e-05,9.46696066610464e-05,3.99439096190335e-05,0.112742443867748,1.23998992265374,1.25776947280024,1.55035332800683,3.07633940891251,2.92289044629811,0.791569796990544,1.34377946596992,0.572054061960495,2.61393326102946,1.85976418740577,0.459341709681388,0.435914240696786,2.7370785439274,2.54218554257641,0.0296465256936647,0.830125003654871,0.810551577503083,0.863151320506013,0.0123778345599792,0.656960923084844,0.82464436653267,0.938304389349232,0.485399017468023,0.0296616963507788,0.216186748190302
0.00988303425671644,0.00413711442836329,0.0050403518953952,0.00756743253032655,0.166003283132053,1.09792248144081,1.11413639586749,1.74334379186632,2.92289044629811,3.23235107572419,0.933914039566508,1.54772022913662,0.707609253209698,2.92339255606097,1.70802571238104,0.355915338802172,0.334847350771451,2.64998460238435,2.42905174160234,0.0080816052808248,0.697377269948765,0.67890244461652,0.726379019011779,0.000626051300986141,0.53233620771397,0.688378762193226,0.796129893187432,0.373866415751083,0.00619658451597171,0.139921455753673
0.462058925272984,0.462820625125155,0.572610742550594,0.590871957035814,0.921901539386039,0.0354272254027923,0.0348889479519263,1.5383985675649,0.791569796990544,0.933914039566508,2.07559757886587,1.86457369303768,1.84790731862783,1.32320491161,0.138891148262854,0.0752791502804677,0.0841720516455533,0.506761898289894,0.396039042771276,0.415810609254245,0.00588532175501122,0.00751824266579426,0.00683385976017448,0.519110344313777,0.0384833204125701,0.0139309492123463,0.00440051929918894,0.0966650686272148,0.52928318644916,0.258840830403106
0.306198776704723,0.299421403393813,0.381567919802093,0.398341849287864,0.725885578354603,0.179149551944139,0.179856826217626,2.19979907393696,1.34377946596992,1.54772022913662,1.86457369303768,2.73039056855734,1.70947621447624,2.10812354611013,0.410749094203073,0.00452855114538941,0.00717206013915872,1.00744219819427,0.841904275732329,0.240340285340292,0.023676907207721,0.0204173473640568,0.0233918460496731,0.326342279196409,0.000810643458587279,0.0138801661244603,0.0310603892001966,0.00934806612769812,0.328682813207221,0.10260905758802
0.699489608702261,0.726687077536894,0.928975708510717,0.951041662797156,1.23398349672142,9.505835964152e-06,3.9012639940772e-05,1.31828861506223,0.572054061960495,0.707609253209698,1.84790731862783,1.70947621447624,2.49169953912016,1.11275374684375,0.0331496107138505,0.250481971657552,0.267193565688725,0.305497910095542,0.212428771110714,0.740893832816474,0.0884020362345646,0.0947549192179737,0.0954015375219108,0.896871384388456,0.184265452960061,0.122442699747308,0.0879291445290002,0.305225552368107,0.949451945835204,0.573090416349452
0.0684699233718979,0.0557625288762122,0.0726096503644786,0.081471154771692,0.337991791935124,0.811596998860181,0.824813906030093,2.19020239561573,2.61393326102946,2.92339255606097,1.32320491161,2.10812354611013,1.11275374684375,3.9951915941046,1.40284803572779,0.163840077499145,0.14860973965986,2.4596409499001,2.19716622465034,0.0123991567329997,0.435493426788444,0.41962322720746,0.456054653768622,0.0352749312889933,0.291802270080574,0.420028551018779,0.513643254970333,0.167090893958307,0.0237268488533804,0.0233177544354106
0.231790701704205,0.306955198610295,0.419887673958484,0.396021223354943,0.0381391714200223,3.1389314905048,3.25227418286663,0.593876653054707,1.85976418740577,1.70802571238104,0.138891148262854,0.410749094203073,0.0331496107138505,1.40284803572779,4.79755510205883,2.1845042872468,2.13181604385201,3.44319901825289,3.84272537251519,0.723897541246617,3.03661771590984,2.99784427200577,3.22340557926077,0.674405561989956,2.8208119128616,3.22259774069863,3.46663934711499,2.49285853951358,0.952955523253904,1.76780823252305
0.879700500666023,1.07441265760293,1.51513983755569,1.47190103428994,0.551765993394196,2.27098720800339,2.3431151940493,0.00943782127898318,0.459341709681388,0.355915338802172,0.0752791502804677,0.00452855114538941,0.250481971657552,0.163840077499145,2.1845042872468,4.30005776776734,4.24061643965187,1.17693813092394,1.43321150079052,2.06912706708006,3.74384675186479,3.77777083270709,3.90369884283165,2.12775532971719,4.20966166342393,4.06100821304759,3.94238896554784,4.29519432417891,2.82603581288959,3.88175838723971
0.8972444732117,1.09492356796899,1.54678251763582,1.50324477089233,0.57051395366335,2.22576483502638,2.29616646553306,0.00646538816779074,0.435914240696786,0.334847350771451,0.0841720516455533,0.00717206013915872,0.267193565688725,0.14860973965986,2.13181604385201,4.24061643965187,4.29705755446551,1.13560546716736,1.38794664401524,2.10555832476555,3.6846632581054,3.71870397573705,3.84944097237085,2.1701189530015,4.1735469426832,4.01566074487766,3.89284800225597,4.29671683174179,2.88120495194991,3.9290528177639
0.0369544027102466,0.0613013368331812,0.0840583706674094,0.0738152130457994,0.0145175033566391,2.23466511107683,2.29297068883736,1.21580730287698,2.7370785439274,2.64998460238435,0.506761898289894,1.00744219819427,0.305497910095542,2.4596409499001,3.44319901825289,1.17693813092394,1.13560546716736,4.88165991179432,4.57187270223018,0.231546429118735,1.84074679255337,1.80820868787523,1.95706918164149,0.184862123397741,1.61245161683473,1.93380578288513,2.1429661741162,1.32915753086443,0.290398871662796,0.789395668824793
0.0722185721511317,0.108236077744664,0.148364062886504,0.134452076745017,0.00155596895788879,2.50255715360996,2.57380229292188,1.05085367592295,2.54218554257641,2.42905174160234,0.396039042771276,0.841904275732329,0.212428771110714,2.19716622465034,3.84272537251519,1.43321150079052,1.38794664401524,4.57187270223018,5.01648816266364,0.337678233171888,2.16227410595302,2.12729804181412,2.30366161781949,0.286498608227748,1.93400860365054,2.28923996212853,2.51718697887808,1.6315570257633,0.433047776077489,1.02675576154869
1.25495523422725,1.50032982043144,2.16908019683293,2.12378758416301,1.02703112300446,0.920406572030181,0.942979190983194,0.108322031171807,0.0296465256936647,0.0080816052808248,0.415810609254245,0.240340285340292,0.740893832816474,0.0123991567329997,0.723897541246617,2.06912706708006,2.10555832476555,0.231546429118735,0.337678233171888,2.76332019166851,1.65416644923846,1.67653552044834,1.72135925996215,2.71036668248335,1.98225668718583,1.83424190220991,1.73162437803445,2.24650167106448,2.76143510198499,2.59417921691744
0.666727284361841,0.826477558978781,1.15579260499383,1.11649787948312,0.344265224617659,2.89921185144046,3.00823623407589,0.0971669418615515,0.830125003654871,0.697377269948765,0.00588532175501122,0.023676907207721,0.0884020362345646,0.435493426788444,3.03661771590984,3.74384675186479,3.6846632581054,1.84074679255337,2.16227410595302,1.65416644923846,4.78946485462943,4.74680275245311,4.78901296557367,1.66783324442368,4.56055407475695,4.76888861510884,4.78725886519875,4.24568036223437,2.27306173930895,3.42780300442502
0.67759754851826,0.839276098049735,1.17447836303702,1.13491489481902,0.354011493648498,2.87303319486912,2.98030168700094,0.090737246906142,0.810551577503083,0.67890244461652,0.00751824266579426,0.0204173473640568,0.0947549192179737,0.41962322720746,2.99784427200577,3.77777083270709,3.71870397573705,1.80820868787523,2.12729804181412,1.67653552044834,4.74680275245311,4.78400559815608,4.78319595427408,1.6926288819911,4.58824799094832,4.77296127978063,4.77712205491896,4.27862935399681,2.3058239679119,3.46500580837933
0.683781942945239,0.849328448746884,1.20291185233387,1.1623320636803,0.358520185466179,2.95485726229488,3.07342798533012,0.0987604765987773,0.863151320506013,0.726379019011779,0.00683385976017448,0.0233918460496731,0.0954015375219108,0.456054653768622,3.22340557926077,3.90369884283165,3.84944097237085,1.95706918164149,2.30366161781949,1.72135925996215,4.78901296557367,4.78319595427408,5.52722932474884,1.75276701573701,5.06617588535889,5.48827930711328,5.5189759277556,4.71785482619726,2.44676625561761,3.75230747943569
1.29650554943556,1.54303526458654,2.31140901119686,2.27286047532536,1.14007643610052,0.872465107288003,0.8963338232863,0.161834719010804,0.0123778345599792,0.000626051300986141,0.519110344313777,0.326342279196409,0.896871384388456,0.0352749312889933,0.674405561989956,2.12775532971719,2.1701189530015,0.184862123397741,0.286498608227748,2.71036668248335,1.66783324442368,1.6926288819911,1.75276701573701,3.19479596190422,2.05487787560398,1.88897750035717,1.77352481204548,2.38191623414916,3.18206746440904,2.84540593971334
0.807846604970593,0.995434413754697,1.42478259410082,1.38151334770534,0.478125686803304,2.68581373101299,2.78904433416722,0.0385211732887503,0.656960923084844,0.53233620771397,0.0384833204125701,0.000810643458587279,0.184265452960061,0.291802270080574,2.8208119128616,4.20966166342393,4.1735469426832,1.61245161683473,1.93400860365054,1.98225668718583,4.56055407475695,4.58824799094832,5.06617588535889,2.05487787560398,5.63957145545746,5.43579936721614,5.27571213663722,5.2893117864199,2.88345148197836,4.29915475094538
0.728435291379543,0.903659019403221,1.29325300477698,1.2511584807622,0.399692079933587,2.91602775140509,3.03513881462157,0.0802627583986428,0.82464436653267,0.688378762193226,0.0139309492123463,0.0138801661244603,0.122442699747308,0.420028551018779,3.22259774069863,4.06100821304759,4.01566074487766,1.93380578288513,2.28923996212853,1.83424190220991,4.76888861510884,4.77296127978063,5.48827930711328,1.88897750035717,5.43579936721614,6.14764632481491,5.98201278769412,5.17507349591413,2.68134455892187,4.11654748594229
0.675745730648892,0.842236543812313,1.20427750157823,1.16317843518965,0.350295808399632,3.03852696974706,3.16617080253377,0.115277698559025,0.938304389349232,0.796129893187432,0.00440051929918894,0.0310603892001966,0.0879291445290002,0.513643254970333,3.46663934711499,3.94238896554784,3.89284800225597,2.1429661741162,2.51718697887808,1.73162437803445,4.78725886519875,4.77712205491896,5.5189759277556,1.77352481204548,5.27571213663722,5.98201278769412,6.39682947016537,5.01506760530301,2.52977691208874,3.95094889525082
0.932540597301221,1.14179519615854,1.6592752407454,1.61419782739144,0.613717689561185,2.42868006633615,2.52140971253934,0.00619241324890929,0.485399017468023,0.373866415751083,0.0966650686272148,0.00934806612769812,0.305225552368107,0.167090893958307,2.49285853951358,4.29519432417891,4.29671683174179,1.32915753086443,1.6315570257633,2.24650167106448,4.24568036223437,4.27862935399681,4.71785482619726,2.38191623414916,5.2893117864199,5.17507349591413,5.01506760530301,6.10864508981262,3.41080102188819,5.0096406340333
1.28430731097758,1.53111048904146,2.30465569791924,2.26924115496127,1.14567004341272,1.14788789971454,1.18600344446613,0.151050761285823,0.0296616963507788,0.00619658451597171,0.52928318644916,0.328682813207221,0.949451945835204,0.0237268488533804,0.952955523253904,2.82603581288959,2.88120495194991,0.290398871662796,0.433047776077489,2.76143510198499,2.27306173930895,2.3058239679119,2.44676625561761,3.18206746440904,2.88345148197836,2.68134455892187,2.52977691208874,3.41080102188819,4.8258575202485,4.15777262288491
1.12335438744253,1.35935958446435,2.01002675153316,1.96579036729936,0.859777043999978,1.86267808475341,1.9300509290738,0.0188213408125462,0.216186748190302,0.139921455753673,0.258840830403106,0.10260905758802,0.573090416349452,0.0233177544354106,1.76780823252305,3.88175838723971,3.9290528177639,0.789395668824793,1.02675576154869,2.59417921691744,3.42780300442502,3.46500580837933,3.75230747943569,2.84540593971334,4.29915475094538,4.11654748594229,3.95094889525082,5.0096406340333,4.15777262288491,5.89179756069133
