0,0.356221190084758,1.89904535138824,0.825523748379328,1.07920332307669,1.33791043273836,2.6456534161245,1.89043912294168,2.99953209179433,2.94022061363152,3.55166363830827,2.23204199954091,3.9543481961508,2.72268754202992,3.17640432899746,4.88420481728479,5.69391857089618,5.68052605644178,5.79430498927963,4.70026534629098,4.65422206866196,6.59901186072319,5.08108722674574,5.66185396669706,4.06624734317312,7.10868941023949,6.62023272230458,4.82239977678809,6.80432660612006,7.24616806918209
0.356221190084758,0,2.01640324481808,0.662210857370982,1.21165914842451,1.29066249944244,2.96053674049311,1.69992998573034,3.31607898855501,2.85208728446176,3.4976761162286,2.47351010538922,4.24376808761701,2.36647869380324,2.83385158750707,5.23809375471515,6.04844738327966,6.03072034407815,6.13838048784235,5.03948889951666,4.9861421016215,6.95406237366822,5.39393508166454,5.975928976081,4.26988728067641,7.44796323527606,6.93902584618705,5.00908106620174,7.02345244588522,7.48281237620406
1.89904535138824,2.01640324481808,0,2.67125716159188,2.89941924318523,3.23682611038682,3.6433500958171,1.63889953458716,3.93358891547045,1.6659562052033,2.01888470133586,3.68989643805962,5.0089410862908,3.69315244095517,3.67839592421776,4.56135609408664,5.73069047218753,5.88327208950655,6.13595176107855,4.00831355656114,3.84747904728288,6.55996931636375,4.00991804670883,6.41420179005172,2.34594785636841,6.29836256523365,7.28478659596922,3.03639114794698,5.10283249028465,5.60821905895407
0.825523748379328,0.662210857370982,2.67125716159188,0,0.868957574859531,0.66987655083251,2.89648367546561,2.23855412427412,3.24824188504188,3.46307742494218,4.12588414450918,2.2181904132844,4.06527442022934,2.28922410754244,2.9397543911362,5.50584436746998,6.1847240356163,6.11274388843126,6.17025424128326,5.41395369898896,5.39132641362054,7.09591054846345,5.85690543631474,5.86149587971697,4.88784033168758,7.81500014229553,6.83678289017064,5.63895328255633,7.62931870572416,8.07139584657988
1.07920332307669,1.21165914842451,2.89941924318523,0.868957574859531,0,0.646544931341218,2.06800698674006,2.9109079476455,2.41284369753122,4.01705358066667,4.63050043240551,1.34953596584813,3.19746516991253,3.14366869930704,3.80836407492965,4.88163970481663,5.4385125647082,5.33068376372725,5.35978214206578,4.91603943422306,4.93581070457732,6.34820375763544,5.48172904462128,5.00018570999344,4.87688860874484,7.28075696068618,5.97667875250447,5.65871094026886,7.54263859751614,7.93067044006127
1.33791043273836,1.29066249944244,3.23682611038682,0.66987655083251,0.646544931341218,0,2.65218759741143,2.90821867093402,2.98447022363919,4.12723157547995,4.78371591504589,1.82165869987958,3.67231918969178,2.68875765647408,3.44115187722737,5.5277110796451,6.06044834952607,5.93490048161034,5.94263971360065,5.555174699541,5.56828712999452,6.96819739147706,6.0980135336221,5.50031380066469,5.3570477281182,7.92517335828745,6.47784719420126,6.12664527018818,8.06394969933337,8.47495025973818
2.6456534161245,2.96053674049311,3.6433500958171,2.89648367546561,2.06800698674006,2.65218759741143,0,4.44486352774863,0.35610973323863,5.20443640950132,5.65617635485486,0.976376321173135,1.37555861531066,5.18455155851096,5.77517603419721,3.17174441126744,3.4451558173112,3.28722003223637,3.29357210191476,3.53089031040257,3.66024556984894,4.34333527251119,4.36214645810251,3.01650778001236,4.72567473884777,5.68067624963612,3.97860448206731,5.49277843344992,6.98652127947394,7.22630747247693
1.89043912294168,1.69992998573034,1.63889953458716,2.23855412427412,2.9109079476455,2.90821867093402,4.44486352774863,0,4.78731207399337,1.31416248495708,2.01561038638129,4.12159716294315,5.7960086523793,2.20293278325693,2.04817995264545,6.06011516822432,7.1144469207358,7.195634517974,7.38389105967387,5.5976301283454,5.45667449432398,7.98417547586769,5.64799432236635,7.42887156356268,3.84867577277376,7.92384177096323,8.36279122918747,4.43370659347777,6.53440576407879,7.08517511871005
2.99953209179433,3.31607898855501,3.93358891547045,3.24824188504188,2.41284369753122,2.98447022363919,0.35610973323863,4.78731207399337,0,5.51762258600837,5.95129251587252,1.24292315202766,1.0776412263736,5.5370651762784,6.13121915400794,3.00544995187508,3.16060811982211,2.97404431539958,2.95843558064303,3.45641204111977,3.61187001258995,4.04882798071148,4.33745948534156,2.6623506717674,4.88108576933192,5.51771254564821,3.62294709124583,5.63456559589558,7.04537745141969,7.2553717638603
2.94022061363152,2.85208728446176,1.6659562052033,3.46307742494218,4.01705358066667,4.12723157547995,5.20443640950132,1.31416248495708,5.51762258600837,0,0.702773422777968,5.08167380933808,6.57996321037525,3.36224753777763,2.93849927934647,6.15966395100449,7.37583241493035,7.54322318476517,7.80132460616303,5.51327359745269,5.31311858044513,8.1873373834084,5.32465828502939,8.05823275502328,3.15989650307297,7.67080328457024,8.94145202767579,3.57137596217781,5.63121578896427,6.22588195020781
3.55166363830827,3.4976761162286,2.01888470133586,4.12588414450918,4.63050043240551,4.78371591504589,5.65617635485486,2.01561038638129,5.95129251587252,0.702773422777968,0,5.62292963618548,7.02541455390181,4.03680327693961,3.55048609827088,6.2735699451462,7.55524459513857,7.76468602275157,8.05537427723551,5.5428294343243,5.31525544324926,8.32756669370754,5.22597903895799,8.41566723811406,2.91760817948936,7.57213468614792,9.26693002438866,3.18909248459676,5.17658514963253,5.79153742506748
2.23204199954091,2.47351010538922,3.68989643805962,2.2181904132844,1.34953596584813,1.82165869987958,0.976376321173135,4.12159716294315,1.24292315202766,5.08167380933808,5.62292963618548,0,1.85774550109182,4.47622740729575,5.15785963703329,4.1338420289845,4.40222364462633,4.2125698064204,4.1719804082014,4.4229774366644,4.52264296850037,5.29174746102457,5.18707157900965,3.67963549618386,5.20151088747746,6.63535540136932,4.65734905395868,5.98960174733446,7.65062756694984,7.94443166025831
3.9543481961508,4.24376808761701,5.0089410862908,4.06527442022934,3.19746516991253,3.67231918969178,1.37555861531066,5.7960086523793,1.0776412263736,6.57996321037525,7.02541455390181,1.85774550109182,0,6.33354012602301,6.99986591804024,3.41690037282209,3.10049630262821,2.75982700884499,2.5746352969045,4.08749525866744,4.29597831771633,3.88639068194911,5.05278162584736,1.83507962757345,5.88105628940373,5.84626825393174,2.80997853004053,6.61452917033673,7.89084378716841,8.04358837076954
2.72268754202992,2.36647869380324,3.69315244095517,2.28922410754244,3.14366869930704,2.68875765647408,5.18455155851096,2.20293278325693,5.5370651762784,3.36224753777763,4.03680327693961,4.47622740729575,6.33354012602301,0,0.912045326930489,7.59615990905159,8.40581260933916,8.36731074663385,8.44583845149593,7.3382987149476,7.25501345433078,9.31371861056262,7.57715379454035,8.14371406458527,6.0080357266596,9.7373954511236,9.12033818383083,6.62594661446304,8.72529936689854,9.26405151063098
3.17640432899746,2.83385158750707,3.67839592421776,2.9397543911362,3.80836407492965,3.44115187722737,5.77517603419721,2.04817995264545,6.13121915400794,2.93849927934647,3.55048609827088,5.15785963703329,6.99986591804024,0.912045326930489,0,7.92162689450144,8.84372522633289,8.85161770018748,8.97064952805849,7.5564076087524,7.43898335575641,9.74115650572805,7.6757693499228,8.77781580702147,5.87598875279277,9.92038682301742,9.74832980373479,6.41656206482877,8.51010180892192,9.08099449684825
4.88420481728479,5.23809375471515,4.56135609408664,5.50584436746998,4.88163970481663,5.5277110796451,3.17174441126744,6.06011516822432,3.00544995187508,6.15966395100449,6.2735699451462,4.1338420289845,3.41690037282209,7.59615990905159,7.92162689450144,0,1.40902674881447,1.80361835372135,2.24550667848531,0.987973212759897,1.28792687827825,2.0613508292801,1.97243055698856,3.32370935869059,3.88028625921753,2.51279229790312,3.74885006186109,4.36064996269239,4.93264540834159,4.92699880768449
5.69391857089618,6.04844738327966,5.73069047218753,6.1847240356163,5.4385125647082,6.06044834952607,3.4451558173112,7.1144469207358,3.16060811982211,7.37583241493035,7.55524459513857,4.40222364462633,3.10049630262821,8.40581260933916,8.84372522633289,1.40902674881447,0,0.508178676290503,0.975950053114107,2.38412554212015,2.68516874579355,0.911258044645871,3.31653621980654,2.28686643536911,5.28016430274423,2.99393367332457,2.46291117143022,5.76946600677011,6.22707799633254,6.14832161888783
5.68052605644178,6.03072034407815,5.88327208950655,6.11274388843126,5.33068376372725,5.93490048161034,3.28722003223637,7.195634517974,2.97404431539958,7.54322318476517,7.76468602275157,4.2125698064204,2.75982700884499,8.36731074663385,8.85161770018748,1.80361835372135,0.508178676290503,0,0.471956017141358,2.7915630244819,3.09147175495066,1.12663909299869,3.75778856243053,1.78557612068901,5.61532714426259,3.49338380489508,1.97656097220556,6.14331654480797,6.69239507899413,6.63160990782435
5.79430498927963,6.13838048784235,6.13595176107855,6.17025424128326,5.35978214206578,5.94263971360065,3.29357210191476,7.38389105967387,2.95843558064303,7.80132460616303,8.05537427723551,4.1719804082014,2.5746352969045,8.44583845149593,8.97064952805849,2.24550667848531,0.975950053114107,0.471956017141358,0,3.2316553543531,3.52963329796804,1.40474196051474,4.21104678860405,1.35673335293427,6.00285129355202,3.93908483330128,1.51104268483238,6.55471479802838,7.15437021802531,7.10054260811086
4.70026534629098,5.03948889951666,4.00831355656114,5.41395369898896,4.91603943422306,5.555174699541,3.53089031040257,5.5976301283454,3.45641204111977,5.51327359745269,5.5428294343243,4.4229774366644,4.08749525866744,7.3382987149476,7.5564076087524,0.987973212759897,2.38412554212015,2.7915630244819,3.2316553543531,0,0.301116900858703,2.93569579758372,1.01856369181791,4.25827779908243,2.96884530589786,2.4085511239796,4.73067486977707,3.39577275304351,3.98246549647769,4.02568638695683
4.65422206866196,4.9861421016215,3.84747904728288,5.39132641362054,4.93581070457732,5.56828712999452,3.66024556984894,5.45667449432398,3.61187001258995,5.31311858044513,5.31525544324926,4.52264296850037,4.29597831771633,7.25501345433078,7.43898335575641,1.28792687827825,2.68516874579355,3.09147175495066,3.52963329796804,0.301116900858703,0,3.22471071655747,0.762347114228531,4.53814601230924,2.6886259825221,2.48534690815365,5.02616027184187,3.09814757461178,3.70825828094835,3.77569635871111
6.59901186072319,6.95406237366822,6.55996931636375,7.09591054846345,6.34820375763544,6.96819739147706,4.34333527251119,7.98417547586769,4.04882798071148,8.1873373834084,8.32756669370754,5.29174746102457,3.88639068194911,9.31371861056262,9.74115650572805,2.0613508292801,0.911258044645871,1.12663909299869,1.40474196051474,2.93569579758372,3.22471071655747,0,3.73581793910886,2.73079167860489,5.90212690156155,2.77203966471068,2.56887657804201,6.31305372029662,6.4986157550378,6.33167062055146
5.08108722674574,5.39393508166454,4.00991804670883,5.85690543631474,5.48172904462128,6.0980135336221,4.36214645810251,5.64799432236635,4.33745948534156,5.32465828502939,5.22597903895799,5.18707157900965,5.05278162584736,7.57715379454035,7.6757693499228,1.97243055698856,3.31653621980654,3.75778856243053,4.21104678860405,1.01856369181791,0.762347114228531,3.73581793910886,0,5.27427812990537,2.39786431136364,2.3496904302019,5.71879185631656,2.63055087109891,2.96633628662295,3.01397917260606
5.66185396669706,5.975928976081,6.41420179005172,5.86149587971697,5.00018570999344,5.50031380066469,3.01650778001236,7.42887156356268,2.6623506717674,8.05823275502328,8.41566723811406,3.67963549618386,1.83507962757345,8.14371406458527,8.77781580702147,3.32370935869059,2.28686643536911,1.78557612068901,1.35673335293427,4.25827779908243,4.53814601230924,2.73079167860489,5.27427812990537,0,6.74594083811963,5.27882560848326,0.977748143880589,7.3840430792421,8.24035922882184,8.25069745905401
4.06624734317312,4.26988728067641,2.34594785636841,4.88784033168758,4.87688860874484,5.3570477281182,4.72567473884777,3.84867577277376,4.88108576933192,3.15989650307297,2.91760817948936,5.20151088747746,5.88105628940373,6.0080357266596,5.87598875279277,3.88028625921753,5.28016430274423,5.61532714426259,6.00285129355202,2.96884530589786,2.6886259825221,5.90212690156155,2.39786431136364,6.74594083811963,0,4.7046936347697,7.42021447112414,0.791180535943402,2.76206046244183,3.26353671711721
7.10868941023949,7.44796323527606,6.29836256523365,7.81500014229553,7.28075696068618,7.92517335828745,5.68067624963612,7.92384177096323,5.51771254564821,7.67080328457024,7.57213468614792,6.63535540136932,5.84626825393174,9.7373954511236,9.92038682301742,2.51279229790312,2.99393367332457,3.49338380489508,3.93908483330128,2.4085511239796,2.48534690815365,2.77203966471068,2.3496904302019,5.27882560848326,4.7046936347697,0,5.31250472259211,4.77916017997516,4.19771601191481,3.86705890048711
6.62023272230458,6.93902584618705,7.28478659596922,6.83678289017064,5.97667875250447,6.47784719420126,3.97860448206731,8.36279122918747,3.62294709124583,8.94145202767579,9.26693002438866,4.65734905395868,2.80997853004053,9.12033818383083,9.74832980373479,3.74885006186109,2.46291117143022,1.97656097220556,1.51104268483238,4.73067486977707,5.02616027184187,2.56887657804201,5.71879185631656,0.977748143880589,7.42021447112414,5.31250472259211,0,8.00892438276313,8.6653527468712,8.60760825879708
4.82239977678809,5.00908106620174,3.03639114794698,5.63895328255633,5.65871094026886,6.12664527018818,5.49277843344992,4.43370659347777,5.63456559589558,3.57137596217781,3.18909248459676,5.98960174733446,6.61452917033673,6.62594661446304,6.41656206482877,4.36064996269239,5.76946600677011,6.14331654480797,6.55471479802838,3.39577275304351,3.09814757461178,6.31305372029662,2.63055087109891,7.3840430792421,0.791180535943402,4.77916017997516,8.00892438276313,0,2.10070003889957,2.6654952238753
6.80432660612006,7.02345244588522,5.10283249028465,7.62931870572416,7.54263859751614,8.06394969933337,6.98652127947394,6.53440576407879,7.04537745141969,5.63121578896427,5.17658514963253,7.65062756694984,7.89084378716841,8.72529936689854,8.51010180892192,4.93264540834159,6.22707799633254,6.69239507899413,7.15437021802531,3.98246549647769,3.70825828094835,6.4986157550378,2.96633628662295,8.24035922882184,2.76206046244183,4.19771601191481,8.6653527468712,2.10070003889957,0,0.641613243730036
7.24616806918209,7.48281237620406,5.60821905895407,8.07139584657988,7.93067044006127,8.47495025973818,7.22630747247693,7.08517511871005,7.2553717638603,6.22588195020781,5.79153742506748,7.94443166025831,8.04358837076954,9.26405151063098,9.08099449684825,4.92699880768449,6.14832161888783,6.63160990782435,7.10054260811086,4.02568638695683,3.77569635871111,6.33167062055146,3.01397917260606,8.25069745905401,3.26353671711721,3.86705890048711,8.60760825879708,2.6654952238753,0.641613243730036,0
