0.217964231582374,0.00436065262890406,0.217789377204263,0.216853349180937,0.205251917636236,0.0175768009055097,0.209187093690919,0.207558946407516,0.215796404412409,0.140537935629406,0.145739210985421,0.0937640546130674,0.147345635544864,0.217791330501402,0.155331349093024,0.217509129262764,0.174904408117465,0.0765035156941973,0.0825161152456881,0.0691907029521075,0.0647973857996935,0.0870130157496325,0.0200598168304831,0.0162315183019479,0.00579796328595683,0.00999175155520149,0.0339571275487089,0.00215915424359459,0.010282671824418,0.0226689074813051
0.00436065262890406,1.16355748838369,0.00820917404463206,0.00399409582749255,0.0962049125216693,1.10711658017459,0.0786983814181321,0.00138410684300005,0.00249529716217456,0.169704136490263,0.147820846848452,0.722776244987765,0.153102734321334,0.0226329144396196,0.132660541239722,0.0104265502924852,0.0772141107520348,0.501849267404605,0.464787929114287,0.543978220882152,0.568837347643645,0.449095205869094,0.865071403486496,0.899504032539793,0.999245365792376,0.960668928148804,0.763669482428015,1.06097482902245,0.965515786059341,0.85892798048115
0.217789377204263,0.00820917404463206,0.832707831946332,0.714736803767533,0.735893484661217,0.0450484811728904,0.762494631775717,0.769977581568982,0.823563852943409,0.509499477651006,0.525912454249921,0.303608161499627,0.541530449308789,0.828590383517862,0.57847101496725,0.832268970068132,0.662565833172491,0.289360491425031,0.310368668351099,0.262469218715689,0.246002149531767,0.329688878322157,0.0787369735575232,0.0646551405136848,0.0249183605824124,0.0413947482579973,0.130981105977296,0.0110158808424576,0.0431494904339988,0.0903582212503338
0.216853349180937,0.00399409582749255,0.714736803767533,0.72111012573288,0.625332143427837,0.0309784170487268,0.648518846738533,0.690608725075373,0.719584753764744,0.474157984806329,0.488868027484983,0.244576989092222,0.500443372717696,0.712025531564758,0.530490880264821,0.720885739692388,0.598451414386288,0.278112564296116,0.297031952709021,0.253974961803575,0.239165282201086,0.313834225415352,0.0843767741001593,0.0707354719804481,0.0309067733017545,0.047764261769299,0.133807389094907,0.0159476180922864,0.049522614933279,0.0954016239317816
0.205251917636236,0.0962049125216693,0.735893484661217,0.625332143427837,1.57470181127553,0.241349200075397,1.53046366972599,0.831872762991449,1.01677929311192,0.491632734965492,0.511725441974711,0.87246791111392,0.549620865965444,1.31162493746699,0.621970703963034,1.37897882471455,0.80075927769527,0.204001325686987,0.229636855953038,0.171779200843224,0.152740765141931,0.255961014798502,0.00898321679199166,0.0035895361434406,0.00370226117123096,4.1720649807786e-05,0.0412218838000498,0.017507573033535,1.45523766148514e-05,0.0140306882147501
0.0175768009055097,1.10711658017459,0.0450484811728904,0.0309784170487268,0.241349200075397,2.00492562365348,0.211140898887141,0.00801787107668606,0.0365045601261211,0.113263993123495,0.0919694728961429,1.40846338683924,0.0967992073019928,0.0991905008867742,0.0769874831385122,0.0823235517943322,0.0287473260787676,0.532564679432005,0.478105750541229,0.594276662215016,0.630728324425293,0.460001504150303,1.1013134178947,1.16539114984332,1.33662662437325,1.28390003779736,0.934842205489213,1.50365413743791,1.31189011883505,1.11401790964333
0.209187093690919,0.0786983814181321,0.762494631775717,0.648518846738533,1.53046366972599,0.211140898887141,1.61711259662647,0.890646611767267,1.08214825606492,0.551918032281448,0.572182639213658,0.828983947943058,0.614458766717833,1.39521567946098,0.691931125704122,1.46172366130364,0.879930614534036,0.247497910700514,0.275355739167962,0.211868178647682,0.190570225601661,0.304766920708173,0.0189586343978183,0.0105100888038296,0.000424381610545588,0.00125478797716116,0.0612205809030351,0.00847898877180908,0.00151162304205466,0.0265213209556046
0.207558946407516,0.00138410684300005,0.769977581568982,0.690608725075373,0.831872762991449,0.00801787107668606,0.890646611767267,1.31380559847875,1.20429959739557,0.973565522616156,0.993645955791415,0.25495427184702,1.02785852243969,1.12109729901447,1.08635806334043,1.26103232770925,1.20051977295622,0.652539160637994,0.685441629839287,0.607419241689542,0.578771261897716,0.721127483024869,0.258136579059797,0.227852753858036,0.128766566887602,0.174216064126629,0.366712248564216,0.0900746494057887,0.181493389330635,0.288720150828872
0.215796404412409,0.00249529716217456,0.823563852943409,0.719584753764744,1.01677929311192,0.0365045601261211,1.08214825606492,1.20429959739557,1.407696626113,0.876313854407771,0.896614612252145,0.384411641295942,0.939757750490307,1.32311522064206,1.01175517141866,1.40208163906415,1.16347334136145,0.543285255996837,0.576650756186243,0.497915876384986,0.469442839158872,0.613668960928215,0.171730509584849,0.145922912478185,0.067615918547979,0.101883567826814,0.267575542643111,0.0389930591113248,0.106905754790238,0.196986826956135
0.140537935629406,0.169704136490263,0.509499477651006,0.474157984806329,0.491632734965492,0.113263993123495,0.551918032281448,0.973565522616156,0.876313854407771,2.65338770014152,2.42928146283561,0.0187930814678197,2.63080580191583,0.820638743626462,2.59904209675171,1.33088309100821,2.45552238397977,2.22431311838517,2.27443699148735,2.14330132902708,2.08700924768701,2.34635657763851,1.30763086778636,1.22572381825568,0.885187790636002,1.06866422908132,1.61050769885251,0.786034851532885,1.12318741118774,1.44333280328905
0.145739210985421,0.147820846848452,0.525912454249921,0.488868027484983,0.511725441974711,0.0919694728961429,0.572182639213658,0.993645955791415,0.896614612252145,2.42928146283561,2.44958222119192,0.0273706755641046,2.44933958019074,0.840382168763869,2.43426808118974,1.32856410861402,2.32929752275459,2.01600317732846,2.06402653625677,1.94023379213583,1.88811701687044,2.12961105035437,1.17421056953997,1.09866755549217,0.790523085906555,0.954405064294351,1.44975664444236,0.695687544028169,1.0005770061685,1.29214344894876
0.0937640546130674,0.722776244987765,0.303608161499627,0.244576989092222,0.87246791111392,1.40846338683924,0.828983947943058,0.25495427184702,0.384411641295942,0.0187930814678197,0.0273706755641046,3.36498640872302,0.0322057656146568,0.61142500857363,0.0544988883786512,0.752424335637534,0.143538877282265,0.0773219006854466,0.0543493821545509,0.109096654749945,0.130356958743182,0.0438032198665441,0.5065837335625,0.568944066424328,0.743229977248501,0.691526292268999,0.354211157723805,0.943337890001908,0.727090543027773,0.517556307650404
0.147345635544864,0.153102734321334,0.541530449308789,0.500443372717696,0.549620865965444,0.0967992073019928,0.614458766717833,1.02785852243969,0.939757750490307,2.63080580191583,2.44933958019074,0.0322057656146568,2.95540568849879,0.899178681639659,2.92325827851988,1.49542797381929,2.76815928760655,2.35485705652933,2.40970258687861,2.26044227391549,2.19435561845512,2.50632982481878,1.32302234595715,1.23580652052826,0.873972980146421,1.0692352536801,1.65510331819475,0.773094829749896,1.13034197936601,1.47774297326577
0.217791330501402,0.0226329144396196,0.828590383517862,0.712025531564758,1.31162493746699,0.0991905008867742,1.39521567946098,1.12109729901447,1.32311522064206,0.820638743626462,0.840382168763869,0.61142500857363,0.899178681639659,1.72175401940054,0.992968241578881,1.70390325863123,1.2029023710614,0.464335354698873,0.49967471881784,0.416353498380734,0.386576228479871,0.540949797931944,0.101744437794367,0.0802994930582797,0.0233628721397316,0.0461472108466068,0.186829059127509,0.00693714884076702,0.0492092531156785,0.122426228046002
0.155331349093024,0.132660541239722,0.57847101496725,0.530490880264821,0.621970703963034,0.0769874831385122,0.691931125704122,1.08635806334043,1.01175517141866,2.59904209675171,2.43426808118974,0.0544988883786512,2.92325827851988,0.992968241578881,3.34999132237427,1.7022647588779,3.17684652886403,2.47980289390819,2.53690534004456,2.37091083066498,2.29364230603822,2.66783901415372,1.32320556427438,1.23084074630863,0.848992131316308,1.05514457495163,1.6857106800649,0.746809495408593,1.12304499485445,1.49893135563799
0.217509129262764,0.0104265502924852,0.832268970068132,0.720885739692388,1.37897882471455,0.0823235517943322,1.46172366130364,1.26103232770925,1.40208163906415,1.33088309100821,1.32856410861402,0.752424335637534,1.49542797381929,1.70390325863123,1.7022647588779,3.26688346024013,2.15372986673905,0.903522458094381,0.955738595400307,0.820937319764977,0.767116591387549,1.04658934137871,0.237649166792389,0.196835259116055,0.0763265275137557,0.128664246728045,0.401760504003692,0.0383758725440546,0.139076175230206,0.288661363647188
0.174904408117465,0.0772141107520348,0.662565833172491,0.598451414386288,0.80075927769527,0.0287473260787676,0.879930614534036,1.20051977295622,1.16347334136145,2.45552238397977,2.32929752275459,0.143538877282265,2.76815928760655,1.2029023710614,3.17684652886403,2.15372986673905,3.96221444865281,2.39813911454126,2.45304069934253,2.27566766902706,2.18725506523051,2.62960462802146,1.15023572280961,1.05773293384713,0.687901173461667,0.884087560660365,1.52410145470224,0.588213053694136,0.950110924180281,1.33290071441793
0.0765035156941973,0.501849267404605,0.289360491425031,0.278112564296116,0.204001325686987,0.532564679432005,0.247497910700514,0.652539160637994,0.543285255996837,2.22431311838517,2.01600317732846,0.0773219006854466,2.35485705652933,0.464335354698873,2.47980289390819,0.903522458094381,2.39813911454126,5.14816137189486,4.76944787750403,5.00324328847164,4.87849353532578,4.97744782461619,3.15280073794973,3.00876259030741,2.21405046845223,2.71110454407798,3.85285891682817,2.1514656643382,2.95356246396044,3.67890088968215
0.0825161152456881,0.464787929114287,0.310368668351099,0.297031952709021,0.229636855953038,0.478105750541229,0.275355739167962,0.685441629839287,0.576650756186243,2.27443699148735,2.06402653625677,0.0543493821545509,2.40970258687861,0.49967471881784,2.53690534004456,0.955738595400307,2.45304069934253,4.76944787750403,4.82656056694519,4.64549027892131,4.54071194827513,4.80804704428715,2.94936162494543,2.80898233766281,2.06770177437763,2.52326072467376,3.59863275928627,1.99021065253259,2.73349707434104,3.40447589889199
0.0691907029521075,0.543978220882152,0.262469218715689,0.253974961803575,0.171779200843224,0.594276662215016,0.211868178647682,0.607419241689542,0.497915876384986,2.14330132902708,1.94023379213583,0.109096654749945,2.26044227391549,0.416353498380734,2.37091083066498,0.820937319764977,2.27566766902706,5.00324328847164,4.64549027892131,5.24472005244653,5.11268909981715,4.85168348247109,3.32925344727243,3.18400134225482,2.35216682764131,2.8798494698972,4.05842275814119,2.30318662308167,3.14503575353089,3.90000269770116
0.0647973857996935,0.568837347643645,0.246002149531767,0.239165282201086,0.152740765141931,0.630728324425293,0.190570225601661,0.578771261897716,0.469442839158872,2.08700924768701,1.88811701687044,0.130356958743182,2.19435561845512,0.386576228479871,2.29364230603822,0.767116591387549,2.18725506523051,4.87849353532578,4.54071194827513,5.11268909981715,5.21257274509857,4.72014089474673,3.41692728141305,3.27152166615619,2.42491042373977,2.96532964067991,4.15501579037434,2.38242275223184,3.23865995197543,3.99977017891753
0.0870130157496325,0.449095205869094,0.329688878322157,0.313834225415352,0.255961014798502,0.460001504150303,0.304766920708173,0.721127483024869,0.613668960928215,2.34635657763851,2.12961105035437,0.0438032198665441,2.50632982481878,0.540949797931944,2.66783901415372,1.04658934137871,2.62960462802146,4.97744782461619,4.80804704428715,4.85168348247109,4.72014089474673,5.37690416562183,2.98789353798143,2.84458099991743,2.07040261278469,2.55007750422242,3.68215670645952,2.00019735954686,2.78479160162263,3.51066317320645
0.0200598168304831,0.865071403486496,0.0787369735575232,0.0843767741001593,0.00898321679199166,1.1013134178947,0.0189586343978183,0.258136579059797,0.171730509584849,1.30763086778636,1.17421056953997,0.5065837335625,1.32302234595715,0.101744437794367,1.32320556427438,0.237649166792389,1.15023572280961,3.15280073794973,2.94936162494543,3.32925344727243,3.41692728141305,2.98789353798143,4.31224049600324,4.16682269576885,3.20855019402396,3.85651374782939,4.05963748362335,3.24509816421376,4.08292707578723,4.30488980156351
0.0162315183019479,0.899504032539793,0.0646551405136848,0.0707354719804481,0.0035895361434406,1.16539114984332,0.0105100888038296,0.227852753858036,0.145922912478185,1.22572381825568,1.09866755549217,0.568944066424328,1.23580652052826,0.0802994930582797,1.23084074630863,0.196835259116055,1.05773293384713,3.00876259030741,2.80898233766281,3.18400134225482,3.27152166615619,2.84458099991743,4.16682269576885,4.30134632857438,3.30457397674707,3.9886715475933,3.92191659946375,3.37041799573372,4.19012883582769,4.24986847200715
0.00579796328595683,0.999245365792376,0.0249183605824124,0.0309067733017545,0.00370226117123096,1.33662662437325,0.000424381610545588,0.128766566887602,0.067615918547979,0.885187790636002,0.790523085906555,0.743229977248501,0.873972980146421,0.0233628721397316,0.848992131316308,0.0763265275137557,0.687901173461667,2.21405046845223,2.06770177437763,2.35216682764131,2.42491042373977,2.07040261278469,3.20855019402396,3.30457397674707,3.50077324155446,3.44780148831486,2.9706851947934,3.39327093204075,3.46388000711333,3.26379660775722
0.00999175155520149,0.960668928148804,0.0413947482579973,0.047764261769299,4.1720649807786e-05,1.28390003779736,0.00125478797716116,0.174216064126629,0.101883567826814,1.06866422908132,0.954405064294351,0.691526292268999,1.0692352536801,0.0461472108466068,1.05514457495163,0.128664246728045,0.884087560660365,2.71110454407798,2.52326072467376,2.8798494698972,2.96532964067991,2.55007750422242,3.85651374782939,3.9886715475933,3.44780148831486,4.20992839375183,3.60969796133974,3.58584787550103,4.20972327842223,4.00719995733033
0.0339571275487089,0.763669482428015,0.130981105977296,0.133807389094907,0.0412218838000498,0.934842205489213,0.0612205809030351,0.366712248564216,0.267575542643111,1.61050769885251,1.44975664444236,0.354211157723805,1.65510331819475,0.186829059127509,1.6857106800649,0.401760504003692,1.52410145470224,3.85285891682817,3.59863275928627,4.05842275814119,4.15501579037434,3.68215670645952,4.05963748362335,3.92191659946375,2.9706851947934,3.60969796133974,4.85967459084126,2.99274275811619,3.93686122610769,4.65193663523958
0.00215915424359459,1.06097482902245,0.0110158808424576,0.0159476180922864,0.017507573033535,1.50365413743791,0.00847898877180908,0.0900746494057887,0.0389930591113248,0.786034851532885,0.695687544028169,0.943337890001908,0.773094829749896,0.00693714884076702,0.746809495408593,0.0383758725440546,0.588213053694136,2.1514656643382,1.99021065253259,2.30318662308167,2.38242275223184,2.00019735954686,3.24509816421376,3.37041799573372,3.39327093204075,3.58584787550103,2.99274275811619,3.96082811547321,3.71332392247743,3.40378552887876
0.010282671824418,0.965515786059341,0.0431494904339988,0.049522614933279,1.45523766148514e-05,1.31189011883505,0.00151162304205466,0.181493389330635,0.106905754790238,1.12318741118774,1.0005770061685,0.727090543027773,1.13034197936601,0.0492092531156785,1.12304499485445,0.139076175230206,0.950110924180281,2.95356246396044,2.73349707434104,3.14503575353089,3.23865995197543,2.78479160162263,4.08292707578723,4.19012883582769,3.46388000711333,4.20972327842223,3.93686122610769,3.71332392247743,4.84916017886917,4.50790179921099
0.0226689074813051,0.85892798048115,0.0903582212503338,0.0954016239317816,0.0140306882147501,1.11401790964333,0.0265213209556046,0.288720150828872,0.196986826956135,1.44333280328905,1.29214344894876,0.517556307650404,1.47774297326577,0.122426228046002,1.49893135563799,0.288661363647188,1.33290071441793,3.67890088968215,3.40447589889199,3.90000269770116,3.99977017891753,3.51066317320645,4.30488980156351,4.24986847200715,3.26379660775722,4.00719995733033,4.65193663523958,3.40378552887876,4.50790179921099,5.45477546448568
