0,4.1937837112196,2.21466632193798,0.864625615691703,2.40542807988913,2.71108856432541,1.65096077138842,1.7566038444222,5.53687788029722,3.30536189537913,5.61824348789544,2.71947591945114,5.05897508005418,3.7456531851295,5.57690156664395,5.98183831886979,5.73733003109086,5.8002801719488,5.1998365421677,3.35137925267843,5.73238804400633,6.00182039888963,5.31636392031977,4.22649571256767,4.21859278002394,4.59444747501691,6.74174253543321,3.99325347816329,3.8942395129331,7.93459849428838
4.1937837112196,0,4.04881748722367,5.05376066354088,4.30545216609768,2.89454190536875,4.2236456486192,5.92081027443028,1.36830219103291,3.0951665916123,1.49526414883176,3.3203354651203,1.63557013543812,3.58003248663348,2.3576418283923,2.45644192407203,2.8333559828419,1.70592367725492,3.55114751951776,7.30065146680601,3.44502562056832,3.09813033386009,4.16117978075421,5.51720251837823,5.85829732649315,5.74910943394715,6.43569650181577,6.70153709581338,7.00142361487307,7.28286124726432
2.21466632193798,4.04881748722367,0,2.54765081142586,0.286203313850534,1.26879767997567,0.636671029799152,3.47552330145825,5.12486019542259,1.56372343811796,5.11219168742327,0.938845227085523,5.45702724788375,1.7662139024534,6.12843362919447,6.38552758458259,6.46039234596887,5.74349683475424,6.41596161733568,3.67283103014228,4.09418978534715,4.59405570090594,6.73138049106893,6.27725207313635,6.33704132259925,6.63697991240551,8.52462046926345,6.20781743200449,6.08431151299073,9.66029677394538
0.864625615691703,5.05376066354088,2.54765081142586,0,2.65807840561983,3.33530370529536,1.9133103617123,0.980902237069804,6.3909432941059,3.88284467325545,6.46675638284874,3.25262002800156,5.91049655587676,4.24719554414546,6.41157879087757,6.82756993918762,6.54944110921235,6.66490343035933,5.91927261475602,2.57705930370635,6.39044336548583,6.72395852742903,5.97155351008582,4.52325549359943,4.42618007166404,4.88938665774387,7.20082153308514,3.88608174089934,3.63929780253096,8.41188076956171
2.40542807988913,4.30545216609768,0.286203313850534,2.65807840561983,0,1.47684439779796,0.764660750711427,3.55385821086011,5.35386990694021,1.68247448850247,5.33329514857708,1.1030688126335,5.73133104867561,1.79298891385821,6.40609473861885,6.65738889516823,6.74206150024843,5.99429892455962,6.70180279463903,3.56235284484039,4.16690891769707,4.70617810564231,7.01469405318715,6.51935849837953,6.56737738391611,6.88084545568903,8.79541190148568,6.39049324623837,6.24181514678398,9.93516203821226
2.71108856432541,2.89454190536875,1.26879767997567,3.33530370529536,1.47684439779796,0,1.69546004349301,4.31543732107481,3.88079535279276,0.624363824158768,3.85674935774235,0.426457317893836,4.41301646840592,1.17372241198791,5.11546488623418,5.31196211852005,5.50362974863301,4.55513076978534,5.69545400937208,4.89742027015894,3.05542092311328,3.4389140484301,6.11233013380274,6.19693495466038,6.3493760065549,6.53380659811246,8.10997589411867,6.52752539769438,6.536193521568,9.17650537770344
1.65096077138842,4.2236456486192,0.636671029799152,1.9133103617123,0.764660750711427,1.69546004349301,0,2.83927215237309,5.39862959853154,2.11540731038559,5.41131392737634,1.46692478296118,5.51051307052987,2.38407615234216,6.14864801638775,6.45140067602695,6.43541070314476,5.92949238292396,6.24369625042984,3.21367805225061,4.66454457942234,5.1172486999781,6.50030972525255,5.81631171364012,5.84349134865654,6.18085378358461,8.17888608321399,5.62795713679423,5.4777715110747,9.33926755584121
1.7566038444222,5.92081027443028,3.47552330145825,0.980902237069804,3.55385821086011,4.31543732107481,2.83927215237309,0,7.27545901060799,4.85729259716412,7.36439070339583,4.22236914756289,6.64016962193294,5.20488481782283,7.08358893083011,7.53066213717966,7.16343034788955,7.48147908147434,6.36570578103704,2.35881472687336,7.37079287883324,7.70220797436518,6.31684807500098,4.45062757654265,4.25472462045818,4.79973460243654,7.2544855090232,3.39360821762701,3.00415409329864,8.47238793003015
5.53687788029722,1.36830219103291,5.12486019542259,6.3909432941059,5.35386990694021,3.88079535279276,5.39862959853154,7.27545901060799,0,3.89517874574082,0.234542214326574,4.28472075356589,1.93796735766162,4.25427909531735,2.48890628379951,2.28613404276933,3.03239236115243,1.00136845564656,4.19636916299483,8.55404803798771,3.25610946637756,2.6283756603483,4.87386719551767,6.66530463064718,7.04147401191632,6.85961075425724,7.16564277173332,7.99104659753407,8.3243777539605,7.85449419309416
3.30536189537913,3.0951665916123,1.56372343811796,3.88284467325545,1.68247448850247,0.624363824158768,2.11540731038559,4.85729259716412,3.89517874574082,0,3.83389661897956,0.649077409104424,4.6897948295748,0.586560151924979,5.40696964784825,5.55024374618428,5.83096476258498,4.67052323236082,6.1468319037132,5.23245161975493,2.54944379226852,3.03126316021849,6.59980805743682,6.8041468922489,6.96503092147302,7.13750515879331,8.64997321132145,7.15068415145964,7.15218791757755,9.69380159461739
5.61824348789544,1.49526414883176,5.11219168742327,6.46675638284874,5.33329514857708,3.85674935774235,5.41131392737634,7.36439070339583,0.234542214326574,3.83389661897956,0,4.25217787074255,2.17168084368612,4.16688862457272,2.72179369437074,2.5091380703244,3.26519591758263,1.21107585157854,4.42873960937874,8.58577038856636,3.06120880203091,2.41285528876889,5.10513417122735,6.86604166791256,7.2370130462197,7.06564767102884,7.39782628482229,8.16293584350866,8.48391428489195,8.08902449727229
2.71947591945114,3.3203354651203,0.938845227085523,3.25262002800156,1.1030688126335,0.426457317893836,1.46692478296118,4.22236914756289,4.28472075356589,0.649077409104424,4.25217787074255,0,4.8371025202531,1.02760872197363,5.53772078067445,5.73789588700776,5.92071867499527,4.97613356074808,6.0760619528208,4.61039565375882,3.19847998285794,3.66327027350539,6.47364873323376,6.42402930268002,6.55042167523506,6.76866882589692,8.42992355430913,6.63417843406064,6.59864587183669,9.51411210041518
5.05897508005418,1.63557013543812,5.45702724788375,5.91049655587676,5.73133104867561,4.41301646840592,5.51051307052987,6.64016962193294,1.93796735766162,4.6897948295748,2.17168084368612,4.8371025202531,0,5.19789286082892,0.722670210387477,0.943183306540812,1.21225766877572,1.24999649130843,2.26306196855706,8.36537856544398,4.93343994886849,4.44031066495716,2.94675542040207,5.00742365540532,5.42716664706914,5.14815307431625,5.23172140231867,6.58174984641861,7.02223903120958,5.92450490556467
3.7456531851295,3.58003248663348,1.7662139024534,4.24719554414546,1.79298891385821,1.17372241198791,2.38407615234216,5.20488481782283,4.25427909531735,0.586560151924979,4.16688862457272,1.02760872197363,5.19789286082892,0,5.91886466425402,6.03430638543664,6.35815334668352,5.08820667887242,6.71931319397967,5.33473303593068,2.39524202445169,3.00692631355522,7.18051591160768,7.37064147163435,7.52097380913378,7.70710458811478,9.23650477484044,7.65496758717122,7.62609653465888,10.2786461787565
5.57690156664395,2.3576418283923,6.12843362919447,6.41157879087757,6.40609473861885,5.11546488623418,6.14864801638775,7.08358893083011,2.48890628379951,5.40696964784825,2.72179369437074,5.53772078067445,0.722670210387477,5.91886466425402,0,0.531151227985566,0.543517545023724,1.60843777838426,1.90801843445035,8.91409737541831,5.60579215142679,5.07306083905337,2.59620515231035,4.97575110625885,5.42125373903285,5.06655271131547,4.81149151642236,6.6920979177038,7.18576086339207,5.39841687630763
5.98183831886979,2.45644192407203,6.38552758458259,6.82756993918762,6.65738889516823,5.31196211852005,6.45140067602695,7.53066213717966,2.28613404276933,5.55024374618428,2.5091380703244,5.73789588700776,0.943183306540812,6.03430638543664,0.531151227985566,0,0.918978508249641,1.31444579460064,2.39440477671952,9.29999643768118,5.50390599733521,4.91252032828573,3.07299560698516,5.50526655784948,5.9517323084098,5.59202942995625,5.23762189312624,7.22099873172832,7.71008601919548,5.75074833474903
5.73733003109086,2.8333559828419,6.46039234596887,6.54944110921235,6.74206150024843,5.50362974863301,6.43541070314476,7.16343034788955,3.03239236115243,5.83096476258498,3.26519591758263,5.92071867499527,1.21225766877572,6.35815334668352,0.543517545023724,0.918978508249641,0,2.13920379060589,1.50082984454048,9.08806970545872,6.13497685349056,5.61284779847912,2.16597298810453,4.70800669426253,5.1661104071033,4.76453209748487,4.32043811019277,6.50747442417842,7.03667879068351,4.86794731966957
5.8002801719488,1.70592367725492,5.74349683475424,6.66490343035933,5.99429892455962,4.55513076978534,5.92949238292396,7.48147908147434,1.00136845564656,4.67052323236082,1.21107585157854,4.97613356074808,1.24999649130843,5.08820667887242,1.60843777838426,1.31444579460064,2.13920379060589,0,3.45593673237645,8.98459472121941,4.25630899430654,3.62391948487231,4.14751172412186,6.24371329849472,6.65545341839045,6.39327016832064,6.40307909043646,7.75605639980568,8.16111750963197,7.00573402316811
5.1998365421677,3.55114751951776,6.41596161733568,5.91927261475602,6.70180279463903,5.69545400937208,6.24369625042984,6.36570578103704,4.19636916299483,6.1468319037132,4.42873960937874,6.0760619528208,2.26306196855706,6.71931319397967,1.90801843445035,2.39440477671952,1.50082984454048,3.45593673237645,0,8.49612448484159,6.99605161773487,6.60143031278742,0.692164557765602,3.28506026944831,3.75322397457195,3.30345980061536,2.96936737683213,5.17827133171701,5.75849836453063,3.7330442321137
3.35137925267843,7.30065146680601,3.67283103014228,2.57705930370635,3.56235284484039,4.89742027015894,3.21367805225061,2.35881472687336,8.55404803798771,5.23245161975493,8.58577038856636,4.61039565375882,8.36537856544398,5.33473303593068,8.91409737541831,9.29999643768118,9.08806970545872,8.98459472121941,8.49612448484159,0,7.72465637754566,8.2633969213723,8.53309078668048,6.80935416147403,6.607671180442,7.15837295603972,9.60483345757876,5.62442745689274,5.11874952756403,10.8229195595976
5.73238804400633,3.44502562056832,4.09418978534715,6.39044336548583,4.16690891769707,3.05542092311328,4.66454457942234,7.37079287883324,3.25610946637756,2.54944379226852,3.06120880203091,3.19847998285794,4.93343994886849,2.39524202445169,5.60579215142679,5.50390599733521,6.13497685349056,4.25630899430654,6.99605161773487,7.72465637754566,0,0.822720605217382,7.60114128441522,8.59386433591827,8.85098217836441,8.88115539433342,9.86005997975528,9.32640151116339,9.43249514876977,10.7278155875364
6.00182039888963,3.09813033386009,4.59405570090594,6.72395852742903,4.70617810564231,3.4389140484301,5.1172486999781,7.70220797436518,2.6283756603483,3.03126316021849,2.41285528876889,3.66327027350539,4.44031066495716,3.00692631355522,5.07306083905337,4.91252032828573,5.61284779847912,3.62391948487231,6.60143031278742,8.2633969213723,0.822720605217382,0,7.23784050828548,8.48501687893607,8.77822265918682,8.74939672581249,9.52476404494271,9.38551349040041,9.55079740383105,10.3279741307981
5.31636392031977,4.16117978075421,6.73138049106893,5.97155351008582,7.01469405318715,6.11233013380274,6.50030972525255,6.31684807500098,4.87386719551767,6.59980805743682,5.10513417122735,6.47364873323376,2.94675542040207,7.18051591160768,2.59620515231035,3.07299560698516,2.16597298810453,4.14751172412186,0.692164557765602,8.53309078668048,7.60114128441522,7.23784050828548,0,2.80643629071547,3.27789436573239,2.76767677352563,2.29733865391466,4.76995515710381,5.3883620645297,3.14243242062814
4.22649571256767,5.51720251837823,6.27725207313635,4.52325549359943,6.51935849837953,6.19693495466038,5.81631171364012,4.45062757654265,6.66530463064718,6.8041468922489,6.86604166791256,6.42402930268002,5.00742365540532,7.37064147163435,4.97575110625885,5.50526655784948,4.70800669426253,6.24371329849472,3.28506026944831,6.80935416147403,8.59386433591827,8.48501687893607,2.80643629071547,0,0.471691591782929,0.368652745287684,2.84693782636453,2.00024921099978,2.66221172229854,4.05474560954458
4.21859278002394,5.85829732649315,6.33704132259925,4.42618007166404,6.56737738391611,6.3493760065549,5.84349134865654,4.25472462045818,7.04147401191632,6.96503092147302,7.2370130462197,6.55042167523506,5.42716664706914,7.52097380913378,5.42125373903285,5.9517323084098,5.1661104071033,6.65545341839045,3.75322397457195,6.607671180442,8.85098217836441,8.77822265918682,3.27789436573239,0.471691591782929,0,0.637075587072137,3.17138263368966,1.55325506918305,2.23046883402947,4.35762490995253
4.59444747501691,5.74910943394715,6.63697991240551,4.88938665774387,6.88084545568903,6.53380659811246,6.18085378358461,4.79973460243654,6.85961075425724,7.13750515879331,7.06564767102884,6.76866882589692,5.14815307431625,7.70710458811478,5.06655271131547,5.59202942995625,4.76453209748487,6.39327016832064,3.30345980061536,7.15837295603972,8.88115539433342,8.74939672581249,2.76767677352563,0.368652745287684,0.637075587072137,0,2.54281697433649,2.17734404125481,2.8615802153524,3.7386250197445
6.74174253543321,6.43569650181577,8.52462046926345,7.20082153308514,8.79541190148568,8.10997589411867,8.17888608321399,7.2544855090232,7.16564277173332,8.64997321132145,7.39782628482229,8.42992355430913,5.23172140231867,9.23650477484044,4.81149151642236,5.23762189312624,4.32043811019277,6.40307909043646,2.96936737683213,9.60483345757876,9.86005997975528,9.52476404494271,2.29733865391466,2.84693782636453,3.17138263368966,2.54281697433649,0,4.64714832147487,5.34242073125298,1.21809745303571
3.99325347816329,6.70153709581338,6.20781743200449,3.88608174089934,6.39049324623837,6.52752539769438,5.62795713679423,3.39360821762701,7.99104659753407,7.15068415145964,8.16293584350866,6.63417843406064,6.58174984641861,7.65496758717122,6.6920979177038,7.22099873172832,6.50747442417842,7.75605639980568,5.17827133171701,5.62442745689274,9.32640151116339,9.38551349040041,4.76995515710381,2.00024921099978,1.55325506918305,2.17734404125481,4.64714832147487,0,0.695340139122677,5.79020043949154
3.8942395129331,7.00142361487307,6.08431151299073,3.63929780253096,6.24181514678398,6.536193521568,5.4777715110747,3.00415409329864,8.3243777539605,7.15218791757755,8.48391428489195,6.59864587183669,7.02223903120958,7.62609653465888,7.18576086339207,7.71008601919548,7.03667879068351,8.16111750963197,5.75849836453063,5.11874952756403,9.43249514876977,9.55079740383105,5.3883620645297,2.66221172229854,2.23046883402947,2.8615802153524,5.34242073125298,0.695340139122677,0,6.48418039754947
7.93459849428838,7.28286124726432,9.66029677394538,8.41188076956171,9.93516203821226,9.17650537770344,9.33926755584121,8.47238793003015,7.85449419309416,9.69380159461739,8.08902449727229,9.51411210041518,5.92450490556467,10.2786461787565,5.39841687630763,5.75074833474903,4.86794731966957,7.00573402316811,3.7330442321137,10.8229195595976,10.7278155875364,10.3279741307981,3.14243242062814,4.05474560954458,4.35762490995253,3.7386250197445,1.21809745303571,5.79020043949154,6.48418039754947,0
