0.287598957779594,0.245462410409363,0.276280454069195,0.174715648535018,0.144968134775023,0.242240197705533,0.0676437433131174,0.0658592947493473,0.189741196092466,0.0115445276403023,0.0867589225877081,0.00146381994448319,0.0267619735715865,0.0060434774865743,0.0558807331068611,0.00232430901859315,0.0656900041320863,0.17729147608419,0.143011257944464,0.0112759262404736,0.14788543217839,0.208462029449954,0.169567059414519,0.218499892118231,0.0527991551487652,0.155616600088435,0.0330648315276743,0.0580127043548955,0.285629415742676,0.286901100789553
0.245462410409363,0.547631302503243,0.443170532750521,0.161760809087777,0.119036288630997,0.300756233658052,0.267169258904183,0.263731922278686,0.19408394662137,0.111949948715378,0.0451667461489431,0.0613565539099374,0.000449821021446084,0.0898936950315057,0.0157610362777398,0.0683923446649288,0.0239967375554433,0.469776619581927,0.119461588317988,0.00348847944083452,0.425425046360066,0.509817365510212,0.459316801446465,0.520667340023319,0.237797645835226,0.438413829335849,0.18609633190351,0.250894492973689,0.520441654606146,0.511551142644017
0.276280454069195,0.443170532750521,0.50577611536176,0.223243824209576,0.178057707699614,0.357170472994158,0.172700748497071,0.169609721876925,0.256675890037076,0.0511608564727704,0.0918529151882526,0.0192330926757571,0.0154536811560675,0.0360896787975094,0.0497589577131277,0.0230831264465028,0.0628717920229374,0.369914994834293,0.179583756293905,0.00228961754196044,0.321673016054662,0.418851150655413,0.358414784736456,0.434574507595515,0.146504224915303,0.335565404721387,0.104556149513777,0.157442984465197,0.504057311199198,0.501404665760048
0.174715648535018,0.161760809087777,0.223243824209576,1.6318879843477,1.56434674115823,1.35526199100704,0.0136289823772131,0.0160616645493636,1.62678814680229,0.202100942756349,1.3628623303159,0.348921423476001,0.948508376178866,0.2748222790438,1.1957358011063,0.334385508129562,1.26841094771746,0.0942715985115194,1.58442402244171,0.778120049374268,0.0397419054558044,0.178286337381337,0.0801020563099932,0.223185614575307,0.0437486889863994,0.0531862612555578,0.103146219525765,0.0341265425465753,0.760012054613573,0.808481252888376
0.144968134775023,0.119036288630997,0.178057707699614,1.56434674115823,2.33021216168844,1.42200876862035,0.0725267527803086,0.0796941331195913,2.10181783442144,0.413647232593565,2.10139020034741,0.644118959311499,1.53838779864542,0.541250068507753,1.88940188202298,0.628917990258144,1.99150470213396,0.0423827020340446,2.32789933259549,1.30375485597909,0.00644494222172654,0.114469272640835,0.0307969870298237,0.15617231852118,0.15412540603448,0.0129896945596975,0.270646942964333,0.134532890142157,0.750885128618469,0.809396884054655
0.242240197705533,0.300756233658052,0.357170472994158,1.35526199100704,1.42200876862035,2.12528363747189,0.0261146928675529,0.0235570313379831,1.83536575439274,0.0414578029537704,1.20177805455497,0.13170236281578,0.681418463618339,0.0795250069936548,0.981763947123019,0.119813548380734,1.08691162682887,0.387283374313505,1.65203288295545,0.501653413135531,0.268313225405268,0.543601762531418,0.371751185675263,0.642692127936169,0.00744040357419085,0.311975585539939,0.0015376657913766,0.0134851999087653,1.44450565210067,1.50807237995002
0.0676437433131174,0.267169258904183,0.172700748497071,0.0136289823772131,0.0725267527803086,0.0261146928675529,3.57877365669788,3.57427012108221,0.00865364891820919,2.56129415050922,0.385298759318485,2.13999728520269,1.04028864465701,2.55268416735799,0.687302815895031,2.28960536482393,0.616799874982571,2.30025276766425,0.12585944846334,1.42495373882123,2.8555561040278,1.81174018292318,2.62970406272503,1.87359853966186,3.54016713814089,2.87326583410665,3.37933963545844,3.56183077236389,0.651780900749096,0.581383513461592
0.0658592947493473,0.263731922278686,0.169609721876925,0.0160616645493636,0.0796941331195913,0.0235570313379831,3.57427012108221,3.78777790902427,0.0109794763889313,2.6713168261791,0.411930421783852,2.23773727890653,1.09943652669185,2.68295624273762,0.731143111659637,2.4008979618516,0.658470737855532,2.34282417069267,0.138807103779358,1.50501308313908,2.94174812232489,1.83511056562042,2.70544747601227,1.90764130880507,3.75367475725701,2.97279233114353,3.58535646060977,3.77468642296267,0.65291743893472,0.581280013820214
0.189741196092466,0.19408394662137,0.256675890037076,1.62678814680229,2.10181783442144,1.83536575439274,0.00865364891820919,0.0109794763889313,2.75058033879881,0.239550162542946,2.03188737075303,0.437442601479534,1.33930305151391,0.342955872648046,1.76634668738021,0.421877582019402,1.91504517384901,0.167597373803246,2.56666112192339,1.08561604688418,0.08186931568591,0.293597064090831,0.150476109506576,0.372697978601798,0.0422951597591696,0.107043071416645,0.118049978342221,0.03097546539093,1.18467859071769,1.25751302682986
0.0115445276403023,0.111949948715378,0.0511608564727704,0.202100942756349,0.413647232593565,0.0414578029537704,2.56129415050922,2.6713168261791,0.239550162542946,3.85820248449281,1.11915304692982,3.40713226790266,2.11591821910134,3.79210372757838,1.63671805355598,3.58648959955713,1.55227905635663,1.35584712683807,0.655285379086357,2.63688552584208,1.83837973308813,0.973191715016733,1.61883425174826,0.982979722873199,3.41726813336954,1.85820559633453,3.69166989659567,3.37543815685451,0.158857253178834,0.124498894610011
0.0867589225877081,0.0451667461489431,0.0918529151882526,1.3628623303159,2.10139020034741,1.20177805455497,0.385298759318485,0.411930421783852,2.03188737075303,1.11915304692982,4.19628970685813,1.55534780589102,3.23298588094706,1.42971389243374,3.90240017923271,1.5662209855327,4.07796199498587,0.00573473707219208,3.52574485490081,2.87596268473519,0.0567634150143776,0.00766568305991289,0.0163387579826635,0.0209687613262242,0.692846752427498,0.0434070985739723,0.974382957574888,0.654042055577741,0.523683752244888,0.584752875801622
0.00146381994448319,0.0613565539099374,0.0192330926757571,0.348921423476001,0.644118959311499,0.13170236281578,2.13999728520269,2.23773727890653,0.437442601479534,3.40713226790266,1.55534780589102,4.03198734015407,2.69462199377555,3.90386694221565,2.17288396239509,4.01640764352209,2.08864011866866,1.00256999259823,1.01637398971441,3.25937392023561,1.42611791804529,0.675483689934656,1.22063001167957,0.66843213728035,3.04922215900308,1.43530077068499,3.4349099643546,3.00788473922089,0.0462058654961921,0.028601672976321
0.0267619735715865,0.000449821021446084,0.0154536811560675,0.948508376178866,1.53838779864542,0.681418463618339,1.04028864465701,1.09943652669185,1.33930305151391,2.11591821910134,3.23298588094706,2.69462199377555,4.8203036895134,2.62921254438224,4.21924234022062,2.76663985060608,4.15771143203141,0.236840498386135,2.56263865123391,4.4560075090511,0.45470816450407,0.0943631175394453,0.322400874171509,0.0738200481175504,1.71213869437586,0.436695881039427,2.13946464574049,1.67110471516228,0.121066495947082,0.154511322351989
0.0060434774865743,0.0898936950315057,0.0360896787975094,0.2748222790438,0.541250068507753,0.0795250069936548,2.55268416735799,2.68295624273762,0.342955872648046,3.79210372757838,1.42971389243374,3.90386694221565,2.62921254438224,4.76473456183718,2.07893344661101,4.28685236917119,1.99669616841066,1.30935445342641,0.888850038235318,3.28921351285477,1.83692919631955,0.9108773746948,1.60412997354908,0.924818645667011,3.81997647477835,1.87483752353252,4.27126775138796,3.78392689246009,0.111163428201311,0.0814563951678551
0.0558807331068611,0.0157610362777398,0.0497589577131277,1.1957358011063,1.88940188202298,0.981763947123019,0.687302815895031,0.731143111659637,1.76634668738021,1.63671805355598,3.90240017923271,2.17288396239509,4.21924234022062,2.07893344661101,5.1241747592022,2.22092352977855,5.03935615738579,0.0743142189048811,3.30390603079453,3.8803673607851,0.205811574182066,0.00924098559222131,0.116390816002866,0.00221688595698399,1.20211473120121,0.185999706092759,1.58566555785681,1.15988148783811,0.324966000455413,0.377180736962829
0.00232430901859315,0.0683923446649288,0.0230831264465028,0.334385508129562,0.628917990258144,0.119813548380734,2.28960536482393,2.4008979618516,0.421877582019402,3.58648959955713,1.5662209855327,4.01640764352209,2.76663985060608,4.28685236917119,2.22092352977855,4.429479648056,2.13837741708978,1.10179380837725,1.01370826968314,3.39732460883579,1.56684688027897,0.747609699103036,1.34917438895417,0.747250259429685,3.36347943758659,1.58684369268058,3.79422146946146,3.32475314225664,0.0609650786871168,0.0399736343315711
0.0656900041320863,0.0239967375554433,0.0628717920229374,1.26841094771746,1.99150470213396,1.08691162682887,0.616799874982571,0.658470737855532,1.91504517384901,1.55227905635663,4.07796199498587,2.08864011866866,4.15771143203141,1.99669616841066,5.03935615738579,2.13837741708978,5.62276183917026,0.0462454661584744,3.62317146336537,3.84734884969995,0.158031237792711,0.00135512539376048,0.0792491602239629,0.000288096685269856,1.11730610364886,0.13885629490625,1.50324815878305,1.07507162212592,0.412270523991418,0.471064036571758
0.17729147608419,0.469776619581927,0.369914994834293,0.0942715985115194,0.0423827020340446,0.387283374313505,2.30025276766425,2.34282417069267,0.167597373803246,1.35584712683807,0.00573473707219208,1.00256999259823,0.236840498386135,1.30935445342641,0.0743142189048811,1.10179380837725,0.0462454661584744,3.96176926559018,0.0468746661813828,0.445149075682962,3.76024666714281,3.27187058135389,3.94459853280516,3.50676383003369,2.64193983239415,3.87777841605469,2.26678857434962,2.77953888020672,1.78994356405855,1.67207684898966
0.143011257944464,0.119461588317988,0.179583756293905,1.58442402244171,2.32789933259549,1.65203288295545,0.12585944846334,0.138807103779358,2.56666112192339,0.655285379086357,3.52574485490081,1.01637398971441,2.56263865123391,0.888850038235318,3.30390603079453,1.01370826968314,3.62317146336537,0.0468746661813828,4.69579446877943,2.20578974348199,0.00413450508864965,0.139996007231713,0.0331643030408104,0.202242575231524,0.286319210267644,0.0113015431561534,0.489001583024123,0.255763008980575,1.03969318264996,1.12090100366924
0.0112759262404736,0.00348847944083452,0.00228961754196044,0.778120049374268,1.30375485597909,0.501653413135531,1.42495373882123,1.50501308313908,1.08561604688418,2.63688552584208,2.87596268473519,3.25937392023561,4.4560075090511,3.28921351285477,3.8803673607851,3.39732460883579,3.84734884969995,0.445149075682962,2.20578974348199,5.37848926730146,0.754859018579427,0.229589210422271,0.583712648423234,0.206708756405252,2.34499123783324,0.746922057354255,2.84890577394945,2.31042955265026,0.0347419845994903,0.0545448588470103
0.14788543217839,0.425425046360066,0.321673016054662,0.0397419054558044,0.00644494222172654,0.268313225405268,2.8555561040278,2.94174812232489,0.08186931568591,1.83837973308813,0.0567634150143776,1.42611791804529,0.45470816450407,1.83692919631955,0.205811574182066,1.56684688027897,0.158031237792711,3.76024666714281,0.00413450508864965,0.754859018579427,4.82503232889785,3.0712073599832,4.56411558654227,3.408651825802,3.5579564815449,4.80495936562015,3.10475981059908,3.74025595055866,1.58882499075248,1.47055435615716
0.208462029449954,0.509817365510212,0.418851150655413,0.178286337381337,0.114469272640835,0.543601762531418,1.81174018292318,1.83511056562042,0.293597064090831,0.973191715016733,0.00766568305991289,0.675483689934656,0.0943631175394453,0.9108773746948,0.00924098559222131,0.747609699103036,0.00135512539376048,3.27187058135389,0.139996007231713,0.229589210422271,3.0712073599832,3.54566369561098,3.32500433359852,3.52251743866949,2.0116899985995,3.22595172185242,1.68150770452906,2.1292262569621,2.06327326582123,1.94389993089824
0.169567059414519,0.459316801446465,0.358414784736456,0.0801020563099932,0.0307969870298237,0.371751185675263,2.62970406272503,2.70544747601227,0.150476109506576,1.61883425174826,0.0163387579826635,1.22063001167957,0.322400874171509,1.60412997354908,0.116390816002866,1.34917438895417,0.0792491602239629,3.94459853280516,0.0331643030408104,0.583712648423234,4.56411558654227,3.32500433359852,5.09131714759472,3.80538891814766,3.31580609332624,4.9810525030745,2.84839334339401,3.51614943423831,1.88099685077003,1.75167689785531
0.218499892118231,0.520667340023319,0.434574507595515,0.223185614575307,0.15617231852118,0.642692127936169,1.87359853966186,1.90764130880507,0.372697978601798,0.982979722873199,0.0209687613262242,0.66843213728035,0.0738200481175504,0.924818645667011,0.00221688595698399,0.747250259429685,0.000288096685269856,3.50676383003369,0.202242575231524,0.206708756405252,3.408651825802,3.52251743866949,3.80538891814766,4.38143955192959,2.19574973873959,3.69914884086549,1.81180066064259,2.34644750036666,2.4163601112553,2.27782584620273
0.0527991551487652,0.237797645835226,0.146504224915303,0.0437486889863994,0.15412540603448,0.00744040357419085,3.54016713814089,3.75367475725701,0.0422951597591696,3.41726813336954,0.692846752427498,3.04922215900308,1.71213869437586,3.81997647477835,1.20211473120121,3.36347943758659,1.11730610364886,2.64193983239415,0.286319210267644,2.34499123783324,3.5579564815449,2.0116899985995,3.31580609332624,2.19574973873959,6.86577362510555,3.815587067079,6.25471087132709,6.82353003485429,0.670980885083766,0.587953883174433
0.155616600088435,0.438413829335849,0.335565404721387,0.0531862612555578,0.0129896945596975,0.311975585539939,2.87326583410665,2.97279233114353,0.107043071416645,1.85820559633453,0.0434070985739723,1.43530077068499,0.436695881039427,1.87483752353252,0.185999706092759,1.58684369268058,0.13885629490625,3.87777841605469,0.0113015431561534,0.746922057354255,4.80495936562015,3.22595172185242,4.9810525030745,3.69914884086549,3.815587067079,5.63474267996422,3.30381645874221,4.05248211437071,1.77145273976905,1.6429085623151
0.0330648315276743,0.18609633190351,0.104556149513777,0.103146219525765,0.270646942964333,0.0015376657913766,3.37933963545844,3.58535646060977,0.118049978342221,3.69166989659567,0.974382957574888,3.4349099643546,2.13946464574049,4.27126775138796,1.58566555785681,3.79422146946146,1.50324815878305,2.26678857434962,0.489001583024123,2.84890577394945,3.10475981059908,1.68150770452906,2.84839334339401,1.81180066064259,6.25471087132709,3.30381645874221,7.01613998414136,6.33120541120493,0.453014655767769,0.385049926335997
0.0580127043548955,0.250894492973689,0.157442984465197,0.0341265425465753,0.134532890142157,0.0134851999087653,3.56183077236389,3.77468642296267,0.03097546539093,3.37543815685451,0.654042055577741,3.00788473922089,1.67110471516228,3.78392689246009,1.15988148783811,3.32475314225664,1.07507162212592,2.77953888020672,0.255763008980575,2.31042955265026,3.74025595055866,2.1292262569621,3.51614943423831,2.34644750036666,6.82353003485429,4.05248211437071,6.33120541120493,7.44357244142189,0.746874615820455,0.657991677975631
0.285629415742676,0.520441654606146,0.504057311199198,0.760012054613573,0.750885128618469,1.44450565210067,0.651780900749096,0.65291743893472,1.18467859071769,0.158857253178834,0.523683752244888,0.0462058654961921,0.121066495947082,0.111163428201311,0.324966000455413,0.0609650786871168,0.412270523991418,1.78994356405855,1.03969318264996,0.0347419845994903,1.58882499075248,2.06327326582123,1.88099685077003,2.4163601112553,0.670980885083766,1.77145273976905,0.453014655767769,0.746874615820455,3.82422378577257,3.66963092404522
0.286901100789553,0.511551142644017,0.501404665760048,0.808481252888376,0.809396884054655,1.50807237995002,0.581383513461592,0.581280013820214,1.25751302682986,0.124498894610011,0.584752875801622,0.028601672976321,0.154511322351989,0.0814563951678551,0.377180736962829,0.0399736343315711,0.471064036571758,1.67207684898966,1.12090100366924,0.0545448588470103,1.47055435615716,1.94389993089824,1.75167689785531,2.27782584620273,0.587953883174433,1.6429085623151,0.385049926335997,0.657991677975631,3.66963092404522,3.7669588163855
